-8.17755 -2.97317
-8.06076 -2.82462
-7.70939 -4.40792
-7.63957 -3.75068
-7.58678 -7.58637
-7.58611 -7.3979
-7.57797 -5.4341
-7.57783 -7.06475
-7.3973 -7.33342
-7.39727 -7.13134
-7.39664 -6.87087
-7.32573 -6.8713
-7.32561 -7.06508
-7.32541 -2.50782
-7.20425 -7.1393
-7.20379 -7.07219
-7.20356 -6.73324
-7.13862 -6.99841
-7.13858 -6.87112
-7.13077 -6.79539
-7.07237 -7.00589
-7.07226 -7.00592
-7.06483 -7.06481
-7.0056 -6.87112
-7.00523 -6.87061
-6.99818 -6.72587
-6.86971 -6.30276
-6.86281 -6.79486
-6.80172 -6.73284
-6.80134 -6.59262
-6.79421 -6.72568
-6.73204 -6.59192
-6.66236 -6.59238
-6.59177 -6.52094
-6.59163 -6.59155
-6.59151 -6.52032
-6.59136 -6.22834
-6.5911 -6.30246
-6.51972 -5.60069
-6.5197 -6.22816
-6.51324 -4.89514
-6.30205 -6.22772
-6.30151 -5.68301
-6.22758 -6.1528
-6.22758 -6.0001
-6.22754 -6.1528
-6.22736 -5.92264
-6.22119 -5.99374
-6.22115 -5.9155
-6.22109 -6.14642
-6.21676 -5.42795
-6.15239 -5.92213
-6.15219 -5.84377
-6.14603 -5.84376
-6.07632 -5.99981
-6.0762 -5.92179
-6.07604 -5.92186
-6.06568 -5.3382
-6.06561 -5.42757
-5.99954 -5.92228
-5.99949 -5.9158
-5.99929 -5.68309
-5.99918 -5.68292
-5.99899 -5.68288
-5.99288 -5.91555
-5.92159 -5.91562
-5.92152 -5.68288
-5.92146 -5.68309
-5.92145 -5.60053
-5.92137 -5.34834
-5.92137 -5.68299
-5.92135 -5.51823
-5.92119 -5.91554
-5.92109 -5.68246
-5.91544 -5.91151
-5.91511 -5.67648
-5.91508 -5.83263
-5.91501 -5.67632
-5.91492 -5.91126
-5.84275 -5.60144
-5.84261 -5.60066
-5.84243 -5.68199
-5.83662 -5.68238
-5.83629 -5.34209
-5.68241 -5.60107
-5.68232 -5.60059
-5.68216 -5.4338
-5.68215 -5.51779
-5.68206 -5.68177
-5.68197 -5.60049
-5.68188 -5.60054
-5.68169 -5.43383
-5.68161 -5.6004
-5.68157 -5.43357
-5.68137 -5.26152
-5.68132 -5.34821
-5.67621 -5.51131
-5.6761 -5.5943
-5.67604 -5.34871
-5.676 -5.51154
-5.67599 -5.34235
-5.67594 -5.42755
-5.67592 -5.42748
-5.67569 -5.42752
-5.67192 -4.19929
-5.60056 -5.51863
-5.6004 -5.6004
-5.59991 -5.43324
-5.59978 -5.43319
-5.5942 -5.51133
-5.51735 -5.43351
-5.51717 -5.43351
-5.51131 -5.34221
-5.51106 -5.25572
-5.5073 -4.50924
-5.43249 -5.34788
-5.42697 -5.25532
-5.42687 -4.51429
-5.3477 -5.26196
-5.26075 -4.99383
-5.2607 -4.99372
-5.26069 -4.99372
-5.26063 -4.99362
-5.26044 -5.17308
-5.25536 -5.25536
-5.25497 -5.16764
-5.25492 -4.98772
-5.25488 -4.70624
-5.25462 -4.89515
-5.17299 -5.17287
-5.17279 -5.17263
-5.16723 -5.16403
-4.99302 -4.90162
-4.99295 -4.90162
-4.9927 -4.90095
-4.99255 -4.90038
-4.99206 -4.61412
-4.98741 -4.89557
-4.98391 -4.89174
-4.90003 -4.61411
-4.89962 -4.61381
-4.8993 -4.61363
-4.89502 -4.89496
-4.89495 -4.70591
-4.89489 -4.6085
-4.89475 -4.60882
-4.71087 -4.61419
-4.71081 -4.61397
-4.71078 -4.61435
-4.71071 -4.61409
-4.7107 -4.61405
-4.71069 -4.61409
-4.71068 -4.61405
-4.71026 -4.51398
-4.71 -4.20444
-4.70562 -4.6084
-4.7054 -4.40812
-4.61346 -4.60885
-4.61332 -4.51513
-4.61324 -4.51471
-4.61323 -4.61313
-4.61321 -4.60884
-4.61313 -4.51393
-4.61309 -4.51493
-4.61306 -4.51495
-4.61295 -3.25142
-4.61274 -4.5143
-4.61255 -4.51406
-4.61243 -4.51348
-4.60809 -4.5092
-4.60793 -4.40821
-4.51374 -4.41312
-4.50918 -4.50899
-4.50575 -3.24825
-4.41241 -4.20367
-4.41231 -4.20383
-4.41203 -4.20337
-4.41184 -4.09585
-4.41171 -4.20299
-4.41163 -4.09567
-4.20345 -4.09616
-4.20342 -4.09593
-4.20324 -4.09573
-4.20315 -4.09561
-4.20314 -4.0956
-4.20312 -4.0956
-4.20311 -3.8719
-4.20299 -3.87178
-4.20296 -4.09551
-4.20278 -3.63519
-4.20278 -3.63528
-4.20275 -3.63523
-4.20267 -3.63519
-4.20267 -3.63489
-4.20256 -3.63488
-4.20248 -3.63488
-4.19871 -3.98068
-4.19868 -3.98065
-4.09493 -4.09479
-4.0948 -3.8713
-4.09478 -3.75488
-4.09478 -3.871
-4.09473 -3.50996
-4.09468 -3.63506
-4.09453 -3.98456
-4.09452 -3.63495
-4.0945 -3.6348
-4.09443 -3.75449
-4.09441 -3.75468
-4.09439 -3.63486
-4.09421 -3.75458
-3.98442 -3.98065
-3.9844 -3.87133
-3.984 -3.98371
-3.98391 -3.8708
-3.98379 -3.9837
-3.98376 -3.75432
-3.98368 -3.87057
-3.98343 -3.11447
-3.98011 -3.75086
-3.87061 -3.63468
-3.87054 -3.6347
-3.87051 -3.75393
-3.87051 -3.63475
-3.87032 -3.63446
-3.87026 -3.63463
-3.87014 -3.63438
-3.86993 -3.25176
-3.86988 -3.63428
-3.86625 -3.75005
-3.75433 -3.75068
-3.75408 -3.75397
-3.75395 -3.63444
-3.75385 -3.6345
-3.75372 -3.63462
-3.7535 -3.63398
-3.75337 -3.63438
-3.75332 -3.63464
-3.75329 -3.63381
-3.75319 -3.63426
-3.74988 -3.63108
-3.74962 -3.50712
-3.63424 -3.63417
-3.63417 -3.63406
-3.63412 -3.63403
-3.63411 -3.63381
-3.63407 -3.63379
-3.63402 -3.63401
-3.63392 -3.25235
-3.63384 -3.25233
-3.63368 -3.25233
-3.63367 -3.25209
-3.63364 -3.63358
-3.63362 -3.50719
-3.63358 -3.2521
-3.63358 -3.51058
-3.63354 -3.25208
-3.63353 -3.51106
-3.63353 -3.51086
-3.63352 -3.51132
-3.63352 -3.51048
-3.6335 -3.25194
-3.63347 -3.25195
-3.63345 -3.51057
-3.63343 -3.25194
-3.6334 -3.25229
-3.63337 -3.25194
-3.63336 -3.25196
-3.63333 -3.25193
-3.63331 -3.2519
-3.63328 -3.25179
-3.63327 -2.97397
-3.63308 -3.25205
-3.63307 -3.25181
-3.63305 -2.97382
-3.63305 -3.25193
-3.63299 -3.25163
-3.6329 -3.25134
-3.63286 -3.1148
-3.62997 -3.24833
-3.62995 -3.25118
-3.62951 -3.115
-3.51001 -3.25186
-3.50994 -3.25173
-3.50681 -3.50668
-3.50628 -3.11178
-3.25131 -3.11595
-3.25131 -3.25128
-3.25126 -2.97342
-3.25125 -3.11519
-3.25125 -2.97364
-3.25122 -2.97364
-3.25119 -2.97361
-3.25109 -3.11528
-3.25106 -3.1147
-3.25104 -3.11487
-3.25103 -2.9733
-3.251 -2.97335
-3.25099 -3.11508
-3.25095 -3.11501
-3.25093 -3.11522
-3.25089 -3.11538
-3.25087 -3.11521
-3.25085 -3.11548
-3.25082 -2.97317
-3.25071 -2.97294
-3.25063 -2.97317
-3.25059 -3.11488
-3.25056 -3.11476
-3.25055 -3.11447
-3.25053 -2.97237
-3.25052 -2.82537
-3.25048 -2.82532
-3.25047 -2.8256
-3.25037 -3.11452
-3.24807 -3.11214
-3.24562 0.914085
-3.11468 -2.97336
-3.11455 -2.97336
-3.11449 -3.11449
-3.11426 -2.82538
-3.11422 -2.8253
-3.11421 -3.1115
-3.11419 -2.82519
-3.11419 -2.82588
-3.11419 -2.97289
-3.1141 -2.67076
-3.11404 -3.11402
-3.11401 -2.97235
-3.11399 -2.82552
-3.11395 -2.82557
-3.11392 -2.67081
-3.11384 -2.82567
-3.11376 -2.82481
-3.11086 -1.50389
-2.97269 -2.82579
-2.97253 -2.82555
-2.97251 -2.67049
-2.97247 -2.82513
-2.97244 -2.82532
-2.97237 -2.82519
-2.97236 -2.82542
-2.9723 -2.82511
-2.97221 -2.8247
-2.97215 -2.82501
-2.97164 -2.82463
-2.96951 -2.66782
-2.96926 -2.50504
-2.82491 -2.67082
-2.82489 -2.67102
-2.82483 -2.82446
-2.82479 -2.67064
-2.82477 -2.82466
-2.82474 -2.50845
-2.82474 -2.67105
-2.82469 -2.50829
-2.82469 -2.67047
-2.82464 -2.67044
-2.82459 -2.50792
-2.82451 -2.50782
-2.82449 -2.67113
-2.82442 -2.6705
-2.82437 -2.67033
-2.82432 -2.67059
-2.82424 -2.67068
-2.82417 -2.50776
-2.8241 -2.50767
-2.82197 -2.6694
-2.82176 -2.66756
-2.82001 -2.50467
-2.81873 -2.33101
-2.67013 -2.67002
-2.67007 -2.50851
-2.67 -2.508
-2.66995 -2.5081
-2.66963 -2.33577
-2.6672 -2.50695
-2.66683 -2.5047
-2.5072 -2.507
-2.50715 -2.33621
-2.50707 -2.33599
-2.50705 -2.50685
-2.5069 -2.33619
-2.50687 -2.33544
-2.50685 -2.33538
-2.50684 -2.50669
-2.50676 -2.3361
-2.50676 -2.33549
-2.50671 -2.50642
-2.50669 -2.33545
-2.50666 -2.33534
-2.50665 -2.50664
-2.50661 -2.33524
-2.50658 -2.33556
-2.50655 -2.33555
-2.50655 -2.33555
-2.50652 -2.33481
-2.50648 -2.33562
-2.50644 -2.33549
-2.50634 -1.95591
-2.50634 -2.33477
-2.50628 -2.33474
-2.50623 -2.33529
-2.50622 -2.33529
-2.33461 -1.95609
-2.33461 -1.95543
-2.33458 -1.95567
-2.33447 -1.95564
-2.33446 -1.95563
-2.33443 -1.95571
-2.33442 -1.95553
-2.33437 -1.95521
-2.33428 -1.95562
-2.33425 -1.95538
-2.33413 -1.95521
-2.33411 -1.95574
-2.33382 -1.95495
-2.33378 -1.74121
-1.95469 -1.74139
-1.95464 -1.74172
-1.95451 -1.74187
-1.9545 -1.74175
-1.95412 -1.74103
-1.95409 -1.74126
-1.95239 -1.50217
-1.74042 -1.50492
-1.73981 -1.50402
-1.73885 -1.73883
-1.73884 -1.50396
-1.73853 0.499808
-1.73834 -1.50243
-1.73824 -1.50218
-1.50318 -1.23582
-1.50221 -1.5022
-1.23463 -0.917318
-1.23403 -1.23399
-0.500192 -0.500192
