-10.99 -2.50872
-10.9756 -10.9319
-10.9024 -10.3603
-10.9019 -10.589
-10.7246 -10.5896
-10.6344 -10.5896
-10.5888 -10.2204
-10.5887 -10.3141
-10.5432 -10.3602
-10.5432 -10.4064
-10.4058 -10.3135
-10.3593 -10.2197
-10.3583 -2.8272
-10.3454 -10.2995
-10.3128 -10.0303
-10.3127 -10.2197
-10.2886 -5.52307
-10.219 -9.88579
-10.2187 -10.1722
-10.2185 -9.88579
-10.2183 -9.88531
-10.1715 -9.98217
-10.1574 -9.82307
-10.0292 -9.83664
-10.0289 -9.88564
-9.98091 -9.788
-9.93293 -9.73887
-9.8846 -9.78827
-9.88455 -9.59052
-9.78661 -9.73812
-9.78647 -9.59011
-9.73826 -9.64014
-9.58942 -9.58941
-9.48789 -9.42509
-9.47621 -9.4261
-9.43795 -9.38802
-9.38644 -3.63645
-9.33592 -8.97231
-9.32257 -6.30847
-9.23256 -8.97141
-9.18068 -9.0242
-9.17986 -8.53556
-9.02383 -8.91754
-9.02377 -8.97171
-9.01129 -7.88843
-8.97085 -8.81035
-8.97017 -8.59118
-8.97009 -8.53566
-8.9698 -8.64589
-8.91636 -8.7011
-8.80952 -8.75664
-8.75506 -8.59118
-8.74315 -7.82802
-8.74301 -8.57931
-8.74284 -8.57888
-8.74273 -8.6887
-8.70007 -8.31001
-8.69999 -8.53549
-8.64609 -8.53574
-8.59091 -8.57931
-8.59007 -2.82733
-8.58976 -8.53427
-8.53444 -8.47932
-8.53408 -8.36614
-8.52253 -4.51687
-8.52247 -8.29764
-8.47857 -8.25238
-8.36464 -7.83871
-8.35442 -8.18309
-8.30872 -8.25153
-8.30858 -7.77886
-8.30826 -8.30823
-8.30822 -8.13568
-8.30813 -8.01894
-8.29718 -8.06636
-8.25076 -8.13616
-8.19342 -8.13568
-8.19257 -8.018
-8.1356 -8.07779
-8.13534 -8.01902
-8.13523 -8.07777
-8.13515 -8.12457
-8.13513 -8.01824
-8.1349 -7.83898
-8.1348 -7.8392
-8.13433 -7.65619
-8.07706 -8.06636
-8.07661 -8.01842
-8.07632 -7.89962
-8.07627 -7.83889
-8.07592 -7.71751
-7.89777 -3.11712
-7.89766 -7.59307
-7.83799 -7.7776
-7.82766 -7.76752
-7.7775 -7.59364
-7.77723 -3.63648
-7.7668 -2.67288
-7.76663 -7.34022
-7.76657 -7.58258
-7.71587 -7.40493
-7.65525 -7.59372
-7.65515 -7.59376
-7.65491 -7.33947
-7.65488 -7.4047
-7.65487 -7.59384
-7.65459 -7.59375
-7.65447 -7.59278
-7.65422 -7.59278
-7.65416 -4.20662
-7.6443 -7.53086
-7.5926 -7.40488
-7.59257 -7.53044
-7.59255 -7.34076
-7.59236 -7.34002
-7.59229 -7.14478
-7.59208 -7.40407
-7.58219 -3.51377
-7.58203 -7.33014
-7.58181 -6.0819
-7.53075 -7.53062
-7.53043 -7.34136
-7.5304 -7.40475
-7.52987 -7.40408
-7.52929 -7.4037
-7.51979 -3.63663
-7.51969 -4.61727
-7.51965 -7.51963
-7.40407 -7.34094
-7.40399 -7.34025
-7.40367 -6.59825
-7.40364 -7.21109
-7.40349 -3.63745
-7.40301 -7.34024
-7.40291 -6.87737
-7.39343 -6.00571
-7.33991 -7.07876
-7.33982 -7.01175
-7.33963 -7.01269
-7.3396 -7.33958
-7.33959 -7.21158
-7.33936 -7.01269
-7.33934 -7.21001
-7.33921 -7.21019
-7.33919 -6.87709
-7.339 -5.92691
-7.33897 -7.21046
-7.33889 -7.01157
-7.33887 -6.87722
-7.32939 -5.92749
-7.32928 -3.6376
-7.21043 -7.0792
-7.21033 -7.14633
-7.21029 -7.14576
-7.21018 -7.0792
-7.21005 -7.07917
-7.20998 -7.14537
-7.20995 -6.87722
-7.2098 -6.87714
-7.20977 -7.14512
-7.2096 -6.8774
-7.20946 -7.01225
-7.20935 -7.14449
-7.20933 -7.01195
-7.20921 -6.59844
-7.20019 -6.87688
-7.20016 -7.00212
-7.13493 -7.13489
-7.13487 -6.80837
-7.07891 -7.01301
-7.07862 -7.01197
-7.07838 -7.01215
-7.07803 -6.87685
-7.07795 -6.87619
-7.07794 -4.90505
-7.07785 -6.87655
-7.07777 -6.8766
-7.07767 -6.66908
-7.07765 -5.68792
-7.0776 -6.87609
-7.07733 -6.87655
-7.06859 -6.80763
-7.0684 -6.79905
-7.0683 -3.75741
-7.01112 -6.66847
-7.01105 -6.80803
-7.01077 -6.59858
-7.00158 -6.8671
-6.87627 -6.80897
-6.87626 -6.59914
-6.87624 -6.80909
-6.8762 -6.59865
-6.87619 -6.5277
-6.87618 -6.59865
-6.87614 -6.7395
-6.87613 -6.59886
-6.87612 -6.73895
-6.8761 -6.79905
-6.87604 -6.80748
-6.87593 -6.80838
-6.87592 -6.66817
-6.87588 -6.66893
-6.87584 -6.80795
-6.8757 -6.59815
-6.87562 -6.59803
-6.87558 -6.52714
-6.87532 -6.80732
-6.87503 -6.52681
-6.86676 -6.79915
-6.80756 -6.59826
-6.80751 -6.66963
-6.80751 -6.80702
-6.80747 -6.73829
-6.8074 -5.35344
-6.80736 -6.66966
-6.80728 -6.59827
-6.80716 -6.52746
-6.80706 -6.59872
-6.80703 -6.59814
-6.80698 -6.59821
-6.80695 -6.45458
-6.80682 -6.59811
-6.80675 -6.52707
-6.80662 -6.45442
-6.80639 -6.59869
-6.80634 -6.52597
-6.79793 -6.58953
-6.79776 -4.4103
-6.73843 -6.73838
-6.73792 -6.59776
-6.73745 -5.60491
-6.73717 -5.43824
-6.72886 -6.4457
-6.72836 -6.51731
-6.66879 -6.59923
-6.6686 -6.59848
-6.66843 -6.66836
-6.66818 -6.58913
-6.66805 -6.59848
-6.66802 -6.59803
-6.668 -6.59791
-6.66788 -6.59901
-6.6678 -6.59838
-6.66778 -6.45449
-6.66774 -6.59765
-6.66768 -6.59765
-6.66767 -6.59766
-6.6676 -6.59719
-6.66739 -6.23378
-6.65938 -6.58926
-6.65909 -6.58913
-6.65883 -5.6871
-6.59809 -6.45524
-6.59803 -6.4551
-6.59792 -6.45512
-6.59792 -6.45525
-6.59783 -6.45479
-6.5978 -6.52744
-6.59773 -6.59714
-6.5977 -6.52775
-6.59769 -6.52746
-6.59769 -6.52705
-6.59767 -6.52662
-6.59764 -6.52708
-6.59761 -6.45408
-6.59757 -6.45427
-6.59757 -6.52659
-6.59751 -6.45412
-6.59723 -6.52726
-6.59721 -6.52572
-6.59713 -6.52659
-6.59712 -4.90498
-6.59708 -6.59698
-6.59704 -6.52608
-6.59701 -6.52662
-6.59699 -6.30811
-6.59695 -6.52686
-6.59691 -6.52673
-6.59691 -6.52693
-6.59678 -6.2344
-6.59653 -6.0054
-6.59645 -6.45456
-6.59619 -6.52622
-6.58861 -6.51837
-6.58831 -6.51728
-6.58828 -6.07424
-6.58828 -6.22542
-6.58818 -6.51756
-6.58817 -6.00594
-6.58806 -6.22507
-6.52656 -6.52641
-6.52598 -6.4534
-6.52597 -6.23462
-6.52593 -6.30895
-6.52589 -6.45466
-6.52584 -6.30886
-6.52581 -5.9274
-6.52569 -6.2338
-6.52567 -6.45364
-6.52557 -6.23358
-6.52541 -6.23404
-6.52537 -6.23359
-6.52523 -6.23367
-6.52521 -6.45338
-6.52519 -6.23355
-6.52515 -6.15873
-6.52491 -4.99785
-6.52475 -5.68842
-6.52469 -6.08228
-6.52461 -6.00532
-6.51728 -6.51727
-6.51726 -6.0054
-6.51719 -6.22519
-6.51699 -6.23369
-6.51688 -5.60585
-6.51662 -6.15842
-6.51656 -4.51623
-6.45378 -6.23332
-6.45376 -6.4536
-6.45371 -6.08303
-6.4537 -6.23352
-6.4536 -6.23389
-6.45309 -6.15829
-6.45307 -5.9279
-6.45294 -6.2332
-6.45289 -6.00536
-6.45288 -6.23366
-6.45262 -4.71537
-6.30807 -6.23472
-6.30803 -6.23494
-6.3076 -6.23355
-6.30755 -6.22513
-6.30749 -6.23393
-6.30749 -6.23368
-6.30745 -6.23428
-6.3074 -5.99751
-6.30737 -6.23371
-6.30734 -6.23355
-6.30732 -6.23396
-6.3073 -6.00524
-6.3073 -6.23311
-6.30729 -6.2338
-6.30726 -6.23352
-6.30714 -6.2331
-6.30696 -6.23319
-6.30684 -6.08142
-6.3068 -6.08202
-6.30664 -5.92744
-6.3065 -5.92659
-6.30644 -5.92704
-6.29924 -6.22556
-6.29908 -6.22516
-6.29863 -6.22516
-6.23348 -6.2334
-6.23338 -6.23334
-6.2333 -6.2332
-6.23329 -6.15891
-6.23317 -6.00583
-6.23315 -6.00594
-6.23312 -6.08258
-6.23311 -6.083
-6.23308 -6.00602
-6.23305 -6.08201
-6.23302 -6.15898
-6.233 -6.15873
-6.233 -6.08208
-6.23297 -6.08209
-6.23297 -6.0061
-6.23295 -6.00571
-6.23285 -6.08196
-6.23283 -5.92732
-6.23274 -6.08179
-6.23273 -6.08264
-6.23258 -5.92732
-6.23255 -6.00527
-6.23255 -5.92696
-6.23253 -5.92782
-6.23251 -6.08184
-6.23244 -6.08215
-6.23236 -5.9267
-6.23234 -5.92761
-6.23234 -5.92728
-6.23233 -6.00475
-6.23229 -6.08151
-6.23226 -5.92708
-6.23224 -5.92746
-6.23221 -3.51244
-6.23208 -5.84877
-6.23205 -5.92719
-6.23196 -5.92689
-6.23192 -5.60503
-6.22484 -6.00559
-6.22484 -6.00563
-6.22452 -5.91956
-6.22427 -4.89824
-6.22418 -3.11766
-6.22416 -5.91888
-6.22395 -4.99758
-6.21857 -4.2072
-6.15834 -6.08219
-6.15825 -5.92848
-6.15798 -6.00528
-6.15798 -5.92822
-6.15774 -6.08207
-6.15763 -6.1576
-6.1576 -5.92744
-6.15758 -6.00512
-6.15757 -5.92788
-6.15755 -5.92732
-6.15753 -6.00465
-6.1575 -6.00535
-6.1575 -5.92813
-6.15749 -5.92759
-6.15745 -5.92739
-6.15736 -5.92734
-6.15735 -5.9272
-6.15732 -6.08219
-6.15726 -5.92728
-6.15725 -5.92705
-6.1572 -6.08194
-6.15717 -5.92784
-6.15712 -5.92738
-6.15693 -5.68727
-6.15649 -3.98806
-6.08198 -5.9279
-6.08186 -5.92778
-6.08179 -5.92761
-6.08177 -5.92739
-6.08173 -5.92731
-6.08173 -5.92731
-6.08171 -5.92754
-6.08168 -5.92714
-6.08162 -5.92747
-6.08154 -6.00509
-6.08152 -6.00495
-6.08148 -5.92745
-6.08143 -5.92745
-6.08143 -5.92721
-6.08142 -5.68836
-6.08135 -5.927
-6.08127 -5.92707
-6.08124 -5.92676
-6.08122 -5.68798
-6.08121 -5.92732
-6.08116 -5.68782
-6.08111 -6.00506
-6.08097 -5.92712
-6.08092 -5.6874
-6.08068 -5.92682
-6.08061 -4.90443
-6.08061 -5.84778
-6.08058 -5.35184
-6.08052 -3.63736
-6.07286 -4.5172
-6.00527 -5.92776
-6.00512 -5.92796
-6.00493 -5.92779
-6.00488 -5.92747
-6.00486 -5.92682
-6.00481 -5.92712
-6.00457 -5.92788
-6.00454 -5.92722
-6.00441 -5.92756
-6.00438 -5.92723
-6.00435 -5.92682
-6.00431 -5.84832
-6.00426 -5.92672
-6.00425 -5.17013
-6.00419 -5.92637
-6.0041 -4.90556
-6.00406 -5.92695
-6.00395 -5.68755
-5.9967 -5.91944
-5.99635 -5.91929
-5.99602 -5.4308
-5.99583 -5.51477
-5.99582 -5.91829
-5.99118 -5.91351
-5.92708 -5.92701
-5.92701 -5.84971
-5.92693 -5.84949
-5.92676 -5.6881
-5.92674 -5.84843
-5.92674 -5.68795
-5.92673 -5.84852
-5.92671 -5.68854
-5.9266 -5.92649
-5.9266 -5.68782
-5.92659 -5.84939
-5.92659 -5.84807
-5.92657 -5.84767
-5.92657 -5.68814
-5.92653 -5.68755
-5.92652 -5.92639
-5.92651 -5.84839
-5.92649 -5.68809
-5.92647 -5.84827
-5.92646 -5.84798
-5.92644 -5.84865
-5.92643 -5.68767
-5.9264 -5.52311
-5.9264 -5.68806
-5.92639 -5.84813
-5.92638 -5.35309
-5.92637 -5.68778
-5.92636 -5.68722
-5.92635 -5.68773
-5.92633 -3.75733
-5.92632 -5.68757
-5.92632 -5.84838
-5.92631 -5.68757
-5.92628 -5.68761
-5.92627 -5.52321
-5.92627 -5.84909
-5.92626 -5.84776
-5.92624 -5.60552
-5.92623 -5.68797
-5.92623 -5.68835
-5.92623 -5.68796
-5.92623 -5.84793
-5.92622 -5.84831
-5.92622 -5.68772
-5.9262 -5.68791
-5.92617 -5.6879
-5.92615 -5.52256
-5.92615 -5.68812
-5.92614 -5.43854
-5.92614 -5.84835
-5.92613 -5.84767
-5.92612 -5.68773
-5.92601 -5.68739
-5.92599 -5.43845
-5.92598 -5.6871
-5.92598 -5.6875
-5.92594 -5.68707
-5.92594 -5.68785
-5.92593 -5.68752
-5.92587 -5.68703
-5.92586 -5.91862
-5.9258 -5.43897
-5.92574 -5.52244
-5.92567 -5.43812
-5.92564 -5.6869
-5.92563 -4.20706
-5.9256 -5.52219
-5.92558 -5.6871
-5.92553 -5.35265
-5.92548 -5.60551
-5.92548 -5.43827
-5.92546 -5.68735
-5.92541 -5.43751
-5.9254 -5.68752
-5.9254 -5.68741
-5.92539 -5.68735
-5.92529 -5.84714
-5.92528 -5.43813
-5.92523 -5.60562
-5.91859 -4.09361
-5.91854 -5.59811
-5.91848 -5.84006
-5.91837 -5.84759
-5.91824 -5.67966
-5.91821 -5.67988
-5.91819 -5.59782
-5.91805 -3.11391
-5.91776 -4.90543
-5.91281 -2.33284
-5.84783 -5.68829
-5.84764 -5.68778
-5.84757 -5.68756
-5.84749 -5.68715
-5.84747 -5.8474
-5.84747 -5.68732
-5.84731 -5.6875
-5.8473 -5.84707
-5.84729 -5.68646
-5.84727 -5.68699
-5.84724 -5.68735
-5.84722 -5.68772
-5.84717 -5.68725
-5.84715 -5.68724
-5.847 -5.68699
-5.8469 -5.60584
-5.84689 -4.99696
-5.84674 -5.84656
-5.84673 -5.60588
-5.84669 -5.68672
-5.84666 -5.52204
-5.84664 -5.60507
-5.83988 -5.67949
-5.83972 -5.43117
-5.83885 -2.66874
-5.68733 -5.68726
-5.68723 -5.5225
-5.6872 -5.35347
-5.68718 -5.60663
-5.68717 -5.68696
-5.68716 -5.43912
-5.68714 -5.43898
-5.68713 -5.43849
-5.68707 -5.43909
-5.68707 -5.43909
-5.68706 -5.6869
-5.68705 -5.68703
-5.68699 -5.3537
-5.68699 -5.43886
-5.68698 -5.60658
-5.68697 -5.52276
-5.68694 -5.35346
-5.68691 -5.68644
-5.68683 -5.68634
-5.6867 -5.52198
-5.68669 -5.43827
-5.68669 -5.60496
-5.68669 -5.43811
-5.68666 -5.60547
-5.68659 -5.43854
-5.68657 -5.43845
-5.68656 -5.43839
-5.68654 -5.43816
-5.68654 -5.3532
-5.6865 -5.35295
-5.6865 -5.52226
-5.68649 -5.35327
-5.68648 -5.3531
-5.68644 -5.5225
-5.68644 -5.43882
-5.68643 -5.52167
-5.68642 -5.43848
-5.6864 -5.43798
-5.68637 -5.43847
-5.68631 -5.60543
-5.68629 -5.52262
-5.68626 -5.26627
-5.68626 -5.35265
-5.68626 -5.35333
-5.68623 -5.52146
-5.68623 -5.26606
-5.68618 -5.26616
-5.68617 -5.35306
-5.68612 -5.43779
-5.68609 -5.43811
-5.68595 -4.61764
-5.68588 -5.43791
-5.68586 -5.17811
-5.68579 -5.43768
-5.68566 -5.26624
-5.68543 -5.26566
-5.67893 -5.51477
-5.67824 -1.73999
-5.67416 -5.34509
-5.6051 -5.52305
-5.60497 -5.52267
-5.60494 -5.52275
-5.60469 -5.52254
-5.60465 -5.43746
-5.60455 -5.52216
-5.60449 -5.52221
-5.60442 -5.35273
-5.60439 -5.52231
-5.60438 -5.60424
-5.60429 -4.61786
-5.60402 -5.17687
-5.59742 -5.52209
-5.59716 -5.43062
-5.59713 -5.43093
-5.5971 -5.50966
-5.5967 -2.51
-5.52234 -5.52208
-5.52227 -5.52226
-5.52226 -5.35309
-5.52221 -5.353
-5.52212 -5.35286
-5.52205 -5.35299
-5.52179 -5.35304
-5.52174 -5.26667
-5.52173 -5.3527
-5.5217 -5.35238
-5.5217 -5.35275
-5.52165 -5.35266
-5.52154 -5.35274
-5.52141 -5.52129
-5.52139 -5.43791
-5.52133 -5.35199
-5.52127 -5.26569
-5.52115 -5.26593
-5.52111 -5.521
-5.5211 -4.90506
-5.52106 -4.90549
-5.5209 -5.43689
-5.52087 -5.26538
-5.52083 -5.35167
-5.52079 -4.90558
-5.52077 -5.26475
-5.52072 -5.43708
-5.51465 -5.5145
-5.51456 -5.34573
-5.51456 -5.34573
-5.51408 -5.43083
-5.51392 -5.25839
-5.51371 -2.33738
-5.43827 -5.3535
-5.43821 -5.35385
-5.43816 -5.35362
-5.43785 -5.35265
-5.4378 -5.3529
-5.43762 -5.35284
-5.43762 -5.17833
-5.43759 -5.26664
-5.43756 -5.35275
-5.43752 -5.35242
-5.43752 -5.35297
-5.43745 -5.35333
-5.43743 -5.35219
-5.43742 -5.35303
-5.43739 -5.35191
-5.43725 -5.26579
-5.43724 -5.35303
-5.43724 -5.35241
-5.43719 -5.43704
-5.43719 -5.35245
-5.43713 -5.3526
-5.43706 -5.43693
-5.43704 -5.26549
-5.43698 -5.35227
-5.43681 -5.26491
-5.43681 -4.99826
-5.43679 -5.2653
-5.43679 -5.26488
-5.43678 -5.26484
-5.4367 -5.35167
-5.43665 -5.26586
-5.43651 -5.35195
-5.43641 -5.17783
-5.4364 -4.99728
-5.43025 -5.34566
-5.42974 -3.11846
-5.35232 -5.35219
-5.35224 -5.26581
-5.35216 -5.266
-5.35216 -5.26636
-5.35214 -5.17793
-5.35211 -5.26624
-5.35205 -5.35167
-5.35205 -5.26593
-5.35204 -5.26613
-5.35203 -5.26616
-5.35203 -5.26618
-5.35203 -5.26563
-5.352 -5.34564
-5.35198 -5.26618
-5.35197 -5.17787
-5.35195 -5.17776
-5.35191 -5.3516
-5.35186 -5.26556
-5.35179 -4.99772
-5.35176 -5.26545
-5.35176 -5.26597
-5.35173 -5.26607
-5.35168 -5.26639
-5.35168 -4.61782
-5.35164 -5.26593
-5.35158 -5.2655
-5.35158 -5.26629
-5.35156 -5.26575
-5.35155 -5.26509
-5.35151 -5.26535
-5.35149 -5.17713
-5.35148 -4.90543
-5.35148 -4.99766
-5.35147 -5.26578
-5.35145 -5.2659
-5.35143 -4.99758
-5.35142 -4.99756
-5.3514 -4.90566
-5.35138 -4.99727
-5.35138 -5.17772
-5.35137 -5.17762
-5.35136 -5.26494
-5.35127 -3.63666
-5.35117 -4.90535
-5.35098 -4.90541
-5.35096 -4.9971
-5.35092 -4.9976
-5.35085 -4.90489
-5.35062 -4.71551
-5.35056 -4.90472
-5.3446 -4.89786
-5.34431 -4.99051
-5.34406 -4.99031
-5.34405 -4.41068
-5.34401 -4.20675
-5.33991 -2.50583
-5.33972 -4.61151
-5.26538 -5.17806
-5.26535 -5.26531
-5.26534 -5.26525
-5.26529 -5.26497
-5.26529 -5.17865
-5.26528 -4.99859
-5.26524 -5.1777
-5.26523 -4.99823
-5.26518 -5.26506
-5.26517 -5.17842
-5.26517 -5.26497
-5.26516 -4.99877
-5.26515 -5.17762
-5.26515 -4.99849
-5.26514 -4.90602
-5.26514 -4.99766
-5.26512 -5.17758
-5.26507 -5.17697
-5.26507 -4.99781
-5.26507 -4.90567
-5.26505 -5.26486
-5.26505 -4.99784
-5.26499 -5.17826
-5.26497 -5.17752
-5.26497 -4.90543
-5.26495 -4.99772
-5.26494 -4.99774
-5.26494 -4.90544
-5.26493 -5.17779
-5.26493 -4.99776
-5.26493 -4.99766
-5.2649 -4.9981
-5.26488 -4.99783
-5.26486 -5.17748
-5.26485 -5.17781
-5.26483 -5.178
-5.26479 -4.99784
-5.26476 -5.26453
-5.26476 -4.90582
-5.26473 -4.99764
-5.26467 -4.90584
-5.26463 -5.17768
-5.26456 -4.90484
-5.26452 -5.17759
-5.26452 -4.99692
-5.26448 -5.17747
-5.26447 -4.90528
-5.26447 -4.90476
-5.26439 -4.90541
-5.26439 -4.9975
-5.26436 -4.905
-5.26431 -4.99698
-5.26431 -3.51305
-5.26427 -4.7158
-5.26425 -4.90508
-5.26424 -4.99697
-5.26423 -4.90502
-5.26419 -4.99734
-5.26416 -5.17757
-5.26414 -5.17701
-5.26407 -4.99733
-5.26392 -4.9045
-5.26392 -4.90505
-5.26386 -4.90463
-5.2638 -4.90448
-5.25794 -4.99053
-5.25769 -4.41023
-5.25746 -4.99033
-5.25724 -4.89762
-5.25335 -4.61824
-5.17708 -4.9054
-5.17699 -4.99709
-5.17696 -5.17678
-5.17687 -4.99791
-5.17686 -4.99728
-5.17681 -4.9976
-5.17673 -4.99789
-5.17662 -4.90498
-5.1766 -4.90513
-5.17657 -4.99766
-5.17657 -4.99715
-5.17648 -4.90481
-5.17629 -4.99711
-5.17618 -4.90514
-5.17611 -4.90524
-5.17587 -3.25473
-5.1757 -4.51797
-5.16982 -4.70888
-5.16974 -4.99066
-5.16958 -4.89776
-4.99736 -4.90583
-4.9971 -4.90537
-4.99709 -4.90519
-4.99707 -4.90569
-4.99705 -4.9056
-4.99695 -4.90566
-4.99691 -4.90509
-4.9969 -4.90575
-4.9969 -4.90574
-4.99688 -4.90483
-4.99684 -4.90613
-4.99681 -4.90501
-4.99678 -4.90469
-4.99676 -4.90472
-4.99675 -4.90458
-4.9967 -4.90525
-4.99669 -4.90572
-4.99669 -4.90527
-4.99666 -4.90498
-4.99666 -4.90501
-4.99661 -4.90459
-4.99658 -4.90416
-4.99657 -4.90497
-4.99654 -4.90464
-4.99644 -4.90469
-4.99641 -4.71569
-4.9964 -4.90464
-4.9964 -4.90462
-4.99638 -4.90468
-4.99637 -4.90403
-4.9963 -4.90473
-4.99628 -4.90396
-4.99624 -4.90461
-4.99621 -4.90457
-4.99611 -4.90514
-4.9961 -4.90455
-4.99609 -4.61691
-4.99604 -4.89805
-4.99603 -4.71491
-4.99603 -4.71506
-4.99595 -4.618
-4.99592 -4.61732
-4.99576 -4.61757
-4.99574 -4.51669
-4.99567 -4.51836
-4.99565 -4.90355
-4.99023 -4.90463
-4.99005 -4.61092
-4.99005 -4.70932
-4.99001 -4.89814
-4.98997 -3.98256
-4.98995 -4.89793
-4.98989 -4.70854
-4.98972 -4.70844
-4.98964 -2.67253
-4.90462 -4.9042
-4.90459 -4.71534
-4.90457 -4.90454
-4.90456 -4.71565
-4.90448 -4.89857
-4.90447 -4.89849
-4.90445 -4.90417
-4.90442 -4.90417
-4.90439 -4.71563
-4.90435 -4.61811
-4.90434 -4.904
-4.90431 -4.71532
-4.90431 -4.90414
-4.9043 -4.61793
-4.90428 -4.71552
-4.90428 -4.90421
-4.90427 -4.71538
-4.90426 -4.71529
-4.90425 -4.90419
-4.90425 -4.61849
-4.90425 -4.61824
-4.90423 -4.71574
-4.90419 -4.51834
-4.90419 -4.71502
-4.90416 -4.71581
-4.90414 -4.71565
-4.90413 -4.71603
-4.9041 -4.61794
-4.9041 -4.61827
-4.9041 -4.71475
-4.90409 -4.61775
-4.90409 -4.89807
-4.90406 -4.71523
-4.90406 -4.71572
-4.90405 -4.71493
-4.90405 -4.6185
-4.90403 -4.61766
-4.90399 -4.61822
-4.90399 -4.61848
-4.90396 -4.61868
-4.90394 -4.61775
-4.90392 -4.71486
-4.9039 -4.71546
-4.90389 -4.61763
-4.90387 -4.71502
-4.90384 -4.61786
-4.90383 -4.71446
-4.90381 -4.61764
-4.9038 -4.61806
-4.90379 -4.71498
-4.90379 -4.61676
-4.90377 -4.61772
-4.90374 -4.61748
-4.90373 -4.61818
-4.9037 -4.61791
-4.90368 -4.61745
-4.90367 -4.71492
-4.90365 -4.715
-4.90362 -4.61838
-4.90361 -4.7154
-4.90359 -4.61724
-4.90358 -4.51755
-4.90355 -4.51838
-4.90351 -4.41711
-4.9035 -4.61744
-4.90347 -4.61717
-4.90341 -4.61693
-4.90331 -4.51843
-4.9033 -4.41687
-4.90327 -4.09852
-4.9032 -4.61786
-4.90317 -4.61727
-4.90317 -4.6172
-4.90298 -4.51796
-4.90294 -4.71454
-4.90268 -4.09953
-4.89779 -4.61719
-4.89768 -4.61151
-4.89732 -4.70841
-4.8973 -4.61716
-4.8973 -4.51146
-4.89725 -4.61143
-4.89725 -4.4109
-4.89724 -4.61147
-4.89723 -4.61121
-4.89721 -4.51222
-4.89718 -4.61096
-4.89717 -4.51196
-4.89679 -3.25528
-4.71484 -4.61895
-4.71477 -4.61837
-4.71467 -4.61769
-4.71467 -4.61804
-4.71466 -4.61722
-4.71461 -4.61843
-4.7146 -4.6179
-4.7146 -4.61804
-4.7145 -4.61772
-4.71449 -4.61803
-4.71448 -4.61793
-4.71446 -4.61755
-4.71445 -4.61717
-4.71444 -4.61745
-4.71439 -4.61732
-4.71438 -4.61769
-4.71434 -4.61808
-4.71432 -4.61838
-4.71424 -4.61743
-4.71416 -4.61727
-4.71411 -4.61757
-4.71409 -4.61748
-4.71408 -4.61781
-4.71407 -4.6172
-4.71404 -4.61789
-4.71403 -4.61686
-4.71399 -4.6172
-4.7138 -4.41577
-4.71373 -4.41713
-4.71373 -4.41669
-4.7137 -4.51736
-4.71368 -4.41643
-4.71361 -4.20759
-4.71359 -4.20768
-4.71357 -4.61693
-4.71357 -4.20807
-4.71339 -3.87399
-4.71328 -4.41656
-4.70865 -4.61785
-4.70824 -4.61196
-4.70821 -4.6116
-4.70819 -3.75214
-4.70815 -3.25485
-4.70763 -4.20179
-4.61736 -4.61691
-4.61732 -4.61684
-4.61728 -4.51894
-4.61728 -4.51896
-4.61728 -4.61695
-4.61726 -4.51883
-4.61726 -4.51883
-4.61722 -4.51836
-4.6172 -4.51906
-4.61719 -4.51835
-4.61718 -4.61711
-4.61717 -4.51856
-4.61716 -4.61699
-4.61714 -4.51899
-4.61712 -4.51905
-4.61712 -4.51949
-4.61707 -4.61678
-4.61705 -4.51791
-4.61704 -4.5182
-4.61703 -4.5191
-4.61703 -4.61143
-4.61701 -4.51858
-4.61699 -4.51939
-4.61698 -4.61695
-4.61698 -4.51834
-4.61698 -4.51927
-4.61697 -4.51847
-4.61696 -4.51793
-4.61696 -4.51801
-4.61695 -4.51911
-4.6169 -4.51777
-4.61688 -4.41675
-4.61686 -4.51855
-4.61685 -4.51839
-4.61682 -4.51796
-4.61682 -4.51819
-4.61679 -4.41647
-4.61678 -4.51834
-4.61676 -4.51861
-4.61675 -4.41701
-4.61675 -4.51773
-4.61674 -4.51837
-4.61673 -4.51803
-4.61673 -4.51792
-4.61672 -4.51892
-4.61672 -4.51761
-4.6167 -4.51843
-4.61669 -4.61668
-4.61669 -4.51838
-4.61669 -4.61642
-4.61668 -4.51873
-4.61667 -4.20788
-4.61667 -4.51789
-4.61667 -4.51768
-4.61667 -4.41702
-4.61666 -4.4158
-4.61665 -4.51768
-4.61662 -4.61627
-4.61658 -4.51205
-4.61657 -4.51851
-4.61655 -4.51783
-4.61655 -4.61112
-4.61653 -4.51734
-4.6165 -4.51798
-4.61648 -4.41647
-4.61648 -4.51816
-4.61646 -4.51724
-4.61644 -4.51833
-4.61641 -4.51805
-4.61638 -4.5182
-4.61636 -4.5182
-4.61633 -4.51785
-4.6163 -4.41638
-4.61629 -4.51726
-4.61629 -4.41655
-4.61629 -4.51761
-4.61627 -4.51706
-4.61625 -4.51848
-4.61625 -4.41621
-4.61623 -4.51741
-4.61616 -4.51685
-4.61615 -4.51766
-4.61613 -4.51768
-4.61613 -4.51788
-4.61611 -4.51716
-4.6161 -4.51746
-4.61609 -4.20707
-4.61609 -4.51754
-4.61605 -4.41617
-4.61596 -4.51773
-4.61596 -4.51713
-4.6159 -4.41622
-4.6159 -4.41569
-4.61587 -4.0996
-4.61585 -4.09872
-4.61582 -3.98765
-4.61581 -4.41608
-4.61568 -4.51679
-4.61534 -4.09904
-4.61098 -4.51792
-4.61076 -4.51166
-4.61073 -4.51184
-4.61071 -4.51237
-4.61068 -4.51259
-4.61059 -4.51171
-4.61054 -4.51215
-4.6105 -4.51192
-4.6104 -4.51138
-4.6104 -4.51163
-4.61031 -4.51172
-4.6102 -3.98817
-4.60999 -2.82758
-4.6067 -3.11033
-4.51789 -4.51777
-4.51776 -4.51747
-4.51775 -4.41716
-4.51767 -4.51762
-4.5176 -4.51217
-4.51758 -4.41699
-4.51744 -4.4168
-4.51736 -4.41673
-4.51726 -4.51674
-4.51722 -4.09929
-4.51722 -4.51717
-4.51721 -4.41655
-4.51717 -4.51192
-4.51715 -4.208
-4.51712 -4.41624
-4.51712 -4.41655
-4.51709 -4.20743
-4.51708 -4.51687
-4.51699 -4.41562
-4.51696 -4.41683
-4.51694 -4.41679
-4.51688 -4.5117
-4.51685 -4.41563
-4.51684 -4.51166
-4.51683 -4.41574
-4.51678 -4.09925
-4.51678 -4.20759
-4.51674 -4.5167
-4.51673 -4.41593
-4.51659 -4.20709
-4.51652 -4.51645
-4.51648 -3.98874
-4.5164 -4.41532
-4.5164 -4.41565
-4.51636 -4.20761
-4.51635 -3.11787
-4.51628 -4.20658
-4.51612 -4.20654
-4.5161 -4.09871
-4.51595 -3.98788
-4.51571 -3.87398
-4.51164 -4.41072
-4.51153 -4.41038
-4.51151 -4.41039
-4.51136 -3.11806
-4.51136 -4.09944
-4.51123 -4.41003
-4.51121 -4.51098
-4.51121 -4.20141
-4.51116 -4.41016
-4.51114 -4.099
-4.51089 -4.09344
-4.51076 -3.2502
-4.51056 -3.98735
-4.50752 -4.50747
-4.50697 -3.86903
-4.41647 -4.41609
-4.41619 -4.20757
-4.41619 -4.20781
-4.41609 -4.20773
-4.41604 -4.20751
-4.41603 -4.20761
-4.41603 -4.20777
-4.41603 -4.2073
-4.41599 -4.20742
-4.41593 -4.20778
-4.4159 -4.20674
-4.41587 -4.10022
-4.41586 -4.0996
-4.41582 -4.20781
-4.4158 -4.09965
-4.41574 -4.20732
-4.41573 -4.2074
-4.41571 -4.4157
-4.41571 -4.20729
-4.41571 -4.20703
-4.41567 -4.10018
-4.41566 -4.20696
-4.41565 -4.20733
-4.41562 -4.10008
-4.41561 -4.20706
-4.41561 -4.09998
-4.41557 -4.20713
-4.41555 -4.20711
-4.41555 -4.09965
-4.41553 -4.20712
-4.41552 -4.20684
-4.41546 -4.20666
-4.41536 -4.20681
-4.41535 -4.09882
-4.41533 -4.09918
-4.41532 -4.20683
-4.41532 -4.09953
-4.4153 -4.09861
-4.41529 -4.0991
-4.41529 -4.09891
-4.41528 -4.20711
-4.41522 -4.09989
-4.41519 -4.09902
-4.41516 -4.09912
-4.41516 -4.09936
-4.41515 -3.98827
-4.41514 -4.09879
-4.41511 -4.0987
-4.41506 -4.20658
-4.41498 -4.09899
-4.41498 -3.8746
-4.41494 -4.09846
-4.41485 -4.09907
-4.4148 -3.98769
-4.41476 -3.98828
-4.41476 -3.51263
-4.41471 -3.9875
-4.41466 -4.0988
-4.41462 -3.63762
-4.4144 -3.9872
-4.40988 -4.09311
-4.40987 -3.983
-4.4098 -4.09825
-4.40974 -4.0987
-4.40973 -4.09327
-4.4097 -3.75827
-4.40964 -3.98277
-4.40948 -4.09305
-4.40947 -3.11362
-4.40925 -3.51312
-4.20689 -4.09942
-4.20681 -4.09956
-4.20669 -4.09937
-4.20666 -4.09927
-4.20656 -4.09949
-4.20656 -3.87541
-4.20651 -4.09904
-4.20649 -4.09944
-4.20648 -4.09881
-4.20648 -4.09858
-4.20643 -4.09937
-4.20642 -4.09869
-4.20642 -3.87514
-4.20639 -4.09878
-4.20639 -4.09816
-4.20638 -4.09886
-4.20631 -3.98799
-4.20628 -4.09843
-4.20628 -3.9875
-4.20628 -4.09916
-4.20624 -4.0993
-4.20623 -3.87486
-4.20623 -4.09886
-4.20622 -4.09878
-4.2062 -4.09893
-4.20619 -3.87444
-4.20616 -3.87454
-4.2061 -3.87458
-4.20605 -4.09878
-4.20605 -3.98759
-4.206 -4.09834
-4.20595 -3.75774
-4.20595 -3.8742
-4.20595 -3.8747
-4.2059 -4.0979
-4.20585 -3.87444
-4.20567 -3.98784
-4.20563 -3.75795
-4.20559 -3.63744
-4.2054 -3.87383
-4.20534 -3.87326
-4.20534 -3.87423
-4.20092 -3.98294
-4.20082 -3.63227
-4.20076 -2.67184
-4.20071 -3.6377
-4.20067 -4.09345
-4.20061 -3.75266
-4.20057 -3.98286
-4.20056 -3.75259
-4.20034 -4.09297
-4.09871 -4.09818
-4.09866 -4.09854
-4.09862 -4.09846
-4.09852 -3.98896
-4.09848 -3.98929
-4.09846 -3.9875
-4.09845 -3.98864
-4.09841 -3.98834
-4.0984 -3.98798
-4.0984 -3.98897
-4.09836 -3.87484
-4.09835 -3.98859
-4.09834 -4.09825
-4.09832 -3.98818
-4.09832 -3.98822
-4.09832 -3.98895
-4.09831 -3.98849
-4.09826 -3.98804
-4.09823 -3.98813
-4.09822 -3.98888
-4.0982 -3.87546
-4.09819 -3.87489
-4.09817 -4.09812
-4.09817 -3.98795
-4.09816 -3.98897
-4.09815 -3.98856
-4.09814 -3.98794
-4.09814 -3.98852
-4.09813 -3.98823
-4.09813 -3.98786
-4.09813 -3.98812
-4.09812 -3.9877
-4.09812 -3.98824
-4.0981 -3.87457
-4.09809 -3.98872
-4.09807 -3.98784
-4.09806 -3.98814
-4.09804 -3.87416
-4.09802 -3.98807
-4.09801 -3.98879
-4.098 -3.98811
-4.098 -3.98724
-4.09799 -3.98854
-4.09798 -3.8749
-4.09798 -3.98783
-4.09798 -3.87477
-4.09798 -3.98805
-4.09797 -3.98823
-4.09796 -3.87481
-4.09796 -3.87494
-4.09796 -3.87507
-4.09795 -3.98763
-4.09795 -3.98837
-4.09793 -3.98835
-4.09792 -3.98716
-4.09791 -3.98781
-4.0979 -3.87427
-4.0979 -3.87436
-4.0979 -3.87402
-4.09788 -3.9875
-4.09785 -3.9882
-4.09783 -3.7577
-4.09782 -3.98778
-4.09781 -3.87447
-4.09781 -3.98726
-4.09779 -3.98824
-4.09779 -3.87384
-4.09779 -3.638
-4.09778 -3.87427
-4.09778 -3.98771
-4.09777 -3.87439
-4.09776 -3.98787
-4.09776 -3.87458
-4.09776 -3.8748
-4.09774 -3.63784
-4.09773 -3.98816
-4.09772 -3.75752
-4.09771 -3.87434
-4.09769 -3.98829
-4.09766 -3.75768
-4.09766 -3.75871
-4.09765 -3.98865
-4.09765 -3.98789
-4.09761 -3.75759
-4.09761 -3.98718
-4.09761 -3.9874
-4.09757 -3.98746
-4.09752 -3.75764
-4.09751 -3.98239
-4.09749 -3.87379
-4.09741 -3.98802
-4.0974 -3.98724
-4.0974 -3.75705
-4.09725 -3.87359
-4.09718 -3.9869
-4.09684 -3.75758
-4.09313 -3.98319
-4.09306 -3.98323
-4.09306 -3.98806
-4.09283 -3.98303
-4.09251 -3.98214
-4.09223 -3.98206
-4.08928 -3.97863
-3.98778 -3.98294
-3.98742 -3.98277
-3.98739 -3.87427
-3.98735 -3.75782
-3.98732 -3.87491
-3.98725 -3.87425
-3.98724 -3.87477
-3.98722 -3.75843
-3.98719 -3.75814
-3.98714 -3.75847
-3.98712 -3.63833
-3.98705 -3.63742
-3.98703 -3.87383
-3.98702 -3.75818
-3.987 -3.75738
-3.98699 -3.75767
-3.98699 -3.98224
-3.98697 -3.75743
-3.98695 -3.75867
-3.98691 -3.75827
-3.98691 -3.75807
-3.98688 -3.75767
-3.98682 -3.75779
-3.98681 -3.63816
-3.98675 -3.63836
-3.98671 -3.87396
-3.98669 -3.87392
-3.98668 -2.67293
-3.98667 -3.75819
-3.98665 -3.75734
-3.98661 -3.87425
-3.98654 -3.75707
-3.98649 -3.63796
-3.98647 -3.75687
-3.98647 -3.63778
-3.98647 -3.87303
-3.98645 -3.63752
-3.98641 -3.75247
-3.98621 -3.63768
-3.98606 -3.75708
-3.98599 -3.63717
-3.98226 -3.86893
-3.98221 -3.86911
-3.98208 -3.86922
-3.98204 -3.63753
-3.98199 -3.63704
-3.98194 -3.6372
-3.98193 -3.63771
-3.9819 -3.7572
-3.9819 -3.63711
-3.98187 -3.63684
-3.98185 -3.63722
-3.98185 -3.50857
-3.98182 -3.75217
-3.9818 -3.63219
-3.98168 -3.63689
-3.98161 -3.75228
-3.98159 -2.33304
-3.98158 -3.75258
-3.98155 -3.63643
-3.87403 -3.75855
-3.87401 -3.75849
-3.87394 -3.75259
-3.87389 -3.75826
-3.87389 -3.75823
-3.87387 -3.75818
-3.8738 -3.75859
-3.87378 -3.63777
-3.87376 -3.75802
-3.87375 -3.75828
-3.87372 -3.75788
-3.8737 -3.63783
-3.87369 -3.75809
-3.87368 -3.75834
-3.87365 -3.75787
-3.87365 -3.75785
-3.87365 -3.63762
-3.87363 -3.75829
-3.87358 -3.75854
-3.87357 -3.75266
-3.87355 -3.75716
-3.87354 -3.75803
-3.87353 -3.7579
-3.87353 -3.75813
-3.87352 -3.75807
-3.87351 -3.75787
-3.87348 -3.75777
-3.87348 -3.75759
-3.87347 -3.75757
-3.87346 -3.63779
-3.87344 -3.75759
-3.87344 -3.63696
-3.87343 -3.75772
-3.87342 -3.7564
-3.87341 -3.63757
-3.87337 -3.75707
-3.87337 -3.75736
-3.87337 -3.75767
-3.87336 -3.638
-3.87334 -3.63806
-3.87334 -3.75826
-3.87332 -3.638
-3.87331 -3.75745
-3.8733 -3.63758
-3.87327 -3.75731
-3.87325 -3.75762
-3.87322 -3.75778
-3.8732 -3.75751
-3.8732 -3.7579
-3.87318 -3.63679
-3.87317 -3.75693
-3.87317 -3.75785
-3.87317 -3.75757
-3.87316 -3.75709
-3.87315 -3.63823
-3.87313 -3.75707
-3.87311 -3.63769
-3.87309 -3.63757
-3.87308 -3.6375
-3.87304 -3.63741
-3.87294 -3.75725
-3.87294 -3.75668
-3.87288 -3.63702
-3.87287 -3.63689
-3.87266 -3.63608
-3.87262 -3.63726
-3.87261 -3.63691
-3.86868 -3.75252
-3.8686 -3.11838
-3.86808 -3.63238
-3.86788 -3.75202
-3.86785 -3.25027
-3.86291 -2.33162
-3.75759 -3.63866
-3.7575 -3.63874
-3.75748 -3.63863
-3.75739 -3.6386
-3.7573 -3.75686
-3.75728 -3.63833
-3.75726 -3.63805
-3.75721 -3.6384
-3.75721 -3.63849
-3.75718 -3.63827
-3.75712 -3.63787
-3.75712 -3.63847
-3.7571 -3.63762
-3.75707 -3.63752
-3.75706 -3.63862
-3.75702 -3.638
-3.75699 -3.63813
-3.75699 -3.63791
-3.75698 -3.6378
-3.75696 -3.63891
-3.75695 -3.63787
-3.75693 -3.63792
-3.75693 -3.63795
-3.75691 -3.75219
-3.75687 -3.6374
-3.75684 -3.75682
-3.75684 -3.63731
-3.75684 -3.75682
-3.75683 -3.75674
-3.75682 -3.63762
-3.7568 -3.63717
-3.7568 -3.63769
-3.7568 -3.63791
-3.7568 -3.63798
-3.75677 -3.63768
-3.75675 -3.63759
-3.75672 -3.6382
-3.75672 -3.6377
-3.75671 -3.63741
-3.7567 -3.63787
-3.7567 -3.63754
-3.75669 -3.63799
-3.75668 -3.63746
-3.75665 -3.63742
-3.75663 -3.63747
-3.7566 -3.63798
-3.7566 -3.63253
-3.7566 -3.63723
-3.7566 -3.75652
-3.75659 -3.7563
-3.75658 -3.63723
-3.75657 -3.63794
-3.75656 -3.63758
-3.75654 -3.63781
-3.75653 -3.63777
-3.75653 -3.63751
-3.75653 -2.82758
-3.75653 -3.6383
-3.75651 -3.63697
-3.7565 -3.63813
-3.75648 -3.63753
-3.75648 -3.63691
-3.75646 -3.63772
-3.75646 -2.9755
-3.75645 -3.6373
-3.75645 -3.6375
-3.75644 -3.63805
-3.75644 -3.63784
-3.75643 -3.63711
-3.75638 -3.25469
-3.75636 -3.25504
-3.75634 -3.63694
-3.75631 -3.63713
-3.7563 -3.63712
-3.75629 -3.63676
-3.75628 -3.6373
-3.75628 -3.63655
-3.75627 -3.63743
-3.75625 -3.63716
-3.75625 -3.63728
-3.75623 -3.63692
-3.75623 -3.63676
-3.75623 -3.63668
-3.7562 -3.50935
-3.7562 -3.25492
-3.75618 -3.63792
-3.75617 -3.63712
-3.75617 -3.2548
-3.75615 -3.11864
-3.75613 -3.63724
-3.75612 -3.63686
-3.75612 -3.63665
-3.75604 -3.63746
-3.75603 -3.63712
-3.75597 -3.63769
-3.75593 -3.63644
-3.75587 -3.63632
-3.75564 -3.5132
-3.75537 -3.11799
-3.75233 -3.63775
-3.75219 -3.63717
-3.75217 -3.63715
-3.75206 -3.63223
-3.75202 -3.63215
-3.75202 -3.63237
-3.75193 -3.63228
-3.75184 -3.63322
-3.75177 -3.25488
-3.75166 -3.63199
-3.75162 -3.24998
-3.75159 -3.63202
-3.7515 -3.63256
-3.75148 -3.63202
-3.75145 -3.50888
-3.75139 -3.63214
-3.75132 -3.63182
-3.74847 -2.50953
-3.63758 -3.63732
-3.63706 -3.63692
-3.63706 -3.63697
-3.63701 -3.63695
-3.63692 -3.63663
-3.63689 -3.63663
-3.63689 -3.51384
-3.63687 -3.63656
-3.63685 -3.63655
-3.63685 -3.63676
-3.63677 -3.51433
-3.63677 -3.51506
-3.63675 -3.25553
-3.63675 -3.25519
-3.63673 -3.63673
-3.63673 -3.25541
-3.63671 -3.25505
-3.63669 -3.63657
-3.63665 -3.25573
-3.63664 -3.63228
-3.63664 -3.63229
-3.63659 -3.51457
-3.63657 -3.25572
-3.63657 -3.63637
-3.63656 -3.51398
-3.63656 -3.25491
-3.63655 -3.514
-3.63651 -3.51314
-3.6365 -3.51333
-3.6365 -3.25513
-3.63649 -3.63613
-3.63645 -3.2548
-3.63645 -3.51303
-3.63645 -3.51383
-3.63644 -3.63644
-3.63644 -3.51457
-3.63642 -3.25492
-3.63642 -3.63626
-3.6364 -3.25501
-3.63639 -3.51403
-3.63638 -3.25508
-3.63638 -3.51256
-3.63636 -3.25489
-3.63635 -3.25505
-3.63635 -3.25506
-3.63632 -3.51365
-3.63632 -3.63263
-3.63632 -3.25462
-3.63631 -3.1185
-3.6363 -3.51422
-3.6363 -3.25514
-3.6363 -3.25529
-3.63628 -3.51427
-3.63628 -3.51405
-3.63627 -3.25526
-3.63627 -3.25533
-3.63627 -3.25494
-3.63625 -3.25554
-3.63624 -3.51296
-3.63624 -3.25458
-3.63624 -3.51348
-3.63623 -3.25514
-3.63622 -3.51271
-3.63622 -3.2547
-3.63622 -3.25518
-3.63621 -3.25465
-3.63619 -3.11767
-3.63618 -3.25448
-3.63618 -3.25555
-3.63617 -3.25496
-3.63617 -3.25477
-3.63617 -3.25491
-3.63616 -3.25401
-3.63616 -3.25465
-3.63614 -3.25497
-3.63613 -3.51345
-3.63613 -3.51439
-3.63612 -3.25489
-3.63609 -3.25495
-3.63609 -3.51343
-3.63607 -3.2553
-3.63606 -3.25466
-3.63606 -3.25503
-3.63606 -3.25516
-3.63605 -3.25558
-3.63605 -3.11811
-3.63605 -3.632
-3.63604 -3.25467
-3.63604 -3.25464
-3.63603 -3.11806
-3.63603 -3.25508
-3.63602 -3.63216
-3.63602 -3.51362
-3.63602 -3.25498
-3.63601 -3.25508
-3.636 -3.51353
-3.636 -3.25511
-3.63597 -3.63214
-3.63597 -3.50888
-3.63597 -3.25474
-3.63597 -3.25529
-3.63594 -3.25486
-3.63594 -3.25489
-3.63594 -3.25459
-3.63593 -3.5141
-3.63593 -3.25458
-3.63593 -3.11818
-3.63593 -3.25497
-3.63592 -3.25438
-3.63592 -3.25508
-3.63592 -3.25439
-3.63591 -3.25475
-3.6359 -3.25523
-3.6359 -3.25484
-3.6359 -3.25475
-3.63589 -3.25471
-3.63589 -3.25469
-3.63589 -3.2545
-3.63589 -3.25469
-3.63588 -3.2546
-3.63588 -3.25485
-3.63586 -3.50888
-3.63586 -3.11643
-3.63583 -3.11778
-3.63583 -3.51292
-3.63581 -2.82721
-3.6358 -3.25493
-3.63579 -3.25431
-3.63579 -3.51293
-3.63578 -3.25469
-3.63575 -3.25409
-3.63575 -3.25444
-3.63574 -3.25432
-3.63574 -3.63567
-3.63573 -3.11836
-3.63573 -3.25472
-3.63572 -3.25457
-3.6357 -3.51299
-3.6357 -3.25449
-3.6357 -3.25475
-3.63569 -3.11808
-3.63569 -3.25458
-3.63567 -3.25394
-3.63565 -3.25463
-3.63563 -3.25437
-3.63562 -3.11779
-3.63561 -3.25462
-3.63561 -3.11743
-3.63561 -3.25399
-3.63561 -3.25443
-3.63559 -3.11792
-3.63558 -3.25456
-3.63557 -2.51002
-3.63556 -3.25428
-3.63556 -3.25521
-3.63554 -3.25464
-3.63552 -3.25423
-3.63552 -3.25384
-3.63552 -3.25407
-3.63552 -3.63541
-3.63551 -3.25407
-3.63551 -3.25424
-3.63549 -3.25465
-3.63547 -3.25438
-3.63545 -3.25423
-3.63544 -3.11713
-3.63543 -3.11771
-3.6354 -3.51354
-3.63535 -3.11773
-3.63529 -3.25395
-3.63529 -3.11746
-3.63528 -3.11774
-3.63526 -3.25378
-3.63523 -3.25365
-3.63511 -3.25385
-3.63502 -3.11757
-3.63478 -3.51211
-3.63241 -3.51398
-3.6321 -3.63201
-3.63207 -3.63203
-3.63203 -3.11284
-3.63195 -2.6732
-3.63193 -3.63178
-3.63192 -3.50966
-3.6319 -3.51332
-3.63178 -3.5092
-3.63172 -3.25425
-3.63164 -3.24999
-3.63158 -3.63145
-3.63152 -3.25371
-3.63151 -3.51258
-3.63148 -2.97163
-3.63146 -3.24989
-3.63144 -3.24988
-3.63144 -3.50863
-3.63132 -3.24965
-3.63129 -3.11366
-3.63125 -3.50888
-3.63125 -2.97181
-3.63116 -3.24981
-3.51315 -3.51292
-3.51309 -3.51309
-3.51305 -3.25498
-3.51302 -3.50888
-3.51299 -3.51258
-3.51287 -3.51271
-3.51282 -3.25488
-3.51279 -3.51277
-3.51276 -3.25459
-3.51274 -3.25478
-3.51272 -3.25489
-3.51271 -3.25482
-3.51265 -3.11868
-3.51262 -3.25435
-3.5126 -3.25432
-3.51254 -3.25444
-3.51254 -3.50866
-3.51253 -3.25504
-3.51249 -3.25435
-3.51248 -3.51248
-3.51248 -3.25469
-3.51243 -3.25448
-3.51241 -3.25479
-3.51239 -3.25474
-3.51235 -3.25502
-3.51231 -3.11806
-3.51231 -3.51219
-3.51228 -3.25387
-3.51218 -3.25389
-3.51207 -3.11758
-3.51204 -3.11788
-3.51203 -3.25378
-3.51193 -3.25333
-3.51191 -3.25365
-3.51184 -3.25429
-3.51184 -2.82705
-3.51184 -3.11799
-3.5118 -3.25317
-3.51175 -3.11704
-3.5084 -3.24991
-3.50827 -3.11313
-3.50822 -3.25405
-3.50807 -3.50807
-3.50803 -2.50912
-3.25439 -3.25432
-3.25424 -3.11841
-3.25413 -3.25406
-3.25404 -3.11872
-3.25402 -3.11808
-3.25402 -3.11829
-3.25401 -3.11867
-3.25399 -3.25396
-3.25398 -3.25377
-3.25398 -2.97613
-3.25394 -3.11834
-3.25391 -3.11782
-3.25389 -3.11836
-3.25387 -3.11814
-3.25385 -3.25357
-3.25383 -3.11806
-3.25383 -2.97633
-3.25382 -2.97608
-3.25381 -3.25381
-3.2538 -3.11797
-3.2538 -3.11854
-3.25377 -3.11804
-3.25375 -3.11856
-3.25372 -3.11836
-3.25369 -3.11794
-3.25369 -3.11818
-3.25369 -3.11791
-3.25368 -3.1177
-3.25367 -3.1179
-3.25366 -2.97631
-3.25365 -3.11784
-3.25359 -3.11769
-3.25358 -3.1175
-3.25353 -3.11736
-3.25353 -3.118
-3.25352 -3.11778
-3.25352 -2.97603
-3.25351 -3.11845
-3.2535 -3.11787
-3.2535 -3.11866
-3.25349 -3.11745
-3.25349 -3.11818
-3.25349 -3.11803
-3.25348 -3.11785
-3.25347 -3.11774
-3.25346 -3.1174
-3.25346 -3.11825
-3.25346 -3.11787
-3.25344 -3.25331
-3.25343 -3.11811
-3.25341 -3.11716
-3.2534 -3.11762
-3.25339 -3.11791
-3.25339 -2.97558
-3.25338 -3.11741
-3.25338 -3.11765
-3.25337 -3.11763
-3.25337 -3.118
-3.25337 -2.97607
-3.25335 -3.11757
-3.25334 -3.1172
-3.25334 -3.11736
-3.25333 -3.11738
-3.25332 -3.11823
-3.2533 -3.11762
-3.2533 -3.11791
-3.2533 -2.97566
-3.2533 -3.11718
-3.2533 -3.11749
-3.25329 -3.11741
-3.25328 -3.11726
-3.25328 -3.11317
-3.25328 -3.1175
-3.25328 -3.11773
-3.25328 -3.11732
-3.25327 -2.97563
-3.25326 -3.11772
-3.25325 -2.82844
-3.25325 -2.97557
-3.25324 -3.11752
-3.25324 -2.97587
-3.25324 -3.11728
-3.25323 -2.97576
-3.25321 -3.11758
-3.25321 -3.11725
-3.25321 -3.11756
-3.25321 -2.97504
-3.2532 -2.97545
-3.25318 -3.11757
-3.25317 -2.9758
-3.25317 -3.11729
-3.25316 -3.11808
-3.25314 -3.11795
-3.25314 -2.97579
-3.25313 -3.11761
-3.25313 -3.11737
-3.25311 -3.11733
-3.25311 -3.11771
-3.2531 -3.11729
-3.2531 -3.11753
-3.2531 -3.11736
-3.25308 -2.97545
-3.25307 -2.97534
-3.25306 -2.97511
-3.25305 -3.11695
-3.25305 -3.11713
-3.25304 -2.97572
-3.25304 -3.11725
-3.25303 -3.11685
-3.25303 -2.97491
-3.25302 -2.97484
-3.25301 -3.11675
-3.25301 -2.97531
-3.25299 -2.82849
-3.25298 -3.11734
-3.25297 -3.11734
-3.25296 -2.8283
-3.25296 -3.11702
-3.25295 -3.11328
-3.25294 -3.11703
-3.25293 -3.11655
-3.25293 -2.82773
-3.25291 -2.97483
-3.25291 -3.11695
-3.25291 -3.11747
-3.2529 -3.11711
-3.25288 -2.8281
-3.25286 -2.82791
-3.25282 -3.11671
-3.2528 -2.8277
-3.25278 -3.11715
-3.25276 -2.82793
-3.25276 -2.97498
-3.25275 -3.11633
-3.25275 -2.82759
-3.25275 -3.1171
-3.25273 -2.97533
-3.25272 -2.97468
-3.25271 -3.11669
-3.25269 -2.82762
-3.25267 -2.97461
-3.25256 -2.67278
-3.25254 -2.82757
-3.25254 -2.82741
-3.25247 -3.11634
-3.25241 -3.11672
-3.24988 -3.11775
-3.24985 -3.11388
-3.2498 -3.11391
-3.24967 -3.11362
-3.24966 -3.11354
-3.24963 -3.11754
-3.24963 -3.11358
-3.2496 -3.11362
-3.24958 -3.11399
-3.24957 -3.11349
-3.24957 -3.1139
-3.24956 -3.1173
-3.2495 -3.11372
-3.24949 -2.97172
-3.24936 -2.82796
-3.2493 -3.11317
-3.24908 -3.11335
-3.24906 -3.11301
-3.24905 -2.66927
-3.24658 -2.50595
-3.11735 -3.11716
-3.11734 -3.11366
-3.11729 -2.97589
-3.11723 -3.11358
-3.11718 -2.97619
-3.11717 -3.11679
-3.11716 -2.97554
-3.11707 -2.97572
-3.11705 -3.11686
-3.11698 -3.11698
-3.11698 -2.97585
-3.11698 -2.97584
-3.11697 -2.97594
-3.11696 -2.82734
-3.11694 -2.97551
-3.11694 -2.97593
-3.1169 -2.82793
-3.11687 -3.11677
-3.11687 -2.97518
-3.11685 -2.97562
-3.11683 -2.97533
-3.11682 -3.11328
-3.11682 -2.97588
-3.11681 -3.11321
-3.11678 -2.9751
-3.11677 -2.82846
-3.11677 -2.97581
-3.11675 -3.11646
-3.11674 -2.82838
-3.11674 -3.11313
-3.11673 -2.97543
-3.11673 -2.97527
-3.11672 -2.97553
-3.11672 -2.9757
-3.11671 -2.828
-3.11671 -2.9753
-3.11671 -3.11671
-3.11668 -2.97469
-3.11666 -2.82849
-3.11665 -3.11614
-3.11664 -2.82767
-3.11664 -2.97501
-3.11663 -3.11309
-3.11662 -3.11335
-3.11662 -2.82754
-3.11658 -2.97503
-3.11658 -2.97525
-3.11658 -2.82812
-3.11656 -2.82763
-3.11655 -2.97562
-3.11655 -2.82784
-3.11655 -2.97483
-3.11652 -2.8275
-3.11651 -2.82745
-3.11651 -3.1165
-3.11649 -2.82771
-3.11649 -2.82841
-3.11648 -2.82862
-3.11648 -2.82753
-3.11647 -2.82752
-3.11647 -2.82781
-3.11647 -2.82748
-3.11645 -2.67311
-3.11645 -2.82853
-3.11643 -2.82788
-3.11641 -2.82773
-3.11638 -2.82763
-3.11638 -2.82797
-3.11637 -2.97518
-3.11637 -2.67284
-3.11636 -2.82715
-3.11635 -2.97542
-3.11632 -2.82744
-3.11631 -3.11629
-3.11631 -2.82792
-3.11631 -2.8276
-3.1163 -2.5101
-3.11629 -2.82846
-3.11628 -2.8276
-3.11628 -2.82731
-3.11628 -3.11615
-3.11628 -2.8274
-3.11628 -2.82717
-3.11622 -2.67251
-3.11622 -2.82712
-3.1162 -2.67291
-3.11618 -2.82711
-3.11617 -2.67313
-3.11615 -2.82816
-3.11614 -2.67208
-3.11613 -2.82701
-3.11612 -2.82799
-3.11611 -2.82738
-3.11611 -2.8281
-3.11608 -2.67331
-3.11607 -2.82795
-3.11607 -2.82751
-3.11604 -2.51017
-3.11603 -2.67172
-3.11602 -3.11292
-3.11599 -2.82731
-3.11599 -2.82703
-3.11598 -2.67249
-3.11594 -2.67282
-3.11593 -2.67252
-3.1159 -2.82701
-3.11589 -2.51005
-3.11586 -2.82723
-3.11586 -2.67256
-3.11581 -2.8275
-3.1158 -2.82697
-3.11576 -2.51027
-3.11571 -2.82801
-3.11571 -2.67265
-3.11545 -2.67192
-3.11544 -2.82707
-3.11543 -2.6722
-3.11542 -2.8271
-3.11539 -2.5099
-3.11324 -2.9718
-3.11285 -3.11284
-3.11281 -2.82733
-3.1128 -2.9712
-3.11278 -2.67198
-3.11277 -2.82745
-3.11265 -2.82361
-3.11263 -2.67246
-3.11262 -2.66888
-3.11261 -2.66898
-3.1126 -2.82362
-3.11255 -2.66908
-3.11254 -2.97132
-3.11247 -2.67248
-3.11247 -2.8235
-3.11241 -2.82389
-3.11231 -2.66884
-3.11226 -1.74196
-3.11195 -2.66834
-2.97528 -2.97505
-2.97512 -2.82818
-2.97508 -2.82777
-2.97504 -2.82769
-2.97494 -2.82824
-2.97492 -2.82742
-2.9749 -2.82747
-2.97485 -2.82811
-2.97483 -2.82755
-2.97479 -2.82746
-2.97478 -2.82803
-2.97478 -2.82791
-2.97477 -2.97465
-2.97476 -2.82797
-2.97476 -2.82742
-2.97475 -2.82753
-2.97474 -2.8275
-2.97469 -2.51054
-2.97469 -2.82777
-2.97467 -2.82738
-2.97467 -2.8279
-2.97467 -2.51048
-2.97464 -2.82791
-2.97464 -2.51036
-2.97462 -2.82748
-2.97462 -2.82698
-2.97461 -2.51073
-2.97461 -2.82738
-2.97461 -2.82743
-2.97458 -2.82745
-2.97456 -2.82736
-2.97456 -2.82744
-2.97455 -2.82767
-2.97455 -2.82775
-2.97454 -2.82755
-2.97454 -2.82738
-2.97454 -2.67257
-2.97452 -2.82767
-2.97451 -2.82798
-2.97451 -2.82735
-2.9745 -2.82752
-2.97449 -2.82768
-2.97449 -2.82713
-2.97448 -2.82672
-2.97447 -2.8277
-2.97445 -2.82776
-2.97444 -2.82703
-2.97444 -2.67252
-2.97443 -2.51061
-2.9744 -2.5101
-2.97439 -2.82681
-2.97439 -2.67272
-2.97438 -2.51039
-2.97438 -2.82767
-2.97438 -2.827
-2.97437 -2.5104
-2.97437 -2.82763
-2.97437 -2.82722
-2.97437 -2.51011
-2.97436 -2.67283
-2.97435 -2.82734
-2.97434 -2.50922
-2.9743 -2.51047
-2.97428 -2.67282
-2.97423 -2.51001
-2.97414 -2.50984
-2.97413 -2.5105
-2.97409 -2.50984
-2.97408 -2.50962
-2.97404 -2.33756
-2.97403 -2.51008
-2.97403 -2.51
-2.97401 -2.50997
-2.97401 -2.82709
-2.97399 -2.50995
-2.97396 -2.5099
-2.97394 -2.50987
-2.97394 -2.8271
-2.97392 -2.50968
-2.97391 -2.82702
-2.97381 -2.67203
-2.97379 -2.50961
-2.97357 -2.8267
-2.97097 -2.6692
-2.97096 -2.50975
-2.97076 -2.66945
-2.97066 -2.6691
-2.97048 -2.50644
-2.97037 -2.5062
-2.82742 -2.82734
-2.82719 -2.82714
-2.82719 -2.82711
-2.82712 -2.67293
-2.8271 -2.67324
-2.82708 -2.67354
-2.82708 -2.6739
-2.82707 -2.67317
-2.82706 -2.67326
-2.82705 -2.67319
-2.82704 -2.67315
-2.82701 -2.67285
-2.82696 -2.82694
-2.82696 -2.67299
-2.82692 -2.67285
-2.82691 -2.67294
-2.8269 -2.6734
-2.82689 -2.6732
-2.82689 -2.82661
-2.82687 -2.82685
-2.82686 -2.67298
-2.82686 -2.67237
-2.82686 -2.51015
-2.82686 -2.6733
-2.82682 -2.82674
-2.82681 -2.67306
-2.8268 -2.82667
-2.8268 -2.67252
-2.8268 -2.67266
-2.8268 -2.51012
-2.8268 -2.82652
-2.82678 -2.67265
-2.82678 -2.51019
-2.82677 -2.67272
-2.82676 -2.67306
-2.82676 -2.51018
-2.82675 -2.67274
-2.82674 -2.82672
-2.82673 -2.51024
-2.82673 -2.67221
-2.82673 -2.67311
-2.82672 -2.673
-2.82671 -2.67304
-2.82667 -2.67337
-2.82666 -2.67255
-2.82664 -2.67263
-2.82664 -2.67276
-2.82663 -2.51023
-2.82662 -2.67316
-2.82661 -2.50986
-2.82661 -2.67282
-2.8266 -2.51013
-2.82659 -2.67306
-2.82658 -2.6727
-2.82657 -2.67264
-2.82655 -2.67335
-2.82655 -2.51023
-2.82653 -2.67274
-2.82653 -2.67218
-2.82651 -2.67314
-2.8265 -2.6726
-2.8265 -2.67228
-2.8265 -2.51034
-2.82649 -2.6723
-2.82649 -2.67249
-2.82648 -2.50998
-2.82648 -2.67229
-2.82648 -2.67361
-2.82648 -2.67203
-2.82647 -2.67251
-2.82647 -2.67263
-2.82646 -2.51007
-2.82645 -2.67295
-2.82644 -2.67224
-2.82642 -2.67336
-2.82642 -2.5095
-2.82641 -2.50978
-2.82641 -2.50984
-2.8264 -2.67222
-2.82639 -2.67289
-2.82639 -2.67333
-2.82639 -2.67262
-2.82639 -2.51015
-2.82638 -2.50976
-2.82638 -2.67209
-2.82636 -2.67235
-2.82636 -2.50999
-2.82636 -2.50927
-2.82636 -2.67219
-2.82635 -2.67262
-2.82634 -2.67266
-2.82633 -2.50967
-2.82633 -2.50987
-2.82632 -2.50991
-2.82632 -2.50973
-2.82632 -2.67235
-2.82631 -2.50976
-2.8263 -2.67267
-2.8263 -2.67298
-2.8263 -2.67257
-2.82629 -2.50979
-2.82629 -2.50963
-2.82626 -2.67202
-2.82626 -2.67235
-2.82623 -2.67207
-2.82623 -2.67218
-2.82621 -2.82615
-2.82621 -2.50953
-2.82619 -2.6728
-2.82618 -2.50944
-2.82617 -2.67184
-2.82617 -2.66868
-2.82616 -2.6727
-2.82611 -2.50948
-2.8261 -2.50959
-2.8261 -2.67212
-2.82607 -2.50912
-2.82606 -2.50937
-2.82605 -2.50922
-2.82605 -2.50918
-2.82604 -2.50958
-2.82601 -2.50936
-2.82598 -2.6721
-2.82597 -2.33653
-2.82597 -2.67242
-2.82597 -2.67293
-2.82594 -2.50972
-2.82584 -2.33737
-2.82567 -2.50922
-2.82553 -2.50864
-2.82319 -2.66926
-2.8231 -2.50637
-2.82304 -2.50918
-2.82303 -2.33295
-2.82277 -2.66855
-2.67245 -2.6692
-2.67225 -2.50998
-2.67217 -2.50995
-2.67214 -2.67209
-2.67211 -2.67209
-2.67209 -2.5102
-2.67203 -2.51033
-2.67202 -2.50982
-2.67201 -2.51024
-2.67199 -2.51
-2.67195 -2.51007
-2.67194 -2.50973
-2.67193 -2.67191
-2.6719 -2.50956
-2.67186 -2.67168
-2.67182 -2.6689
-2.67176 -2.50942
-2.67175 -2.50954
-2.67174 -2.50995
-2.67173 -2.50951
-2.67172 -2.51031
-2.67169 -2.50966
-2.67169 -2.50987
-2.67168 -2.67154
-2.67167 -2.50967
-2.67166 -2.51026
-2.67165 -2.51016
-2.67164 -2.51011
-2.67162 -2.5093
-2.6716 -2.50915
-2.67159 -2.50938
-2.67159 -2.50923
-2.67157 -2.50956
-2.67157 -2.50986
-2.67155 -2.67149
-2.6715 -2.50922
-2.67149 -2.50933
-2.67144 -2.66907
-2.67143 -2.50934
-2.67142 -2.50976
-2.6714 -2.51042
-2.67139 -2.50941
-2.67137 -2.67133
-2.67134 -2.50928
-2.67134 -2.50946
-2.67134 -2.33752
-2.67133 -2.50942
-2.67132 -2.50912
-2.67131 -2.50997
-2.67131 -2.50906
-2.67131 -2.5094
-2.6713 -2.33757
-2.67123 -2.50958
-2.6712 -2.50918
-2.67119 -2.50922
-2.67115 -2.50956
-2.67113 -2.50829
-2.6711 -2.5091
-2.67109 -2.33744
-2.67108 -2.50928
-2.67107 -2.50898
-2.67105 -2.50887
-2.67104 -2.50896
-2.67097 -2.50913
-2.67096 -2.50898
-2.67095 -2.50863
-2.67094 -2.50907
-2.67094 -2.50874
-2.67089 -2.33747
-2.67079 -2.50878
-2.67072 -2.33693
-2.6707 -2.50881
-2.67069 -2.50832
-2.67064 -2.33687
-2.66873 -2.66858
-2.6687 -2.5091
-2.66851 -2.50443
-2.66843 -2.50578
-2.66834 -2.50913
-2.66826 -2.50815
-2.66821 -2.50589
-2.66798 4.88516
-2.6664 -2.50637
-2.50974 -2.50968
-2.50952 -2.50948
-2.50936 -2.50912
-2.50924 -2.5088
-2.50919 -2.50918
-2.50915 -2.50911
-2.50908 -2.50907
-2.50902 -2.50891
-2.50899 -2.5083
-2.50896 -2.50882
-2.50895 -2.33809
-2.50894 -2.33755
-2.50892 -2.33752
-2.50888 -2.33822
-2.50886 -2.50875
-2.50885 -2.50864
-2.5088 -2.50857
-2.50879 -2.33758
-2.50877 -2.33738
-2.50876 -2.50874
-2.50873 -2.50793
-2.50872 -2.50863
-2.50872 -2.33707
-2.5087 -2.33731
-2.5087 -2.33739
-2.50869 -2.33757
-2.50865 -2.33716
-2.50863 -2.33713
-2.50862 -2.3374
-2.50861 -2.50844
-2.50861 -2.33747
-2.50861 -2.50833
-2.50857 -2.33723
-2.50855 -2.50852
-2.50855 -2.33701
-2.50854 -2.33763
-2.50854 -2.50851
-2.50854 -2.50844
-2.50853 -0.501498
-2.50853 -2.33696
-2.50847 -2.33703
-2.50846 -2.3369
-2.50846 -2.33716
-2.50845 -2.33747
-2.50845 -2.50842
-2.50844 -2.50577
-2.50843 -2.33748
-2.50843 -2.33729
-2.50842 -2.33694
-2.50842 -2.33697
-2.5084 -2.50795
-2.5084 -2.33641
-2.50839 -2.33757
-2.50839 -2.33661
-2.50838 -2.33681
-2.50837 -2.33684
-2.50836 -2.33684
-2.50835 -2.33701
-2.50834 -2.50819
-2.50831 -2.33722
-2.5083 -2.33724
-2.50828 -2.33723
-2.50827 -2.33717
-2.50825 -2.33736
-2.50824 -2.33724
-2.50823 -2.3373
-2.50822 -2.33734
-2.50822 -2.33789
-2.5082 -2.33709
-2.50819 -2.33608
-2.50817 -2.33695
-2.50816 -2.33676
-2.50814 -2.33674
-2.50811 -2.33645
-2.5081 -2.33732
-2.50807 -2.3371
-2.50807 -2.3365
-2.50807 -2.33586
-2.50806 -2.33714
-2.50806 -2.33639
-2.50804 -2.33653
-2.50801 -1.9581
-2.508 -2.33675
-2.508 -1.95741
-2.508 -2.33691
-2.508 -1.95726
-2.50799 -2.33634
-2.50796 -2.3369
-2.50795 -2.33572
-2.50794 -2.33639
-2.50794 -2.33722
-2.50792 -2.33696
-2.50791 -2.33705
-2.50791 -1.95726
-2.5079 -2.50783
-2.5079 -2.33698
-2.50787 -2.33644
-2.50782 -2.33598
-2.50777 -1.95738
-2.50776 -2.33641
-2.50775 -1.95728
-2.50773 -2.33633
-2.50769 -1.95725
-2.50765 -2.33679
-2.50764 -2.33641
-2.50764 -2.33596
-2.50763 -1.95741
-2.50762 -1.95734
-2.5076 -2.33633
-2.50737 -1.95552
-2.50733 -2.33624
-2.50732 -2.33622
-2.50576 -2.33428
-2.50561 -2.33391
-2.50556 -2.5055
-2.50538 -2.33432
-2.50537 -0.501241
-2.50532 -2.33379
-2.50508 -2.33361
-2.50507 -2.334
-2.50501 -2.33356
-2.50487 -1.95414
-2.50476 -2.33355
-2.50315 -1.74217
-2.33668 -2.33664
-2.33639 -2.33638
-2.33626 -1.95738
-2.33622 -1.95739
-2.3362 -2.3361
-2.33615 -1.74338
-2.33613 -1.95778
-2.33611 -2.33571
-2.3361 -1.95727
-2.3361 -1.95715
-2.3361 -1.9574
-2.33608 -1.9576
-2.33604 -1.95746
-2.33599 -2.33536
-2.33596 -1.95729
-2.33591 -1.95704
-2.3359 -1.74316
-2.33589 -1.95692
-2.33588 -1.95749
-2.33582 -1.95696
-2.3358 -1.95666
-2.33579 -1.95705
-2.33575 -2.33403
-2.33574 -1.9572
-2.33569 -1.95691
-2.33566 -1.95669
-2.33566 -1.95649
-2.33565 -1.95672
-2.33564 -1.95719
-2.33564 -1.95685
-2.33561 -1.95626
-2.3356 -1.95647
-2.33558 -1.95723
-2.33558 -1.95717
-2.33557 -1.95667
-2.33554 -1.9565
-2.33554 -1.95681
-2.33553 -1.95663
-2.33551 -1.95666
-2.33551 -1.95663
-2.33551 -1.95706
-2.3355 -1.95668
-2.33548 -1.74292
-2.33545 -1.95663
-2.33545 -1.74284
-2.33544 -1.74313
-2.33544 -1.95699
-2.33544 -1.95684
-2.33542 -1.95714
-2.3354 -1.95658
-2.33538 -1.9565
-2.33537 -1.95696
-2.33529 -1.74315
-2.33528 -1.74265
-2.33527 -1.74311
-2.33522 -1.74304
-2.3352 -1.95732
-2.33519 -1.74259
-2.33514 -1.74275
-2.33513 -1.74286
-2.3351 -1.74266
-2.3349 -1.74207
-2.33346 -1.95706
-2.3334 -2.33193
-2.33333 -1.74218
-2.33328 -1.73942
-2.33309 -1.74302
-2.33302 -1.74237
-2.33299 -1.95416
-2.33286 -1.95387
-2.33249 -1.74005
-1.95653 -1.95623
-1.95646 -1.74323
-1.95645 -1.95643
-1.95642 -1.95638
-1.9564 -1.74315
-1.95639 -1.74332
-1.95637 -1.95626
-1.95637 -1.74371
-1.95624 -1.74284
-1.95622 -1.74268
-1.95613 -1.74293
-1.95612 -1.74269
-1.95609 -1.74277
-1.95609 -1.95584
-1.95608 -1.74301
-1.95608 -1.74278
-1.95606 -1.74274
-1.95603 -1.74302
-1.956 -1.74258
-1.95599 -1.74335
-1.95597 -1.74353
-1.95597 -1.74284
-1.95595 -1.74288
-1.95592 -1.74263
-1.9559 -1.74262
-1.95589 -1.74258
-1.95588 -1.74292
-1.95588 -1.74326
-1.95587 -1.74293
-1.95585 -1.74285
-1.95585 -1.74274
-1.95584 -1.74238
-1.95584 -1.74307
-1.95584 -1.74258
-1.95581 -1.74298
-1.9558 -1.74308
-1.95575 -1.74279
-1.95574 -1.74285
-1.95572 -1.7423
-1.95568 -1.74277
-1.95568 -1.74234
-1.95564 -1.74254
-1.95563 -1.74286
-1.95562 -1.74206
-1.95558 -1.74277
-1.95557 -1.74226
-1.95557 -1.74201
-1.95552 -1.74245
-1.95552 -1.74244
-1.95549 -1.74215
-1.95549 -1.74219
-1.95549 -1.74202
-1.95547 -1.74206
-1.95545 -1.7421
-1.95543 -1.7421
-1.95541 -1.74254
-1.95541 -1.74215
-1.95541 -1.74374
-1.9554 -1.74198
-1.9554 -1.74185
-1.95532 -1.74178
-1.95532 -1.74193
-1.95509 -0.501646
-1.95489 -0.916771
-1.95405 -1.74296
-1.95398 -1.74285
-1.95394 -1.95383
-1.95373 -1.74241
-1.95345 -1.74204
-1.95315 -1.73997
-1.95299 -1.73975
-1.74186 -1.74183
-1.74175 -1.7417
-1.74147 -1.74135
-1.7414 -1.50571
-1.74136 -1.23742
-1.74111 -1.23751
-1.741 -1.50515
-1.74099 -1.50519
-1.74099 -1.50543
-1.74097 -1.5057
-1.74091 -1.5057
-1.7409 -1.50519
-1.74082 -1.50594
-1.74066 -1.50532
-1.74066 -1.50517
-1.74064 -1.50575
-1.7406 -1.23659
-1.74047 -1.50557
-1.74012 -1.50533
-1.73943 2.5
-1.7394 -1.50456
-1.7392 -0.501322
-1.50468 -1.23735
-1.50444 -1.23735
-1.50412 -1.23686
-1.50392 -1.23632
-1.50363 -1.23558
-1.50362 -1.23598
-1.50292 -1.50292
-1.50273 -1.23468
-1.50263 -1.23608
-1.50261 -0.500567
-1.50255 -1.23443
-1.50255 -1.23443
-1.50245 -0.501174
-1.50241 -1.23436
-1.50236 -1.23431
-1.50221 -0.500729
-1.23599 -0.918338
-1.23555 -0.917886
-1.23524 -0.917917
-1.23523 -0.917733
-1.23521 -0.917429
-1.23445 -0.916385
-1.23427 -0.916628
-1.2342 -0.917162
-1.23412 -0.915832
-1.23402 -0.916526
-1.234 -0.916636
-1.23396 -0.916327
-1.23392 -0.916135
-0.916533 -0.916452
-0.916422 -0.915979
-0.916221 -0.916221
-0.916207 -0.916207
-0.916184 -0.502815
-0.916089 -0.501875
-0.916073 -0.502556
-0.916008 -0.916008
-0.915955 -0.502089
-0.915684 -0.50147
-0.915387 -0.501121
-0.500729 -0.500729
-0.500729 -0.500729
-0.500729 -0.500729
-0.500729 -0.500729
-0.500729 2.5
-0.500729 -0.500729
