-8.53631 -8.48119
-8.52382 -2.51307
-8.38502 -8.03802
-8.32856 -8.21447
-8.32846 -8.15625
-8.32828 -8.27156
-8.32763 -8.21388
-8.15507 -8.09661
-8.06641 -3.51416
-8.03747 -7.86025
-8.01941 -7.59509
-7.85784 -7.78102
-7.79576 -7.67535
-7.73541 -7.675
-7.61111 -7.55001
-7.42221 -7.35964
-7.42211 -7.35986
-6.89288 -6.82476
-6.87839 -6.81081
-6.87704 -4.91725
-6.82351 -6.61565
-6.80919 -6.67167
-6.73914 -6.52785
-6.72968 -3.64637
-6.61166 -6.52787
-6.5404 -6.24961
-6.52611 -6.23372
-6.46763 -3.99689
-6.32252 -6.23599
-6.15892 -5.92979
-6.08181 -3.76596
-6.01864 -5.94251
-5.94077 -5.9402
-5.92828 -5.92795
-5.92811 -5.92805
-5.92645 -4.99829
-5.84853 -5.60741
-5.70078 -5.70061
-5.70043 -5.6188
-5.69997 -4.52879
-5.69976 -5.61944
-5.69976 -5.45261
-5.69925 -5.27983
-5.69803 -3.26164
-5.61754 -5.53638
-5.61732 -5.53606
-5.61676 -5.27883
-5.61651 -5.36549
-5.61577 -4.91565
-5.53608 -5.53606
-5.53472 -5.45164
-5.5343 -5.4513
-5.5337 -5.36467
-5.52185 -5.2668
-5.50978 -3.118
-5.45047 -5.27983
-5.4504 -5.36535
-5.44954 -5.2784
-5.44937 -5.44909
-5.44871 -5.36472
-5.43867 -5.26723
-5.43812 -5.26665
-5.36443 -5.3536
-5.36426 -4.91634
-5.36414 -4.91762
-5.36413 -4.91768
-5.36404 -5.278
-5.36397 -4.91784
-5.36388 -4.91768
-5.36382 -4.91749
-5.3638 -4.91725
-5.36376 -5.27703
-5.3637 -4.91767
-5.36367 -4.91662
-5.36363 -5.00972
-5.3635 -4.91682
-5.36335 -5.27698
-5.36333 -5.27698
-5.36326 -4.91662
-5.36271 -4.62924
-5.35286 -5.17877
-5.35268 -5.26632
-5.27734 -5.01078
-5.27726 -5.17891
-5.27724 -4.91811
-5.27715 -4.91749
-5.27679 -5.01016
-5.27671 -4.91722
-5.27662 -4.91711
-5.27661 -5.00945
-5.2766 -4.91664
-5.2766 -5.27651
-5.27625 -4.91615
-5.27617 -4.91723
-5.27613 -4.91577
-5.27608 -4.91725
-5.27576 -4.91735
-5.26565 -4.99839
-5.26527 -3.52244
-5.17731 -4.41703
-5.17714 -4.90555
-5.00851 -4.91741
-5.00815 -4.91612
-5.00789 -4.9162
-5.00768 -4.91558
-4.91556 -4.62955
-4.91546 -4.62799
-4.91509 -3.99699
-4.91504 -4.62909
-4.91496 -4.7261
-4.91464 -4.62938
-4.91407 -4.72675
-4.91388 -4.62796
-4.91383 -4.52733
-4.90448 -4.61877
-4.72554 -4.62932
-4.72552 -4.6287
-4.72547 -4.62907
-4.72535 -4.628
-4.72498 -4.62819
-4.72461 -4.62789
-4.72453 -4.62827
-4.62782 -4.52653
-4.6275 -4.62732
-4.62717 -4.52825
-4.62693 -4.52958
-4.6254 -4.52778
-4.61783 -4.51902
-4.61737 -4.51871
-4.61693 -4.51843
-4.52773 -4.51936
-4.52744 -3.76598
-4.5271 -4.52609
-4.527 -4.21726
-4.52696 -4.42647
-4.52676 -4.10961
-4.52665 -3.99829
-4.52635 -4.42531
-4.52558 -4.21638
-4.51788 -4.41727
-4.51785 -4.41751
-4.42559 -4.11004
-4.42542 -4.11016
-4.42528 -4.21733
-4.42505 -4.21663
-4.42489 -3.998
-4.42486 -4.10834
-4.42464 -4.10786
-4.42455 -4.10903
-4.41624 -4.1003
-4.21652 -4.10981
-4.21597 -4.10903
-4.21574 -4.1089
-4.21453 -2.98138
-4.10768 -3.99837
-4.10767 -3.99826
-4.10761 -3.99877
-4.1075 -3.99858
-4.1075 -3.9984
-4.10743 -3.9986
-4.10739 -3.99821
-4.10736 -3.99798
-4.10734 -3.99899
-4.1073 -3.88429
-4.1073 -3.99748
-4.10725 -3.99687
-4.10713 -3.99656
-4.10707 -3.76626
-4.10674 -3.88359
-4.10666 -3.99589
-4.10656 -3.76683
-4.10652 -3.8822
-4.10618 -3.12455
-4.10607 -3.64666
-4.0987 -3.87429
-4.09854 -3.98793
-3.99657 -3.99644
-3.99619 -3.8826
-3.99605 -3.64675
-3.99596 -3.88358
-3.99591 -3.76524
-3.99549 -3.76577
-3.99539 -3.64668
-3.99505 -3.26299
-3.99489 -3.76639
-3.99475 -3.26132
-3.99457 -3.76567
-3.98757 -3.63818
-3.98752 -3.63779
-3.98213 -2.34186
-3.88302 -3.76798
-3.88299 -3.7676
-3.88285 -3.76798
-3.88281 -3.76779
-3.88261 -3.76762
-3.88256 -3.7662
-3.88212 -3.64687
-3.88209 -3.76707
-3.88206 -3.64705
-3.88196 -3.76697
-3.88146 -3.7662
-3.8739 -3.63784
-3.76553 -3.64686
-3.76536 -3.64571
-3.76519 -3.64686
-3.76494 -3.64598
-3.76488 -3.64512
-3.76476 -3.64667
-3.76474 -3.64589
-3.76465 -3.64528
-3.76451 -3.64518
-3.7645 -3.6451
-3.7644 -3.64498
-3.76418 -3.64451
-3.76371 -3.64468
-3.76357 -3.64444
-3.76339 -3.64417
-3.75793 -3.64567
-3.75788 -3.6383
-3.64537 -3.64534
-3.64469 -3.52271
-3.64462 -3.63806
-3.64449 -3.26355
-3.64447 -3.26394
-3.64445 -3.52238
-3.64434 -3.63818
-3.64431 -3.52355
-3.64428 -3.26394
-3.64424 -3.26308
-3.64405 -3.26391
-3.64404 -3.26342
-3.64402 -3.52113
-3.64381 -3.52064
-3.64379 -3.26315
-3.64363 -3.26273
-3.64344 -3.52209
-3.64344 -3.26151
-3.64343 -3.26284
-3.64339 -3.26221
-3.64338 -3.26257
-3.64337 -3.26259
-3.64337 -3.2625
-3.64337 -3.52122
-3.64328 -3.26207
-3.64321 -3.26246
-3.64296 -3.262
-3.64288 -2.98106
-3.64276 -3.26173
-3.64251 -3.12468
-3.63712 -3.52136
-3.63683 -3.51421
-3.63681 -3.51405
-3.52051 -3.26377
-3.52033 -3.26363
-3.52031 -3.26274
-3.5201 -3.26315
-3.51991 -3.26243
-3.51917 -3.26184
-3.51909 -3.26062
-3.51868 -2.83443
-3.51258 -2.98163
-3.2613 -3.261
-3.26119 -3.12551
-3.26113 -3.12617
-3.26105 -3.12462
-3.26104 -3.12581
-3.26101 -3.2609
-3.26096 -3.12593
-3.26071 -3.12456
-3.26056 -3.12565
-3.26055 -3.12402
-3.2605 -3.12468
-3.26048 -3.1246
-3.26048 -3.12443
-3.26048 -3.12433
-3.26042 -2.98387
-3.26039 -3.12479
-3.26038 -3.12558
-3.26036 -3.1251
-3.26024 -3.12529
-3.26023 -3.12509
-3.26022 -3.12501
-3.26022 -3.25996
-3.2601 -2.98246
-3.26003 -3.11809
-3.25996 -3.12433
-3.25987 -2.83562
-3.25979 -2.98239
-3.25976 -2.98181
-3.25973 -3.12401
-3.2596 -2.98125
-3.25943 -2.8346
-3.25938 -3.12334
-3.25934 -3.11789
-3.25467 -3.12495
-3.25454 -3.11885
-3.25439 -3.11867
-3.25299 1.23192
-3.2497 -3.11364
-3.12403 -2.98312
-3.12388 -2.98324
-3.12367 -3.11867
-3.12359 -2.98211
-3.1234 -2.98163
-3.12338 -2.83458
-3.12329 -2.98226
-3.12303 -3.12281
-3.12284 -2.67952
-3.12276 -2.83423
-3.12264 -2.98166
-3.12264 -2.83456
-3.12258 -2.51621
-3.12227 -2.83429
-3.12217 -2.83403
-3.12217 -2.98161
-3.12214 -2.83227
-3.12151 -2.67784
-3.11677 -2.97555
-3.11677 -2.67888
-3.11672 -2.67796
-3.11656 -1.74667
-3.11631 -2.67804
-2.98179 -2.83502
-2.98118 -2.83453
-2.98102 -2.51731
-2.98056 -2.83413
-2.98034 -2.83416
-2.97471 -2.67384
-2.9744 -2.82773
-2.83362 -2.83303
-2.83317 -2.51658
-2.83292 -2.51697
-2.83277 -2.67992
-2.83263 -2.67943
-2.83258 -2.67964
-2.83252 -2.51518
-2.83223 -2.67966
-2.83213 -2.67966
-2.83206 -2.67894
-2.83189 -2.67853
-2.8317 -2.51615
-2.83119 -2.51587
-2.82742 -2.67864
-2.82697 -2.51011
-2.82301 -2.50617
-2.67803 -2.51687
-2.67708 -2.51639
-2.67663 -2.51483
-2.67657 -2.51453
-2.67657 -2.51453
-2.67642 -2.51474
-2.67196 -2.5098
-2.67186 -2.51471
-2.51408 -2.34377
-2.5139 -2.51368
-2.51384 -2.34343
-2.51375 -2.34292
-2.51339 -2.51322
-2.51311 -2.34236
-2.51304 -2.51267
-2.51296 -2.50917
-2.51287 -2.34256
-2.51282 -2.51277
-2.51267 -2.34032
-2.5097 -2.34285
-2.50965 -2.34254
-2.34042 -1.96234
-2.34023 -1.96209
-2.34012 -1.96231
-2.33999 -1.96205
-2.33953 -1.74707
-2.33929 -1.96106
-1.96034 -1.96034
-1.95994 -1.95947
-1.95991 -1.74738
-1.9598 -1.7469
-1.95973 -1.74705
-1.95921 -1.74714
-1.95918 -1.74642
-1.95903 -1.74643
-1.95881 -1.74532
-1.74489 -1.74473
-1.74463 -1.74448
-1.74437 -1.50773
-1.74416 -1.23984
-1.74397 -1.24013
-1.74375 -1.23944
-1.74356 -1.50923
-1.74351 -1.74344
-1.74345 -1.50931
-1.74102 -1.505
-1.73886 2.32843
-1.50625 -1.23878
-1.50542 -1.23728
-1.50391 -1.23634
-1.23798 -1.23738
-1.23767 -0.919898
-1.23702 -1.237
-1.23527 -0.501165
-0.916089 -0.501036
-0.915701 -0.915701
-0.501165 -0.501036
-0.500388 0.914084
