-8.52614 -3.52416
-8.50215 -3.12388
-8.48244 -3.64758
-8.33186 -3.26163
-8.15827 -7.23202
-8.15689 -3.2621
-8.13902 -3.12518
-8.13891 -3.2624
-8.10019 -8.04158
-8.09928 -7.67759
-8.04 -7.86213
-8.0394 -3.76831
-8.02125 -3.26345
-7.92057 -7.80155
-7.85963 -7.67661
-7.8587 -3.52305
-7.84253 -7.59842
-7.7996 -7.61639
-7.79792 -3.76689
-7.73754 -7.42683
-7.67739 -7.6156
-7.67619 -7.23294
-7.67591 -7.42654
-7.61471 -5.5393
-7.6143 -7.1674
-7.61412 -7.23256
-7.61403 -7.42731
-7.61401 -7.55262
-7.61362 -7.55136
-7.61362 -7.10122
-7.61334 -7.42565
-7.61282 -7.09995
-7.61232 -7.03299
-7.59655 -7.53434
-7.59573 -5.94547
-7.58471 -2.34242
-7.55375 -4.1113
-7.55201 -7.42661
-7.42634 -7.36334
-7.42567 -7.23294
-7.42538 -6.89797
-7.42525 -7.36123
-7.42514 -7.23256
-7.42513 -7.23164
-7.42477 -7.23277
-7.42433 -7.23177
-7.40767 -7.21508
-7.36181 -7.36067
-7.36097 -7.03365
-7.36076 -7.3449
-7.36057 -7.23163
-7.36057 -7.1668
-7.36027 -7.23112
-7.35993 -5.94406
-7.35949 -7.03305
-7.34295 -4.63157
-7.23104 -7.16668
-7.23033 -7.10001
-7.22953 -5.7045
-7.22937 -5.36815
-7.16454 -6.54593
-7.16451 -7.0987
-7.1642 -6.54585
-7.16385 -3.99999
-7.16374 -6.61619
-7.16287 -4.21879
-7.14856 -6.89625
-7.09864 -7.03305
-7.09853 -7.03156
-7.09799 -6.89642
-7.08079 -5.86541
-7.03202 -6.82897
-7.03183 -6.89792
-7.03157 -6.82927
-7.03127 -6.82691
-7.01535 -6.88092
-6.89675 -6.89618
-6.8962 -6.82848
-6.89611 -6.82751
-6.89599 -6.75949
-6.89599 -6.8958
-6.89573 -6.82801
-6.89565 -6.61796
-6.89558 -6.82777
-6.89528 -6.61715
-6.89523 -6.82764
-6.89516 -6.6872
-6.89514 -6.68983
-6.8951 -6.75872
-6.89484 -6.54619
-6.89479 -6.82614
-6.89444 -6.61804
-6.89383 -4.10061
-6.89312 -6.25276
-6.88061 -6.74269
-6.8272 -6.75948
-6.8271 -6.61831
-6.82708 -6.68894
-6.827 -6.75836
-6.82689 -6.61935
-6.82689 -6.54646
-6.82672 -6.61842
-6.82647 -6.61636
-6.82644 -6.61761
-6.8264 -6.68744
-6.8264 -6.54685
-6.82621 -6.75898
-6.82594 -6.54562
-6.81087 -6.61748
-6.81071 -5.92995
-6.81026 -3.99752
-6.75758 -6.68877
-6.75737 -6.61809
-6.7563 -6.54575
-6.74214 -6.60234
-6.68811 -6.61857
-6.68755 -6.618
-6.68695 -6.61647
-6.68674 -5.70295
-6.68671 -6.61829
-6.68663 -6.54566
-6.68636 -6.02206
-6.68633 -6.6013
-6.68613 -5.94555
-6.68598 -6.61713
-6.68593 -6.60132
-6.61718 -6.61715
-6.61689 -6.61672
-6.61673 -6.5462
-6.6167 -6.54611
-6.61652 -6.6161
-6.6164 -6.547
-6.61621 -6.60175
-6.61617 -6.5454
-6.61615 -6.54589
-6.61599 -6.54617
-6.61574 -6.54535
-6.61551 -6.54497
-6.61549 -6.61534
-6.61546 -6.54452
-6.61534 -6.0239
-6.61526 -6.54512
-6.61521 -6.60127
-6.61505 -4.20919
-6.61491 -6.2522
-6.61486 -6.25197
-6.61471 -6.02405
-6.60071 -3.52191
-6.60039 -6.45782
-6.6003 -6.31214
-6.54564 -6.54454
-6.54478 -6.3272
-6.54433 -6.32694
-6.54429 -6.25217
-6.54381 -6.32653
-6.54377 -6.25207
-6.54373 -6.17667
-6.54371 -6.25242
-6.54363 -6.25187
-6.54357 -6.10076
-6.54355 -6.32612
-6.5434 -6.32617
-6.54284 -6.25163
-6.54278 -6.25264
-6.54274 -5.53752
-6.54258 -5.94454
-6.54258 -5.94456
-6.54231 -6.25129
-6.52926 -5.19342
-6.52861 -5.86495
-6.52849 -5.92995
-6.52793 -4.63126
-6.4722 -6.32716
-6.47066 -3.99879
-6.32578 -6.25327
-6.32549 -6.17712
-6.32541 -6.25181
-6.3254 -6.10064
-6.32529 -6.09972
-6.32525 -6.25239
-6.32512 -6.25274
-6.32509 -6.25159
-6.32504 -6.17694
-6.32474 -6.23672
-6.32471 -6.02271
-6.32447 -6.25049
-6.32429 -6.09954
-6.31045 -6.16151
-6.25118 -6.25106
-6.25108 -6.10009
-6.25081 -5.9453
-6.25066 -6.25051
-6.2506 -6.09934
-6.25047 -6.02329
-6.25045 -5.94504
-6.25044 -6.02464
-6.25039 -6.10024
-6.25036 -6.1002
-6.25034 -6.02248
-6.2501 -6.02248
-6.25006 -5.94473
-6.24986 -3.76891
-6.2498 -6.17568
-6.2497 -6.09933
-6.24967 -5.94467
-6.24966 -5.94464
-6.24964 -5.70532
-6.24956 -6.17536
-6.24947 -6.1753
-6.24943 -4.21798
-6.23561 -5.93021
-6.23534 -5.93046
-6.17569 -6.09996
-6.17518 -6.02284
-6.17508 -6.02325
-6.1748 -5.94427
-6.17477 -5.9451
-6.17473 -6.02284
-6.17461 -5.94477
-6.1746 -6.02191
-6.17446 -6.09841
-6.17434 -5.86588
-6.17374 -5.62235
-6.16089 -5.93184
-6.16084 -6.08485
-6.16075 -5.94319
-6.09949 -5.94548
-6.09938 -5.94488
-6.09908 -6.02281
-6.09908 -6.02291
-6.09858 -5.94533
-6.09849 -5.9439
-6.09842 -5.9447
-6.09833 -5.94463
-6.09827 -5.94419
-6.09823 -5.94526
-6.098 -5.70494
-6.09794 -5.94457
-6.09793 -4.53153
-6.09789 -5.94391
-6.09778 -5.70492
-6.0841 -4.22013
-6.08368 -3.76775
-6.02252 -5.94647
-6.02185 -5.94574
-6.02184 -5.94406
-6.02181 -5.94454
-6.02176 -5.94465
-6.02156 -5.94379
-6.02146 -5.94498
-6.02144 -5.94384
-6.0214 -5.94457
-6.02138 -5.94455
-6.02112 -5.94339
-6.02093 -5.94435
-6.02093 -5.70468
-6.02091 -5.94429
-6.02067 -5.70422
-6.02058 -5.6216
-6.02057 -5.70471
-6.00668 -3.76875
-5.94454 -5.94454
-5.94421 -5.94406
-5.94412 -5.94362
-5.94397 -5.94376
-5.94386 -5.86733
-5.94383 -5.86717
-5.94379 -5.86613
-5.94378 -5.86618
-5.94373 -4.63065
-5.94371 -5.86508
-5.94368 -5.94327
-5.94367 -5.94305
-5.94357 -5.86632
-5.94347 -5.86601
-5.94341 -5.70503
-5.94338 -5.70425
-5.94336 -5.86417
-5.94334 -5.86493
-5.94322 -5.86623
-5.94322 -5.70458
-5.94313 -5.94265
-5.9431 -5.70452
-5.94309 -5.86683
-5.94295 -5.70464
-5.94287 -5.86565
-5.94284 -5.86405
-5.94278 -5.86457
-5.94264 -5.36881
-5.9426 -5.70313
-5.94248 -5.70528
-5.94247 -5.53913
-5.94238 -5.62255
-5.94231 -5.53768
-5.94229 -5.86483
-5.94226 -5.70336
-5.94221 -5.70408
-5.94205 -5.70319
-5.94201 -5.62209
-5.94187 -3.64774
-5.9418 -5.45402
-5.94153 -5.70392
-5.94142 -5.28095
-5.94099 -5.45422
-5.9404 -5.28211
-5.94018 -4.53016
-5.93022 -5.92985
-5.93003 -5.92997
-5.92975 -5.18128
-5.92974 -3.63839
-5.9294 -4.62923
-5.9294 -5.6217
-5.92913 -4.11139
-5.92902 -5.85075
-5.92896 -5.18087
-5.92878 -5.52511
-5.8648 -5.70468
-5.86472 -5.85159
-5.8645 -5.86405
-5.86419 -5.70425
-5.86396 -5.70518
-5.86388 -5.70384
-5.86386 -5.70526
-5.86369 -4.52793
-5.86366 -5.62243
-5.86363 -5.7048
-5.8636 -5.7034
-5.86351 -5.70384
-5.86347 -5.36942
-5.86338 -5.53848
-5.86334 -5.70365
-5.86333 -5.7039
-5.86332 -5.36885
-5.86326 -5.70472
-5.86316 -5.70331
-5.86314 -5.70325
-5.86311 -5.45451
-5.86305 -5.62233
-5.86304 -5.70422
-5.86284 -5.62184
-5.86283 -5.36887
-5.86251 -5.36823
-5.86223 -5.52556
-5.86182 -4.11072
-5.86154 -4.52773
-5.85055 -5.69087
-5.85045 -5.69047
-5.85019 -2.83568
-5.84961 -5.60834
-5.84907 -3.64824
-5.70379 -5.53948
-5.70378 -5.62112
-5.70366 -5.5395
-5.70364 -5.53913
-5.7036 -5.53842
-5.70359 -5.5393
-5.70359 -5.53854
-5.70358 -5.70339
-5.70346 -5.53955
-5.70337 -5.70322
-5.70335 -5.70304
-5.70326 -5.53697
-5.70324 -5.62246
-5.70301 -5.62351
-5.70298 -5.45508
-5.70291 -5.62127
-5.70283 -5.53863
-5.7028 -5.45555
-5.70274 -5.62152
-5.7027 -4.53101
-5.7027 -5.62246
-5.70253 -5.45412
-5.70248 -5.62226
-5.70247 -5.45542
-5.70246 -5.01167
-5.70245 -5.62235
-5.70242 -5.621
-5.70239 -5.45401
-5.70235 -5.62104
-5.70233 -4.91963
-5.70231 -5.45491
-5.70231 -5.62134
-5.70229 -5.6224
-5.70228 -5.01276
-5.70223 -5.62152
-5.70223 -5.62027
-5.70219 -5.28025
-5.70218 -5.45422
-5.70206 -5.28175
-5.70204 -5.28185
-5.70203 -5.62051
-5.70201 -5.70173
-5.70198 -5.53955
-5.70196 -5.28218
-5.70193 -5.28254
-5.70192 -5.45398
-5.70188 -5.45413
-5.70187 -5.45366
-5.70185 -5.45409
-5.7018 -5.62072
-5.70178 -5.53756
-5.70173 -5.45522
-5.70172 -5.28042
-5.70166 -5.36833
-5.70164 -5.62016
-5.70161 -5.45291
-5.70159 -4.91908
-5.70157 -5.28163
-5.70155 -5.2813
-5.70148 -5.45291
-5.70142 -4.91811
-5.7014 -5.28131
-5.70139 -5.45339
-5.70137 -5.36805
-5.70133 -5.454
-5.70133 -4.63105
-5.70063 -4.21944
-5.70062 -3.26317
-5.7006 -3.64835
-5.69 -5.62139
-5.68969 -5.36817
-5.6896 -3.12738
-5.68959 -5.44107
-5.68958 -3.64535
-5.68956 -5.60853
-5.68949 -5.28094
-5.68944 -5.60829
-5.62151 -5.54045
-5.62131 -5.62103
-5.62042 -5.53942
-5.62034 -5.45327
-5.62021 -5.53917
-5.6202 -5.53793
-5.61998 -5.53883
-5.61983 -5.52514
-5.61975 -5.53886
-5.61957 -5.45298
-5.61939 -5.3667
-5.61937 -5.28147
-5.61918 -5.45276
-5.6191 -5.36814
-5.61872 -3.76712
-5.6183 -4.91799
-5.61781 -4.53008
-5.60771 -5.44081
-5.6077 -5.18082
-5.59967 -5.5167
-5.53885 -5.53883
-5.53793 -5.45432
-5.53772 -5.36962
-5.5377 -5.53769
-5.5375 -5.36951
-5.53747 -5.36909
-5.53744 -5.53713
-5.53743 -5.36901
-5.53739 -5.45437
-5.53723 -5.28286
-5.53694 -5.454
-5.53691 -5.53665
-5.53677 -5.1916
-5.53675 -5.45386
-5.53665 -4.91996
-5.53642 -5.53598
-5.53629 -5.36726
-5.53628 -5.28026
-5.53627 -5.2806
-5.53626 -5.36851
-5.53623 -5.19181
-5.53584 -5.3673
-5.5355 -5.19156
-5.53536 -4.91813
-5.52482 -5.26922
-5.5248 -4.53215
-5.52479 -5.35581
-5.5247 -5.26843
-5.52464 -5.44141
-5.5244 -5.26851
-5.45325 -5.36866
-5.45311 -5.28254
-5.45309 -5.36806
-5.45304 -5.36799
-5.45292 -5.36931
-5.45287 -5.28207
-5.4527 -5.2819
-5.45268 -5.368
-5.45268 -5.36858
-5.45266 -5.28083
-5.4526 -5.36777
-5.45258 -5.36741
-5.45258 -5.2821
-5.45252 -5.28048
-5.45244 -5.35541
-5.45243 -5.28159
-5.45242 -5.28173
-5.4524 -5.36726
-5.45239 -5.28131
-5.45238 -5.36926
-5.45238 -5.36793
-5.45238 -5.28089
-5.45238 -5.35565
-5.45235 -5.28056
-5.45235 -5.36822
-5.45224 -5.28083
-5.45219 -5.36746
-5.45215 -3.52335
-5.4521 -5.28099
-5.45208 -5.35569
-5.45206 -5.35577
-5.45204 -5.36726
-5.45203 -5.28092
-5.45193 -5.45163
-5.4519 -5.36687
-5.45167 -5.36686
-5.45166 -5.27992
-5.45144 -3.12512
-5.45141 -4.63122
-5.45137 -5.28002
-5.45129 -5.36745
-5.45125 -5.35509
-5.45121 -5.36731
-5.45112 -5.27978
-5.45091 -5.27948
-5.45064 -5.01211
-5.44018 -3.26396
-5.36783 -5.28229
-5.36772 -5.2821
-5.36755 -5.28175
-5.36735 -5.36682
-5.36729 -5.28161
-5.36716 -5.28085
-5.36704 -5.28084
-5.36694 -5.28076
-5.36687 -5.19287
-5.36683 -5.28206
-5.36682 -4.91873
-5.3668 -5.35498
-5.36677 -5.1929
-5.36675 -5.28014
-5.36674 -5.01266
-5.36669 -5.28076
-5.36668 -4.92011
-5.36668 -4.92018
-5.36656 -5.01258
-5.3665 -4.92035
-5.36649 -5.28109
-5.36649 -5.28045
-5.36648 -5.28204
-5.36647 -4.21973
-5.36641 -4.92018
-5.36634 -4.91997
-5.36634 -5.28065
-5.36632 -4.91972
-5.36632 -5.19225
-5.36628 -5.01243
-5.36628 -5.36617
-5.36621 -4.92017
-5.36619 -4.91903
-5.36614 -5.01221
-5.36611 -5.01287
-5.3661 -5.28078
-5.3661 -5.27961
-5.36608 -5.01145
-5.36604 -5.28143
-5.36602 -5.28028
-5.366 -4.91925
-5.366 -5.28055
-5.36595 -5.19301
-5.36584 -5.27947
-5.36582 -5.27947
-5.36574 -4.91903
-5.36569 -5.27993
-5.36541 -4.9182
-5.36532 -3.26381
-5.36526 -5.01234
-5.36519 -5.27899
-5.36516 -5.27953
-5.36515 -4.63156
-5.35537 -5.35486
-5.35522 -5.18123
-5.35512 -5.18084
-5.35487 -5.18089
-5.35482 -5.18082
-5.3546 -4.91932
-5.35457 -5.26931
-5.35407 -4.90826
-5.35396 -4.90791
-5.35389 -4.90815
-5.35357 -3.99978
-5.35357 -3.51522
-5.28042 -5.28037
-5.28031 -5.19286
-5.28029 -5.27992
-5.28025 -5.2802
-5.28023 -4.91987
-5.28016 -4.91989
-5.28016 -5.01307
-5.28015 -5.28009
-5.28014 -5.01229
-5.28007 -5.27993
-5.28007 -5.19327
-5.28003 -5.19274
-5.28002 -5.19429
-5.28002 -5.01261
-5.28 -5.01337
-5.27999 -5.01424
-5.27997 -5.27979
-5.27996 -5.18082
-5.27994 -5.01243
-5.27991 -5.18087
-5.27982 -5.18089
-5.27976 -5.19451
-5.27976 -5.01318
-5.27976 -5.01323
-5.27973 -5.01411
-5.27972 -5.01215
-5.27971 -5.01178
-5.27967 -5.01301
-5.27966 -4.91997
-5.27962 -5.01328
-5.27961 -5.19301
-5.27958 -5.19227
-5.27955 -5.19301
-5.27952 -4.91952
-5.27952 -5.01245
-5.27948 -5.19384
-5.27946 -5.01261
-5.27946 -5.01242
-5.27939 -5.1924
-5.27936 -4.92026
-5.27932 -5.19122
-5.27927 -5.18082
-5.27927 -5.01269
-5.27921 -5.01108
-5.27918 -4.91968
-5.27917 -5.01203
-5.27917 -5.01262
-5.27916 -4.92024
-5.27916 -5.19125
-5.27915 -4.91969
-5.27912 -4.21789
-5.27908 -4.91957
-5.27908 -5.01273
-5.27908 -5.01192
-5.27906 -5.19152
-5.27906 -4.91906
-5.27906 -5.27896
-5.27904 -5.19254
-5.27903 -4.9201
-5.27901 -5.19137
-5.27898 -5.0112
-5.27898 -4.91988
-5.27896 -5.0125
-5.27888 -3.12524
-5.27887 -4.92033
-5.27885 -4.91929
-5.27869 -4.9198
-5.27868 -4.91853
-5.27867 -4.91809
-5.27866 -5.01167
-5.27866 -5.19208
-5.27863 -4.91929
-5.27862 -5.19221
-5.27855 -4.91813
-5.27854 -4.63205
-5.27852 -5.19159
-5.2785 -4.91972
-5.27845 -5.19242
-5.27841 -5.01101
-5.27835 -4.91874
-5.27834 -5.01192
-5.2783 -5.19142
-5.27823 -5.01094
-5.27819 -4.91927
-5.27816 -4.91983
-5.27811 -5.01146
-5.27809 -4.91871
-5.27783 -4.72812
-5.27673 -4.91761
-5.26756 -5.18055
-5.26724 -4.90855
-5.26713 -4.90757
-5.26681 -3.51459
-5.26663 -4.62063
-5.26648 -4.41894
-5.19199 -5.18084
-5.19179 -4.92055
-5.19128 -5.19083
-5.19087 -4.91986
-5.19078 -4.92036
-5.19075 -4.7293
-5.19061 -5.01234
-5.19052 -5.01146
-5.19041 -4.91984
-5.1903 -4.62942
-5.19014 -4.72943
-5.19004 -4.91829
-5.18991 -4.42884
-5.18985 -4.53203
-5.18971 -4.53121
-5.18962 -4.91922
-5.18961 -4.5317
-5.18934 -5.01087
-5.17964 -4.91921
-5.17866 -2.34449
-5.01211 -4.92107
-5.01179 -4.92052
-5.0117 -4.92068
-5.01157 -4.9207
-5.01151 -4.92016
-5.01146 -4.91989
-5.01138 -4.90826
-5.0113 -4.92104
-5.01128 -4.919
-5.01128 -5.011
-5.01127 -4.9207
-5.01126 -5.0112
-5.01126 -4.91894
-5.01125 -4.91999
-5.01121 -4.92128
-5.01118 -4.92021
-5.01116 -4.92008
-5.01112 -4.91961
-5.01108 -4.92124
-5.01106 -4.91957
-5.01097 -4.9204
-5.01091 -4.91989
-5.01086 -4.91939
-5.01082 -4.91831
-5.01079 -4.9206
-5.01078 -4.9191
-5.01076 -4.90836
-5.01069 -4.9191
-5.01062 -4.91843
-5.01059 -4.9185
-5.01057 -4.72929
-5.01055 -4.9198
-5.01053 -4.9185
-5.0105 -4.91877
-5.01046 -4.72933
-5.0104 -4.9184
-5.01038 -4.91989
-5.01029 -4.91848
-5.01024 -4.91859
-5.01015 -4.72951
-5.01014 -4.91883
-5.01009 -4.72932
-5.01005 -4.63128
-5.01003 -4.72983
-5.01002 -4.91791
-5.01001 -4.91892
-5.00996 -4.91956
-5.00986 -4.91841
-5.00982 -4.91833
-5.00971 -4.90702
-5.00959 -5.00951
-5.0095 -4.72895
-5.009 -4.91805
-4.99945 -4.9077
-4.99942 -4.71844
-4.99939 -4.90829
-4.99934 -4.90775
-4.99917 -4.61935
-4.99881 -4.9074
-4.99877 -4.90767
-4.99872 -4.90653
-4.99867 -4.90668
-4.9191 -4.91862
-4.91881 -4.73007
-4.91876 -4.72986
-4.91869 -4.91866
-4.91863 -4.73049
-4.91856 -4.91855
-4.91834 -4.91751
-4.9183 -4.91815
-4.91828 -4.91794
-4.91813 -4.72886
-4.91806 -4.72874
-4.91801 -4.73059
-4.91801 -4.72842
-4.918 -4.72871
-4.91797 -4.63227
-4.91796 -4.90815
-4.91794 -4.9177
-4.9179 -4.90749
-4.91789 -4.63189
-4.91788 -4.73042
-4.91784 -4.73022
-4.91783 -4.6323
-4.91779 -4.63021
-4.91775 -4.63121
-4.91775 -4.63207
-4.91773 -4.6321
-4.91772 -4.6329
-4.91771 -4.63247
-4.9177 -4.73007
-4.91767 -4.72946
-4.91765 -4.63225
-4.91765 -4.6313
-4.91763 -4.72936
-4.91763 -4.91754
-4.91762 -4.63252
-4.91762 -4.53181
-4.9176 -4.63044
-4.91757 -4.63267
-4.91757 -4.72858
-4.91756 -4.72945
-4.91755 -4.7284
-4.91754 -4.72965
-4.91754 -4.72893
-4.91742 -4.63115
-4.91741 -4.72951
-4.91741 -4.72948
-4.91739 -3.9989
-4.91739 -4.6325
-4.91736 -4.73005
-4.91735 -4.72932
-4.91734 -4.63265
-4.91734 -4.6314
-4.91728 -4.63177
-4.91725 -4.7284
-4.91724 -4.72897
-4.91724 -4.63235
-4.91724 -4.63132
-4.91722 -4.63105
-4.91722 -4.63204
-4.91718 -4.72839
-4.91715 -4.63111
-4.91714 -4.72843
-4.91714 -4.91687
-4.91714 -4.63099
-4.91713 -4.72846
-4.9171 -4.6319
-4.91709 -4.73024
-4.91708 -4.63204
-4.91707 -4.63168
-4.91698 -4.72886
-4.9169 -4.63171
-4.91689 -4.63174
-4.91687 -4.63075
-4.91686 -4.63054
-4.91682 -4.63044
-4.91677 -4.72785
-4.91675 -4.72872
-4.91671 -4.63158
-4.91671 -4.63095
-4.9167 -4.72861
-4.91664 -4.6307
-4.91661 -4.52123
-4.9166 -4.63078
-4.91657 -4.6308
-4.91646 -4.63041
-4.91643 -4.63122
-4.91638 -4.72872
-4.91638 -4.2198
-4.91633 -4.63067
-4.91631 -4.53132
-4.91631 -4.72832
-4.91629 -4.7291
-4.91627 -4.62945
-4.91627 -4.63029
-4.91625 -4.53098
-4.91624 -4.63031
-4.9162 -4.72858
-4.91614 -4.42999
-4.91609 -4.63018
-4.91605 -4.42828
-4.91603 -4.52943
-4.91596 -4.63139
-4.91584 -4.63041
-4.9158 -3.99919
-4.91579 -4.53101
-4.91579 -4.6298
-4.91576 -4.4277
-4.91572 -4.62989
-4.91571 -4.53043
-4.9157 -4.62967
-4.91561 -4.62958
-4.91559 -3.76899
-4.91549 -4.42919
-4.91523 -4.22003
-4.90708 -4.72795
-4.90691 -4.90652
-4.90683 -4.62098
-4.90681 -4.90656
-4.90678 -4.62038
-4.90673 -4.62057
-4.90652 -4.6202
-4.90639 -4.62111
-4.90622 -4.61984
-4.90621 -4.71711
-4.90601 -4.61992
-4.90596 -4.71765
-4.90553 -4.61928
-4.72869 -4.63332
-4.72831 -4.72827
-4.72825 -4.63135
-4.72823 -4.6321
-4.7282 -4.63267
-4.72818 -4.63207
-4.72813 -4.63351
-4.72808 -4.63262
-4.72808 -4.63135
-4.72807 -4.631
-4.72805 -4.63179
-4.72805 -4.63159
-4.72805 -4.63159
-4.728 -4.63184
-4.72797 -4.63194
-4.72781 -4.63098
-4.7278 -4.63164
-4.72779 -4.4306
-4.72778 -4.63198
-4.72778 -4.63098
-4.72776 -4.63177
-4.72772 -4.63138
-4.72772 -4.63078
-4.72772 -4.63196
-4.72766 -4.63197
-4.72761 -4.63057
-4.7276 -4.63023
-4.72758 -4.63225
-4.72755 -4.63188
-4.72754 -4.63168
-4.72754 -4.43018
-4.72753 -4.63067
-4.72753 -4.63115
-4.7275 -4.6305
-4.72749 -4.63135
-4.72743 -4.63134
-4.72739 -4.53155
-4.72737 -4.63049
-4.72737 -4.63106
-4.72735 -4.63132
-4.72734 -4.22122
-4.72733 -4.63107
-4.72732 -4.63126
-4.72725 -4.631
-4.72721 -4.63071
-4.72719 -4.63042
-4.72716 -4.63109
-4.72715 -4.63018
-4.72714 -4.43002
-4.72709 -4.63133
-4.72705 -4.63045
-4.727 -4.63085
-4.72694 -4.62959
-4.7268 -4.63011
-4.72677 -4.42832
-4.72676 -4.63002
-4.72675 -4.22015
-4.72672 -4.42974
-4.72671 -4.63052
-4.72666 -4.63117
-4.7266 -4.62969
-4.72656 -4.63038
-4.72649 -4.63134
-4.72648 -4.4299
-4.72641 -4.63002
-4.72636 -4.62972
-4.72612 -3.88471
-4.72602 -4.42911
-4.72588 -4.11169
-4.72587 -4.52977
-4.72572 -4.42885
-4.71727 -4.63048
-4.7172 -4.61999
-4.71715 -4.62108
-4.71648 -4.61952
-4.71628 -4.61991
-4.63094 -4.63051
-4.63091 -4.63089
-4.63065 -4.53211
-4.6303 -4.5327
-4.63022 -4.53244
-4.63011 -4.53246
-4.63003 -4.52856
-4.63001 -4.52123
-4.63 -4.53219
-4.62999 -4.62979
-4.62994 -4.53174
-4.62991 -4.62962
-4.6299 -4.4299
-4.62982 -4.53146
-4.6298 -4.42979
-4.62972 -4.62966
-4.62971 -4.53152
-4.62971 -4.6293
-4.62969 -4.62949
-4.62962 -4.53146
-4.62959 -4.42882
-4.62958 -4.5315
-4.62957 -4.53182
-4.62955 -4.53061
-4.62954 -4.53204
-4.62954 -4.53139
-4.62953 -4.62951
-4.62951 -4.42916
-4.6295 -4.53154
-4.62948 -4.52931
-4.62947 -4.52059
-4.62947 -4.53132
-4.62946 -4.43015
-4.62945 -4.53015
-4.62943 -4.53103
-4.62933 -4.53042
-4.62933 -4.62889
-4.62932 -4.53116
-4.62928 -4.53157
-4.62928 -4.53043
-4.62928 -4.22003
-4.62926 -4.53174
-4.62924 -4.42969
-4.62921 -4.53048
-4.62915 -4.42919
-4.62914 -4.53066
-4.62914 -3.99929
-4.62913 -4.52953
-4.62913 -4.62908
-4.62909 -4.5315
-4.62907 -4.53185
-4.62905 -4.52978
-4.62905 -4.53037
-4.62904 -4.53176
-4.62904 -4.53151
-4.62904 -4.53136
-4.62903 -4.62894
-4.62899 -4.53115
-4.62896 -4.5306
-4.62891 -4.21916
-4.62889 -4.53157
-4.62888 -4.5304
-4.62884 -4.53201
-4.62883 -4.53027
-4.62883 -4.42932
-4.6288 -4.52022
-4.6288 -3.26433
-4.62878 -4.42802
-4.62878 -4.53048
-4.62874 -4.53175
-4.62872 -4.53006
-4.62872 -4.42826
-4.62871 -4.53089
-4.62869 -4.42901
-4.62868 -4.53147
-4.62867 -4.42978
-4.62861 -4.52887
-4.62861 -4.42938
-4.62858 -4.53025
-4.62855 -4.42867
-4.62852 -4.4285
-4.62851 -4.42896
-4.62849 -4.53103
-4.62843 -4.21955
-4.62843 -4.52006
-4.6284 -4.5309
-4.62837 -4.52958
-4.62835 -4.53129
-4.62829 -4.42935
-4.62828 -4.42807
-4.62823 -4.11117
-4.62821 -4.42818
-4.62809 -4.11116
-4.62792 -4.53002
-4.62776 -4.52985
-4.62775 -4.52926
-4.6277 -4.2186
-4.62765 -4.11065
-4.62743 -4.52991
-4.62733 -4.42805
-4.61941 -4.52101
-4.61936 -4.5208
-4.6192 -4.52105
-4.61912 -4.00055
-4.6188 -4.51946
-4.61839 -4.52016
-4.61831 -4.51984
-4.53026 -4.5302
-4.53024 -4.4302
-4.53021 -4.52991
-4.53015 -4.42991
-4.53012 -4.43035
-4.53012 -4.52988
-4.52999 -4.52949
-4.52994 -4.52967
-4.52992 -4.22085
-4.5299 -4.52984
-4.52981 -4.42864
-4.5298 -4.52975
-4.52979 -4.5293
-4.52979 -4.42972
-4.52977 -4.42979
-4.52966 -4.52054
-4.52961 -4.52916
-4.52957 -4.42823
-4.52957 -4.52941
-4.52956 -4.42857
-4.52955 -3.76777
-4.52954 -4.42959
-4.52951 -4.52914
-4.52951 -4.43033
-4.5295 -4.42943
-4.52949 -4.42827
-4.52947 -4.52007
-4.52947 -4.4295
-4.52944 -4.42983
-4.52944 -4.21969
-4.52932 -4.42876
-4.52932 -4.52892
-4.52931 -4.42988
-4.52924 -4.42804
-4.52922 -4.52889
-4.52921 -4.5292
-4.52918 -4.52809
-4.52913 -4.42832
-4.52908 -4.21983
-4.52908 -4.4289
-4.52908 -4.21932
-4.52907 -4.42899
-4.52904 -4.42841
-4.52903 -4.42858
-4.52901 -4.42914
-4.52899 -4.21841
-4.52898 -4.42795
-4.52894 -4.42952
-4.52893 -4.52886
-4.52893 -4.42915
-4.52885 -3.64755
-4.52884 -4.52814
-4.52881 -4.11169
-4.52879 -4.42876
-4.52874 -4.11095
-4.52869 -4.00029
-4.52869 -4.11075
-4.52855 -4.42815
-4.52854 -4.42863
-4.52852 -4.51996
-4.52851 -4.11171
-4.52847 -4.42903
-4.52841 -4.4278
-4.52837 -4.42734
-4.52814 -4.21827
-4.52807 -4.00013
-4.52794 -3.76793
-4.52792 -4.42737
-4.52791 -4.00039
-4.52783 -4.11098
-4.52769 -3.99984
-4.52754 -4.21838
-4.52738 -3.99919
-4.52665 -3.64817
-4.51991 -4.41877
-4.51971 -4.20975
-4.51961 -4.41853
-4.51953 -4.51925
-4.51947 -4.20939
-4.51925 -4.41867
-4.51922 -4.41859
-4.51913 -3.76904
-4.51906 -2.83534
-4.51896 -4.4181
-4.51894 -4.51893
-4.51885 -4.2093
-4.51817 -4.10932
-4.42871 -4.22028
-4.42869 -4.22028
-4.42864 -4.22089
-4.42851 -4.22087
-4.42845 -4.22021
-4.42835 -4.42823
-4.42828 -4.11297
-4.42825 -4.42803
-4.42822 -4.21899
-4.42818 -4.22016
-4.42804 -4.11282
-4.42804 -4.21982
-4.42801 -4.21903
-4.42797 -4.22005
-4.42797 -4.21972
-4.42785 -4.42762
-4.4278 -4.11218
-4.42768 -4.11167
-4.42766 -4.10975
-4.42765 -4.21892
-4.42763 -4.11214
-4.42763 -4.11259
-4.42762 -4.11141
-4.4276 -4.11195
-4.42759 -4.42684
-4.42756 -4.112
-4.42754 -4.11101
-4.42752 -4.11145
-4.42751 -4.11116
-4.42741 -4.42721
-4.4274 -4.11079
-4.42739 -4.112
-4.42737 -4.21808
-4.42737 -4.1114
-4.42736 -4.21827
-4.42735 -4.42729
-4.42734 -4.11159
-4.42734 -4.21915
-4.42731 -4.11183
-4.4273 -4.2194
-4.42728 -4.21893
-4.42728 -4.2192
-4.42725 -4.11223
-4.42721 -4.11004
-4.42719 -4.11075
-4.42718 -4.00041
-4.42717 -4.11122
-4.42716 -4.11068
-4.42713 -4.11035
-4.42712 -4.21996
-4.42712 -4.11071
-4.4271 -4.11156
-4.4271 -4.11128
-4.42707 -4.11162
-4.42705 -4.21864
-4.42704 -4.11182
-4.42702 -4.11126
-4.427 -4.1112
-4.42697 -4.21895
-4.42695 -3.99923
-4.42693 -4.11115
-4.42691 -4.11015
-4.42688 -3.99998
-4.42687 -3.99976
-4.42685 -4.11032
-4.42678 -4.11104
-4.42675 -4.11219
-4.4267 -4.11044
-4.42667 -3.99948
-4.42664 -4.11042
-4.42663 -4.11065
-4.42661 -4.11069
-4.42661 -4.1098
-4.42659 -4.10936
-4.42654 -3.99972
-4.42654 -3.76855
-4.42652 -4.11106
-4.42649 -4.21834
-4.42646 -4.11088
-4.42641 -4.11135
-4.42641 -4.00014
-4.4264 -4.11011
-4.4264 -4.10982
-4.42635 -4.11092
-4.4263 -3.99981
-4.42623 -4.10997
-4.42619 -3.76913
-4.42617 -4.11011
-4.4261 -4.10958
-4.42607 -3.88475
-4.426 -3.88444
-4.42595 -4.11113
-4.42585 -4.10947
-4.42581 -3.8848
-4.42571 -3.64855
-4.41799 -4.1107
-4.41773 -4.10179
-4.41761 -4.10141
-4.41759 -2.8354
-4.41754 -4.10073
-4.41748 -4.20878
-4.41736 -3.99065
-4.41701 -3.87589
-4.41683 -3.99002
-4.41681 -3.99879
-4.41679 -3.76753
-4.41677 -4.10051
-4.41677 -3.98962
-4.21859 -4.11208
-4.21856 -4.1118
-4.21854 -4.11194
-4.21853 -4.11191
-4.21839 -4.11143
-4.21839 -4.11117
-4.21839 -4.11071
-4.21838 -4.11032
-4.2183 -4.11065
-4.21813 -3.88732
-4.21811 -4.1108
-4.21804 -4.1113
-4.21802 -4.11109
-4.21799 -4.112
-4.21798 -4.11108
-4.21795 -4.11107
-4.21793 -4.11106
-4.21791 -4.11148
-4.21786 -4.11098
-4.21781 -4.11089
-4.21778 -4.11065
-4.21776 -4.1112
-4.21772 -4.11184
-4.21769 -4.11092
-4.21767 -4.11071
-4.21766 -3.88684
-4.21765 -3.88525
-4.21757 -4.11105
-4.21757 -3.88656
-4.21755 -3.8864
-4.21751 -4.00049
-4.21749 -4.11055
-4.21749 -3.8865
-4.21749 -3.8865
-4.21748 -3.64982
-4.21743 -4.1107
-4.21743 -3.76889
-4.21732 -4.11061
-4.21731 -3.99826
-4.21731 -3.9988
-4.21727 -3.88566
-4.21727 -4.11061
-4.21723 -3.88633
-4.21718 -3.769
-4.21697 -3.88468
-4.21689 -3.99939
-4.21682 -4.11057
-4.21669 -3.76848
-4.21659 -4.10959
-4.21645 -3.88497
-4.21639 -2.67969
-4.21638 -2.98271
-4.21618 -3.12648
-4.11034 -4.11017
-4.11034 -4.11025
-4.11011 -4.10994
-4.10998 -4.10953
-4.10996 -4.10995
-4.10995 -4.00101
-4.10994 -4.10975
-4.10978 -3.99968
-4.10973 -3.99977
-4.10971 -3.99939
-4.1097 -4.00059
-4.10966 -3.99987
-4.10964 -4.00039
-4.10961 -4.00048
-4.1096 -4.00038
-4.1096 -4.00026
-4.10959 -3.99991
-4.10957 -3.99951
-4.10955 -3.99914
-4.10954 -4.00013
-4.10953 -4.00082
-4.10953 -4.00079
-4.10952 -3.99993
-4.10952 -4.00057
-4.10949 -4.10909
-4.10948 -3.99909
-4.10946 -3.99998
-4.10943 -3.99938
-4.10942 -4.00061
-4.10941 -4.00042
-4.10939 -3.88736
-4.10938 -4.0012
-4.10938 -3.99814
-4.10937 -4.0002
-4.10936 -4.00013
-4.10934 -3.9994
-4.10933 -4.00063
-4.1093 -4.00021
-4.1093 -3.88406
-4.10928 -4.00041
-4.10927 -3.88472
-4.10927 -3.99947
-4.10927 -3.99997
-4.10926 -3.77019
-4.10926 -3.76999
-4.10925 -3.6479
-4.10924 -4.00085
-4.10924 -4.00105
-4.10922 -3.76856
-4.10922 -3.99953
-4.10921 -3.88607
-4.10921 -3.99943
-4.1092 -3.88624
-4.1092 -3.99942
-4.10919 -3.99929
-4.10919 -3.76982
-4.10918 -3.99922
-4.10918 -3.88497
-4.10917 -3.99952
-4.10914 -3.77056
-4.10914 -3.99877
-4.10914 -3.99924
-4.10913 -3.88547
-4.10912 -3.88575
-4.10909 -3.76951
-4.10905 -4.10837
-4.10905 -3.76887
-4.10904 -3.88523
-4.10904 -3.76964
-4.10903 -3.8862
-4.10902 -3.77047
-4.10902 -3.99843
-4.109 -3.99885
-4.10899 -3.99903
-4.10899 -3.9992
-4.10898 -3.88432
-4.10898 -3.88553
-4.10897 -4.00062
-4.10896 -3.88479
-4.10896 -4.00039
-4.10895 -3.76807
-4.10895 -3.8863
-4.10893 -3.99904
-4.10893 -3.99976
-4.10891 -3.99837
-4.10891 -3.88628
-4.10891 -3.88493
-4.10889 -3.88518
-4.10888 -3.99916
-4.10885 -3.99903
-4.10885 -3.99885
-4.10882 -3.9989
-4.1088 -3.64946
-4.10878 -3.99806
-4.10876 -3.88509
-4.10874 -3.99989
-4.10874 -3.76845
-4.10873 -3.76866
-4.10872 -3.88535
-4.10868 -3.99898
-4.10866 -3.88638
-4.10866 -3.76805
-4.10864 -3.76936
-4.10864 -3.88444
-4.10863 -3.77012
-4.10863 -3.76786
-4.10859 -3.88548
-4.10855 -3.99929
-4.10855 -3.88485
-4.10854 -3.76897
-4.10852 -3.76923
-4.10851 -3.99771
-4.10848 -3.76821
-4.10847 -3.88519
-4.10846 -3.88503
-4.10845 -3.76901
-4.10845 -3.76876
-4.1084 -3.99934
-4.10838 -3.99904
-4.10837 -3.76862
-4.10836 -3.76869
-4.10835 -3.88497
-4.10834 -3.88393
-4.10834 -3.76807
-4.10833 -3.76913
-4.1083 -3.88513
-4.10828 -3.99833
-4.10824 -3.64789
-4.10821 -3.88543
-4.10808 -3.88491
-4.108 -3.99924
-4.10799 -3.12601
-4.10797 -3.99856
-4.10795 -3.76845
-4.10788 -3.76835
-4.10788 -3.64847
-4.10786 -3.76825
-4.10782 -3.99838
-4.10778 -3.6486
-4.10768 -3.76847
-4.10768 -2.67879
-4.10767 -3.88468
-4.10742 -3.76732
-4.10719 -3.99746
-4.10054 -3.99101
-4.10012 -3.87676
-4.10008 -3.87625
-4.10001 -3.75953
-4.09999 -3.98967
-4.09995 -3.99035
-4.09975 -3.64749
-4.09932 -3.12528
-4.09928 -3.8754
-4.09368 -2.98294
-3.99892 -3.76924
-3.99886 -3.7693
-3.99878 -3.99863
-3.99862 -3.88708
-3.99861 -3.99824
-3.9986 -3.99096
-3.99852 -3.99758
-3.9985 -3.76953
-3.99844 -3.99831
-3.99834 -3.99773
-3.99824 -3.76829
-3.99822 -3.88631
-3.9982 -3.76883
-3.9982 -3.99805
-3.99819 -3.88553
-3.99815 -3.88555
-3.9981 -3.88586
-3.99807 -3.88487
-3.99804 -3.88442
-3.99804 -3.99795
-3.99801 -3.75933
-3.99795 -3.99777
-3.99795 -3.8853
-3.9979 -3.76816
-3.99789 -3.64857
-3.99785 -3.76995
-3.99781 -3.88481
-3.9978 -3.76899
-3.99779 -3.88547
-3.99777 -3.76844
-3.99776 -3.64909
-3.99774 -3.76698
-3.99773 -3.76855
-3.99769 -3.64845
-3.99768 -3.64939
-3.99764 -3.64889
-3.99761 -3.76901
-3.9976 -3.64895
-3.99758 -3.52425
-3.99758 -3.76805
-3.99755 -3.64717
-3.99754 -3.76937
-3.99753 -3.76825
-3.9975 -3.76765
-3.99749 -3.76987
-3.99744 -3.76736
-3.9974 -3.64843
-3.99733 -3.88521
-3.99733 -3.64831
-3.99733 -3.76736
-3.99731 -3.64749
-3.9973 -3.76848
-3.99729 -3.76825
-3.99729 -3.76754
-3.99726 -3.76933
-3.99725 -3.64791
-3.9972 -3.64856
-3.99717 -3.64799
-3.99705 -3.7667
-3.99696 -3.88474
-3.99683 -3.64766
-3.99681 -3.64773
-3.99681 -3.26463
-3.9968 -3.76895
-3.99671 -3.76901
-3.99663 -3.76822
-3.99649 -3.26283
-3.9963 -3.76743
-3.9959 -3.64623
-3.99555 -3.26396
-3.98908 -3.64042
-3.98907 -3.64705
-3.98906 -2.3418
-3.98894 -3.64772
-3.98854 -3.63921
-3.98845 -3.51554
-3.98837 -3.87545
-3.98834 -3.63886
-3.98817 -3.76673
-3.9829 -2.3429
-3.98282 -3.63883
-3.88487 -3.76992
-3.88484 -3.76952
-3.8848 -3.76984
-3.88478 -3.76936
-3.88469 -3.76992
-3.88464 -3.76972
-3.88459 -3.76831
-3.88454 -3.76958
-3.88452 -3.76924
-3.88448 -3.76963
-3.88443 -3.76954
-3.88438 -3.76801
-3.88435 -3.76855
-3.88434 -3.76833
-3.88431 -3.76772
-3.8843 -3.76934
-3.88426 -3.64878
-3.88423 -3.76789
-3.88423 -3.76965
-3.88421 -3.77011
-3.88415 -3.64858
-3.88413 -3.6487
-3.88412 -3.76891
-3.8841 -3.7691
-3.88409 -3.76831
-3.88406 -3.76768
-3.88403 -3.76871
-3.88399 -3.76863
-3.88399 -3.64885
-3.88398 -3.7699
-3.88396 -3.76815
-3.88395 -3.76891
-3.8839 -3.64869
-3.88388 -3.76878
-3.88387 -3.76895
-3.88385 -3.76804
-3.88381 -3.76847
-3.88379 -3.76821
-3.88378 -3.64806
-3.88376 -3.76777
-3.88375 -3.76794
-3.88375 -3.76822
-3.88373 -3.76884
-3.88366 -3.76831
-3.88363 -3.76798
-3.88358 -3.76907
-3.88358 -3.76861
-3.88357 -3.76889
-3.88357 -3.76848
-3.88357 -3.76804
-3.88356 -3.64791
-3.88351 -3.64869
-3.8835 -3.76786
-3.88346 -3.6481
-3.88342 -3.7685
-3.88338 -3.76621
-3.88338 -3.6483
-3.88326 -3.64848
-3.88325 -3.7677
-3.88324 -3.76737
-3.8832 -3.76801
-3.88317 -3.76802
-3.88306 -3.76754
-3.88292 -3.76757
-3.88289 -3.6468
-3.88288 -3.52307
-3.88267 -3.76744
-3.88266 -3.64748
-3.88247 -3.76771
-3.8822 -3.6459
-3.87555 -1.95843
-3.87536 -3.75949
-3.87536 -3.75972
-3.8752 -3.63921
-3.87516 -2.82839
-3.87492 -3.75916
-3.87455 -3.63841
-3.76823 -3.64955
-3.76809 -3.64952
-3.76798 -3.64988
-3.76769 -3.64938
-3.76761 -3.76745
-3.7676 -3.64877
-3.76753 -3.64863
-3.76743 -3.7673
-3.76742 -3.64879
-3.7674 -3.64828
-3.76737 -3.64903
-3.76737 -3.64853
-3.76736 -3.65028
-3.76733 -3.648
-3.76731 -3.64829
-3.7673 -3.76715
-3.76729 -3.64838
-3.76729 -3.64868
-3.76725 -3.64968
-3.76724 -3.64846
-3.76723 -3.6482
-3.76722 -3.65003
-3.76717 -3.64855
-3.76713 -3.6486
-3.76713 -3.64791
-3.76712 -3.64797
-3.76711 -3.64744
-3.76708 -3.6486
-3.76704 -3.64797
-3.76702 -3.64853
-3.76701 -3.64875
-3.767 -3.64801
-3.767 -3.64751
-3.76697 -3.64831
-3.76697 -3.64966
-3.76692 -3.64869
-3.76688 -3.64759
-3.76687 -3.64896
-3.76685 -3.6466
-3.76685 -3.64859
-3.76684 -3.64838
-3.76683 -3.6477
-3.76678 -3.6479
-3.76675 -3.64793
-3.76673 -3.64856
-3.76671 -3.64824
-3.76671 -3.64836
-3.7667 -3.64865
-3.76667 -3.64747
-3.76665 -3.64773
-3.76664 -3.75945
-3.76661 -3.6484
-3.76661 -3.64857
-3.76659 -3.64681
-3.76658 -3.6465
-3.76657 -3.64761
-3.76656 -3.64722
-3.76651 -3.64909
-3.7665 -3.64812
-3.76649 -3.64877
-3.76646 -3.64848
-3.76644 -3.64764
-3.76642 -3.64695
-3.76641 -3.64743
-3.76639 -3.64793
-3.76636 -3.64787
-3.76635 -3.64767
-3.76634 -3.64808
-3.76631 -3.64808
-3.7663 -3.26493
-3.76629 -3.64762
-3.76628 -3.64713
-3.76628 -3.64729
-3.76626 -3.64811
-3.76626 -3.64749
-3.76625 -3.64735
-3.76624 -3.26471
-3.76624 -3.64785
-3.7662 -3.64693
-3.76619 -3.64703
-3.76619 -3.64785
-3.76618 -3.64679
-3.76617 -3.64815
-3.76611 -3.64672
-3.7661 -3.64766
-3.76607 -3.64666
-3.76604 -3.64717
-3.76603 -3.64676
-3.76602 -3.64755
-3.7659 -3.64802
-3.76589 -3.75887
-3.76584 -3.12519
-3.76584 -3.64615
-3.76579 -3.64655
-3.76577 -3.26436
-3.76566 -3.12747
-3.76563 -3.26454
-3.76562 -3.26429
-3.76559 -3.64735
-3.76555 -3.64618
-3.76553 -3.64683
-3.76533 -3.64634
-3.76522 -3.647
-3.7652 -2.83482
-3.76518 -3.64608
-3.76511 -3.64596
-3.7651 -3.64647
-3.7651 -3.75837
-3.76503 -3.64742
-3.76495 -3.64527
-3.76454 -3.26319
-3.75911 -3.64741
-3.75898 -3.75897
-3.75875 -3.64748
-3.75875 -2.98431
-3.7586 -3.26393
-3.75859 -3.12515
-3.75849 -3.11854
-3.75833 -3.63868
-3.75828 -3.63839
-3.75819 -3.63936
-3.75806 -3.63941
-3.75793 -3.63883
-3.75788 -3.63849
-3.75751 -3.51489
-3.7574 -3.51559
-3.64778 -3.64759
-3.64708 -3.64704
-3.64701 -3.64692
-3.64696 -3.6462
-3.64686 -1.74287
-3.64677 -3.52422
-3.64673 -3.64661
-3.64666 -3.5258
-3.64663 -3.52486
-3.64657 -3.64651
-3.64655 -3.64619
-3.64654 -3.63945
-3.64649 -3.64635
-3.64648 -3.64608
-3.64648 -3.5248
-3.64645 -3.26497
-3.64638 -3.64627
-3.64637 -3.52432
-3.64636 -3.52264
-3.64635 -3.52446
-3.64633 -3.64612
-3.64629 -3.64597
-3.64626 -3.5236
-3.64624 -3.26505
-3.64622 -3.64615
-3.64619 -3.52494
-3.64615 -3.52323
-3.64613 -3.26524
-3.64612 -3.5215
-3.64611 -3.6456
-3.64611 -3.26565
-3.64611 -3.26539
-3.64611 -3.52372
-3.64609 -3.5241
-3.64607 -3.52285
-3.64605 -3.26453
-3.64605 -3.64586
-3.64605 -3.52391
-3.64604 -3.26524
-3.64603 -3.6459
-3.64602 -3.5248
-3.646 -3.26486
-3.64597 -3.26469
-3.64596 -3.5229
-3.64596 -3.52424
-3.64593 -3.52536
-3.64593 -3.64558
-3.64591 -3.64584
-3.64591 -3.26565
-3.64589 -3.64587
-3.64588 -3.26308
-3.64586 -3.26473
-3.64586 -3.26464
-3.64585 -3.12785
-3.64584 -3.64576
-3.64583 -3.52348
-3.64582 -3.52514
-3.64582 -3.12531
-3.64582 -3.26527
-3.64582 -3.64566
-3.6458 -3.26454
-3.64579 -3.51564
-3.64578 -3.52389
-3.64577 -3.26457
-3.64576 -3.52259
-3.64573 -3.52379
-3.64569 -3.26455
-3.64568 -3.26495
-3.64567 -3.2648
-3.64566 -3.26562
-3.64564 -3.52363
-3.64564 -3.26509
-3.64562 -3.52276
-3.64562 -3.52278
-3.6456 -3.26449
-3.6456 -3.63863
-3.6456 -3.26341
-3.64559 -3.26399
-3.64558 -3.52411
-3.64558 -3.26437
-3.64556 -3.52275
-3.64555 -3.52423
-3.64555 -3.26362
-3.64554 -3.26494
-3.64554 -3.5243
-3.64553 -3.26449
-3.64552 -3.26456
-3.64552 -3.26469
-3.6455 -3.52271
-3.64546 -3.26491
-3.64542 -3.52414
-3.64542 -3.26382
-3.64541 -3.26411
-3.6454 -3.52222
-3.64538 -3.2648
-3.64528 -3.26405
-3.64527 -3.64516
-3.64526 -3.26478
-3.64522 -3.26448
-3.64521 -3.26444
-3.6452 -3.26434
-3.64519 -3.52305
-3.64517 -3.26398
-3.64513 -2.51664
-3.64513 -3.52256
-3.64513 -3.26434
-3.64513 -3.26413
-3.64513 -3.26353
-3.64512 -3.26366
-3.64507 -3.26398
-3.64506 -3.26469
-3.64505 -3.26386
-3.64502 -3.26456
-3.64502 -3.26456
-3.64501 -3.26378
-3.64501 -3.52379
-3.645 -3.26304
-3.645 -3.64489
-3.645 -3.26349
-3.64499 -3.26357
-3.64499 -3.12613
-3.64499 -3.26447
-3.64499 -3.12738
-3.64497 -3.26356
-3.64495 -3.26481
-3.64495 -3.26378
-3.64494 -3.52179
-3.64494 -3.52263
-3.64494 -3.26417
-3.64493 -3.6448
-3.64493 -3.2642
-3.64492 -3.2641
-3.64492 -3.52285
-3.64492 -3.26411
-3.6449 -3.52299
-3.6449 -3.26416
-3.64489 -3.12689
-3.64483 -3.26489
-3.64483 -3.26364
-3.64483 -3.52135
-3.64477 -3.12682
-3.64476 -3.12688
-3.64475 -3.26377
-3.64473 -3.5217
-3.64472 -3.2635
-3.64469 -3.26314
-3.64467 -3.12596
-3.64467 -3.264
-3.64466 -3.26357
-3.64465 -3.26368
-3.64464 -3.26329
-3.64461 -3.12655
-3.64453 -3.26406
-3.64453 -3.26333
-3.64451 -3.26392
-3.6445 -3.1274
-3.64448 -3.26356
-3.64448 -3.26416
-3.64447 -3.12661
-3.64447 -3.12619
-3.64446 -3.26283
-3.6444 -3.26429
-3.6444 -2.98237
-3.64437 -3.26308
-3.64429 -3.2628
-3.64427 -3.26327
-3.64427 -3.12658
-3.64421 -3.12664
-3.64418 -2.98518
-3.64413 -3.26378
-3.64413 -3.26368
-3.64406 -3.26282
-3.644 -3.12615
-3.64394 -3.1255
-3.64392 -3.12621
-3.64371 -3.12535
-3.6436 -3.1253
-3.64346 -3.26322
-3.64336 -3.12525
-3.6387 -3.63867
-3.63863 -3.51526
-3.63852 -3.63844
-3.63849 -3.51564
-3.63827 -3.51563
-3.6382 -3.523
-3.63819 -3.52269
-3.63819 -3.51058
-3.63814 -3.25624
-3.63813 -3.52271
-3.63805 -3.51601
-3.63787 -3.51572
-3.63786 -3.51513
-3.63785 -3.51483
-3.63779 -3.25609
-3.63778 -3.5165
-3.63772 -3.25612
-3.63762 -3.26288
-3.63756 -3.25542
-3.63755 -3.25662
-3.63742 -3.26348
-3.63729 -3.11978
-3.63724 -3.11938
-3.52263 -3.26487
-3.52253 -3.52188
-3.52237 -3.52237
-3.52228 -3.52188
-3.52223 -3.52187
-3.52216 -3.51557
-3.52213 -3.52147
-3.52209 -3.26546
-3.52209 -3.26485
-3.52201 -3.26462
-3.52198 -3.26525
-3.52189 -3.26531
-3.52187 -3.52177
-3.52187 -3.26436
-3.52185 -3.26474
-3.52177 -3.26396
-3.52173 -3.26499
-3.52164 -3.2648
-3.52159 -3.51524
-3.52156 -3.26237
-3.52155 -3.26343
-3.52144 -3.26403
-3.52137 -3.26455
-3.52134 -3.26386
-3.52116 -3.26356
-3.52114 -3.26281
-3.52114 -3.26285
-3.52112 -3.26382
-3.5211 -3.12713
-3.52101 -2.68084
-3.52093 -3.26229
-3.52078 -3.26316
-3.52077 -3.26314
-3.52076 -3.26284
-3.52074 -3.26382
-3.52073 -3.12683
-3.52064 -3.26339
-3.52057 -3.26287
-3.52056 -3.26208
-3.52048 -3.2619
-3.52021 -3.26168
-3.52007 -3.26163
-3.51506 -3.51483
-3.51499 -3.51495
-3.51463 -3.25595
-3.51456 -3.51448
-3.51449 -3.26297
-3.51413 -3.25631
-3.51411 -3.51406
-3.51397 -3.11988
-3.51396 -2.5108
-3.51378 -3.11974
-3.51355 -2.98298
-3.26323 -3.1282
-3.26308 -3.12713
-3.26307 -3.1267
-3.26301 -3.26287
-3.26301 -3.12762
-3.26293 -3.12754
-3.26285 -3.26212
-3.26282 -3.12824
-3.26282 -3.26253
-3.2628 -3.26248
-3.26279 -3.11988
-3.26278 -2.98503
-3.26269 -3.12705
-3.26268 -3.26241
-3.26259 -3.12667
-3.26259 -3.26224
-3.26257 -3.12721
-3.26257 -3.12694
-3.26257 -3.12635
-3.26257 -3.26236
-3.26254 -3.12608
-3.26253 -3.12737
-3.2625 -3.26237
-3.2625 -3.12647
-3.26249 -3.12596
-3.26247 -3.11974
-3.26246 -3.12842
-3.26244 -3.11961
-3.26244 -3.12749
-3.26242 -3.2624
-3.26242 -3.12771
-3.26241 -3.1267
-3.26241 -3.12643
-3.2624 -3.12805
-3.26239 -2.984
-3.26238 -3.12748
-3.26238 -3.12599
-3.26234 -3.12618
-3.26234 -3.12523
-3.26231 -3.12833
-3.2623 -3.12732
-3.2623 -3.12733
-3.26229 -3.26196
-3.26228 -3.26192
-3.26227 -2.98451
-3.26226 -3.12656
-3.26223 -3.12762
-3.26222 -3.1267
-3.26222 -3.12716
-3.26222 -3.2621
-3.26221 -3.12607
-3.2622 -3.12687
-3.26218 -3.12602
-3.26217 -3.1277
-3.26217 -2.98398
-3.26216 -3.12738
-3.26216 -3.12639
-3.26215 -3.12852
-3.26215 -2.9851
-3.26214 -2.98379
-3.26214 -3.12622
-3.26213 -3.12507
-3.2621 -2.98398
-3.26209 -3.12732
-3.26207 -3.1272
-3.26206 -3.12728
-3.26206 -3.12712
-3.26205 -3.12677
-3.26205 -3.12788
-3.26204 -3.12701
-3.26204 -3.12852
-3.26204 -3.26202
-3.26203 -3.12747
-3.26203 -3.12611
-3.26203 -3.12585
-3.26201 -3.12719
-3.262 -3.12544
-3.26199 -3.12586
-3.26198 -2.83668
-3.26197 -3.1267
-3.26196 -2.98381
-3.26196 -3.12508
-3.26196 -3.12628
-3.26196 -2.98382
-3.26195 -2.98399
-3.26195 -3.12626
-3.26194 -3.12615
-3.26194 -3.12615
-3.26193 -3.12607
-3.26193 -3.12588
-3.26192 -3.12577
-3.26192 -3.12616
-3.26191 -3.12642
-3.26191 -3.12666
-3.26188 -3.12762
-3.26188 -2.98431
-3.26186 -2.98539
-3.26185 -2.98397
-3.26184 -3.12631
-3.26183 -3.12534
-3.26183 -3.12627
-3.26183 -3.12617
-3.26182 -3.12639
-3.26182 -3.12712
-3.26181 -3.12629
-3.2618 -3.12631
-3.2618 -3.11957
-3.26179 -3.1266
-3.26179 -2.98408
-3.26175 -2.98481
-3.26174 -3.12603
-3.26173 -3.26132
-3.26172 -2.98403
-3.26171 -2.98362
-3.26171 -2.98348
-3.26171 -3.12662
-3.2617 -2.98456
-3.2617 -3.12549
-3.26167 -3.12473
-3.26166 -3.12681
-3.26166 -3.12659
-3.26166 -3.1251
-3.26165 -3.12618
-3.26165 -3.12651
-3.26165 -3.12704
-3.26164 -2.98386
-3.26164 -3.26136
-3.26164 -2.98417
-3.26164 -3.1263
-3.26162 -3.12706
-3.26162 -3.12568
-3.26161 -3.12609
-3.26161 -3.12636
-3.26161 -2.98391
-3.2616 -3.12531
-3.2616 -3.12508
-3.26159 -3.12709
-3.26156 -3.12551
-3.26155 -3.12594
-3.26155 -2.98384
-3.26153 -3.1253
-3.26152 -2.98387
-3.26152 -3.12637
-3.26151 -3.12655
-3.2615 -3.12579
-3.26149 -3.12555
-3.26149 -3.12487
-3.26148 -3.1263
-3.26148 -3.12567
-3.26146 -3.12545
-3.26146 -3.12555
-3.26145 -3.12625
-3.26145 -3.126
-3.26141 -3.12605
-3.26141 -2.83669
-3.26141 -3.12544
-3.26141 -3.12555
-3.2614 -3.1256
-3.26138 -3.12596
-3.26138 -3.12697
-3.26138 -2.98433
-3.26138 -3.1255
-3.26137 -3.12578
-3.26137 -3.12606
-3.26137 -3.12581
-3.26136 -3.12567
-3.26132 -2.83664
-3.2613 -3.12545
-3.2613 -3.12515
-3.2613 -3.12524
-3.26129 -3.26113
-3.26127 -3.12585
-3.26127 -2.83708
-3.26126 -3.12572
-3.26125 -3.11925
-3.26124 -2.98339
-3.26122 -2.97727
-3.26119 -2.98354
-3.26119 -2.9838
-3.26118 -3.1191
-3.26117 -3.12663
-3.26117 -2.98332
-3.26116 -2.98277
-3.26116 -2.98346
-3.26115 -2.98317
-3.26112 -3.1263
-3.26111 -3.12543
-3.26111 -3.12619
-3.2611 -2.83534
-3.26108 -2.83471
-3.26104 -3.12536
-3.26102 -2.98366
-3.261 -3.12498
-3.26098 -2.98257
-3.26095 -2.83639
-3.26095 -3.26076
-3.26095 -2.83694
-3.26094 -3.12518
-3.26091 -3.12593
-3.26091 -2.98363
-3.26087 -3.12536
-3.26086 -3.12602
-3.26085 -2.97734
-3.26081 -3.1245
-3.2608 -2.83598
-3.26074 -3.1247
-3.26069 -3.11884
-3.26068 -3.12548
-3.26061 -3.12479
-3.26059 -2.98259
-3.26056 -2.98424
-3.25568 -3.11974
-3.25567 -3.12644
-3.25537 -3.11967
-3.25504 -3.11904
-3.25493 -3.11952
-3.25489 -3.11888
-3.25481 -3.11925
-3.25435 -3.11904
-3.25434 -3.11843
-3.25415 -2.83517
-3.25411 -2.82955
-3.2541 -1.74601
-3.25407 -2.50999
-3.25386 -3.11891
-3.12628 -3.12624
-3.12618 -3.12591
-3.12581 -3.12497
-3.1258 -3.12576
-3.12578 -3.12544
-3.12564 -2.98437
-3.12561 -3.12513
-3.12561 -2.98473
-3.1256 -3.12556
-3.12554 -2.98452
-3.12545 -2.9838
-3.12545 -2.98458
-3.12543 -3.12531
-3.12538 -3.12505
-3.12536 -3.12528
-3.12529 -2.98471
-3.12518 -2.83576
-3.12512 -2.98418
-3.12511 -3.12508
-3.12511 -2.83734
-3.12506 -3.11967
-3.12503 -2.9846
-3.12498 -2.9835
-3.12497 -3.12409
-3.12496 -2.83624
-3.12495 -2.98416
-3.12492 -2.83568
-3.1249 -2.98356
-3.12486 -3.12462
-3.12486 -2.83761
-3.12485 -3.11938
-3.12482 -2.8364
-3.1248 -2.83644
-3.1248 -2.83698
-3.1248 -2.83671
-3.12479 -2.83568
-3.12479 -2.98367
-3.12478 -2.9834
-3.12477 -2.98298
-3.12476 -2.83563
-3.12475 -2.83596
-3.12475 -2.83627
-3.12475 -2.83568
-3.12475 -2.98316
-3.12472 -3.12459
-3.12468 -2.83576
-3.12467 -2.83554
-3.12465 -2.98365
-3.12464 -2.83728
-3.12461 -2.98312
-3.1246 -2.98323
-3.12459 -2.83602
-3.12457 -2.98229
-3.12451 -2.98305
-3.12451 -2.98405
-3.1245 -2.83649
-3.1245 -3.12397
-3.12449 -2.98281
-3.12447 -2.8367
-3.12446 -3.12437
-3.12445 -2.83684
-3.12442 -2.8361
-3.1244 -2.98296
-3.12439 -2.83531
-3.12439 -2.98382
-3.12438 -3.12389
-3.12438 -3.12414
-3.12436 -2.83599
-3.12433 -3.12409
-3.12432 -2.98331
-3.1243 -2.98308
-3.12429 -2.98401
-3.12428 -2.83501
-3.12428 -2.98295
-3.12428 -3.12423
-3.12426 -2.83611
-3.12423 -2.98405
-3.12417 -2.68085
-3.12416 -3.12413
-3.12416 -2.68132
-3.12412 -2.83658
-3.12411 -2.98233
-3.12408 -2.83558
-3.12408 -2.83479
-3.12405 -2.83602
-3.12404 -2.83613
-3.12404 -2.82923
-3.12403 -2.83597
-3.12399 -3.12382
-3.12398 -2.83526
-3.12398 -2.83591
-3.12396 -2.98301
-3.12395 -2.83594
-3.12392 -2.83544
-3.12391 -2.83681
-3.1239 -2.83534
-3.12389 -2.51745
-3.12381 -2.98254
-3.12375 -2.83484
-3.12371 -2.835
-3.1237 -2.83425
-3.12365 -2.51799
-3.12364 -2.83566
-3.12364 -2.83496
-3.12363 -2.83458
-3.12362 -2.98316
-3.12362 -2.68026
-3.1236 -2.83521
-3.12359 -2.6808
-3.12358 -2.68085
-3.12355 -2.83565
-3.12354 -2.8343
-3.12354 -2.83589
-3.12354 -2.83561
-3.12353 -2.68015
-3.12352 -2.83536
-3.12352 -2.98299
-3.12351 -2.83492
-3.12345 -2.98187
-3.12345 -2.83536
-3.12345 -2.98296
-3.12345 -2.83536
-3.12341 -2.83348
-3.12331 -2.6809
-3.12329 -2.83495
-3.12325 -2.51722
-3.12321 -2.51729
-3.12316 -2.68018
-3.12274 -2.67904
-3.11843 -2.83624
-3.1181 -2.34269
-3.11806 -2.97672
-3.1178 -2.83491
-3.11769 -2.82943
-3.11768 -2.67454
-3.11763 -2.97643
-3.11763 -2.51086
-3.11763 -2.68016
-3.11763 -2.67896
-3.1176 -2.82849
-3.11758 -2.67917
-3.11755 -2.51522
-3.11741 -1.74748
-3.11725 -2.67397
-3.11714 -2.67925
-3.11714 -2.8285
-3.11363 -1.96176
-3.11352 -2.67004
-2.98345 -2.98344
-2.98331 -2.83673
-2.98316 -2.83616
-2.98314 -2.83643
-2.98312 -2.83571
-2.98305 -2.8355
-2.9828 -2.83602
-2.98274 -2.83552
-2.98268 -2.83606
-2.98262 -2.83537
-2.9826 -2.83635
-2.98254 -2.51827
-2.98249 -2.83525
-2.98249 -2.83596
-2.98249 -2.8359
-2.98244 -2.83587
-2.98242 -2.83576
-2.98235 -2.83479
-2.98233 -2.51801
-2.98232 -2.51863
-2.9823 -2.83592
-2.9823 -2.83584
-2.98227 -2.83552
-2.98227 -2.83589
-2.98221 -2.51789
-2.98219 -2.83511
-2.98214 -2.83509
-2.98214 -2.83571
-2.98214 -2.68091
-2.98212 -2.83601
-2.98211 -2.51784
-2.98199 -2.83518
-2.98194 -2.83606
-2.98192 -2.51785
-2.98192 -2.83599
-2.98191 -2.83577
-2.98187 -2.83537
-2.98182 -2.83548
-2.98182 -2.5173
-2.98176 -2.51792
-2.98171 -2.83497
-2.98168 -2.83516
-2.98165 -2.51839
-2.98164 -2.51677
-2.98161 -2.5178
-2.9816 -2.83513
-2.9816 -2.83491
-2.98159 -2.8355
-2.98147 -2.83439
-2.98144 -2.5171
-2.98141 -2.67939
-2.98137 -2.68015
-2.98135 -2.6797
-2.98135 -2.67914
-2.9813 -2.83479
-2.98121 -2.6803
-2.9812 -2.67876
-2.98114 -2.51738
-2.98105 -2.5175
-2.98082 -2.67887
-2.98075 -2.34089
-2.97589 -2.67477
-2.97542 -2.50981
-2.97519 -2.82859
-2.97512 -2.51491
-2.83511 -2.83489
-2.83494 -2.68156
-2.83493 -2.83429
-2.83478 -2.68077
-2.83467 -2.68103
-2.83463 -2.83445
-2.83454 -2.68102
-2.83454 -2.68078
-2.83451 -2.68199
-2.8345 -2.682
-2.83448 -2.8334
-2.83448 -2.68043
-2.83446 -2.83442
-2.83444 -2.51785
-2.83443 -2.68128
-2.83438 -2.83438
-2.83428 -2.68049
-2.83428 -2.68052
-2.83424 -2.68119
-2.83423 -2.68117
-2.83418 -2.51827
-2.83417 -2.68042
-2.83416 -2.83343
-2.83416 -2.68136
-2.83411 -2.68086
-2.83408 -2.67921
-2.83407 -2.68118
-2.83405 -2.6807
-2.83402 -2.68129
-2.83401 -2.68087
-2.83401 -2.68155
-2.83401 -2.68127
-2.834 -2.68163
-2.834 -2.51768
-2.83399 -2.67974
-2.83396 -2.68049
-2.83395 -2.68125
-2.83392 -2.51741
-2.83391 -2.51709
-2.83391 -2.68049
-2.83391 -2.6797
-2.8339 -2.67977
-2.83388 -2.68024
-2.83388 -2.68135
-2.83383 -2.67973
-2.83381 -2.68097
-2.83381 -2.5164
-2.83379 -2.51812
-2.83378 -2.68074
-2.83376 -2.68091
-2.83376 -2.68028
-2.83376 -2.5172
-2.83376 -2.68025
-2.83374 -2.51634
-2.83374 -2.68039
-2.83372 -2.68033
-2.83369 -2.68042
-2.83368 -2.68011
-2.83365 -2.68031
-2.83365 -2.67975
-2.83363 -2.68059
-2.83363 -2.51652
-2.83362 -2.51585
-2.83362 -2.68087
-2.83357 -2.68044
-2.83354 -2.51707
-2.83352 -2.67934
-2.83348 -2.51661
-2.83348 -2.67986
-2.83345 -2.67986
-2.83345 -2.68077
-2.83344 -2.68024
-2.83342 -2.68099
-2.83342 -2.68081
-2.83342 -2.68068
-2.8334 -2.67974
-2.8334 -2.51723
-2.83339 -2.68006
-2.83338 -2.51702
-2.83338 -2.68
-2.83336 -2.68008
-2.83333 -2.68098
-2.83332 -2.681
-2.83325 -2.6799
-2.83324 -2.68022
-2.83323 -2.67884
-2.83321 -2.51746
-2.8332 -2.68009
-2.8332 -2.51666
-2.8332 -2.51655
-2.83318 -2.51706
-2.83317 -2.51638
-2.83312 -2.51619
-2.83311 -2.51765
-2.83309 -2.51704
-2.83306 -2.67977
-2.83306 -2.67934
-2.83305 -2.51684
-2.83303 -2.51653
-2.83302 -2.51606
-2.83301 -2.68059
-2.833 -2.5165
-2.83299 -2.51677
-2.83297 -2.51582
-2.83296 -2.68
-2.83296 -2.51595
-2.83294 -2.67944
-2.83292 -2.51614
-2.83288 -2.51606
-2.83288 -2.51625
-2.83286 -2.51739
-2.83284 -2.51562
-2.83283 -2.51627
-2.83281 -2.51614
-2.83281 -2.51649
-2.83279 -2.51621
-2.83273 -2.67914
-2.83273 -2.51672
-2.83272 -2.67905
-2.8327 -2.67995
-2.83269 -2.34387
-2.83268 -2.51635
-2.83263 -2.67931
-2.83257 -2.51602
-2.83249 -2.51611
-2.83231 -2.51709
-2.8322 -2.67825
-2.83151 -2.51579
-2.82841 -2.68026
-2.82836 -2.68033
-2.82827 -2.67376
-2.82825 -2.6799
-2.82821 -2.68031
-2.82814 -2.67492
-2.82809 -2.67402
-2.82803 -2.67372
-2.82794 -2.67405
-2.82784 -2.66994
-2.82777 -2.51089
-2.82753 -2.51589
-2.8271 -2.67285
-2.82709 -2.50961
-2.8235 -2.50664
-2.67956 -2.51822
-2.67955 -2.51811
-2.67934 -2.51819
-2.67929 -2.6792
-2.67926 -2.51853
-2.67918 -2.5175
-2.67918 -2.5177
-2.67912 -2.51797
-2.67911 -2.51803
-2.67908 -2.51714
-2.67907 -2.51749
-2.67905 -2.51771
-2.67903 -2.67865
-2.67896 -2.67829
-2.67893 -2.5173
-2.67892 -2.51721
-2.67888 -2.51728
-2.67885 -2.51729
-2.67885 -2.3441
-2.67884 -2.51731
-2.6788 -2.51762
-2.6788 -2.5177
-2.6788 -2.34405
-2.67874 -2.51587
-2.67874 -2.51645
-2.67868 -2.51721
-2.67867 -2.51557
-2.67864 -2.51667
-2.67861 -2.51677
-2.67861 -2.5177
-2.67857 -2.51741
-2.67856 -2.51624
-2.67847 -2.51682
-2.67847 -2.5175
-2.67844 -2.51659
-2.6784 -2.5162
-2.6784 -2.5162
-2.67838 -2.51547
-2.67836 -2.51619
-2.67836 -2.5174
-2.67836 -2.51704
-2.67834 -2.67806
-2.67827 -2.51635
-2.67824 -2.5179
-2.67821 -2.51765
-2.67821 -2.51772
-2.67819 -2.51668
-2.67819 -2.51639
-2.67818 -2.51651
-2.67815 -2.51711
-2.67815 -2.51657
-2.67814 -2.34363
-2.67813 -2.51622
-2.67812 -2.51737
-2.67812 -2.51803
-2.67807 -2.67779
-2.67806 -2.517
-2.67806 -2.51621
-2.67805 -2.51681
-2.67805 -2.67784
-2.67803 -2.51564
-2.67801 -2.67343
-2.678 -2.51632
-2.678 -2.67795
-2.67797 -2.51532
-2.67797 -2.51709
-2.67797 -2.51672
-2.67797 -2.51572
-2.67792 -2.51668
-2.67791 -2.51656
-2.6779 -2.51601
-2.67789 -2.51518
-2.67787 -2.51557
-2.67778 -2.51644
-2.67774 -2.51634
-2.67773 -2.51597
-2.6777 -2.51618
-2.67769 -2.5155
-2.67767 -2.51604
-2.67767 -2.51565
-2.67767 -2.51565
-2.67767 -2.51608
-2.67765 -2.51541
-2.67764 -2.5159
-2.67762 -2.51522
-2.6776 -2.34321
-2.67751 -2.51664
-2.67751 -2.51588
-2.6775 -2.34269
-2.67743 -2.34294
-2.67718 -2.51542
-2.67707 -1.96363
-2.67702 -2.51489
-2.67695 -2.51466
-2.67695 -2.51521
-2.67668 -2.51542
-2.67332 -2.67332
-2.67317 -2.51519
-2.67299 -2.50756
-2.67291 -2.51553
-2.67282 -2.51099
-2.67279 -2.50994
-2.6727 -2.51055
-2.67262 -2.51525
-2.67259 -2.51584
-2.67254 -2.5102
-2.6725 -2.51002
-2.67228 -2.51492
-2.51569 -2.51561
-2.51566 -2.51518
-2.51564 -2.34543
-2.5156 -2.34444
-2.5156 -2.51547
-2.51555 -2.33937
-2.51551 -2.34515
-2.51532 -2.34377
-2.51531 -2.34515
-2.51529 -2.51527
-2.51527 -2.34518
-2.51525 -2.51071
-2.51522 -2.51518
-2.51519 -2.34451
-2.51519 -2.34524
-2.51517 -2.34495
-2.51516 -2.34512
-2.51508 -2.34287
-2.51507 -2.34506
-2.51507 -2.51443
-2.51505 -2.34383
-2.51504 -2.51499
-2.51502 -2.51481
-2.515 -2.34358
-2.515 -2.3439
-2.51499 -2.51432
-2.51497 -2.51416
-2.51497 -2.34302
-2.51497 -2.51473
-2.51496 -2.34452
-2.51495 -2.51449
-2.51494 -2.34426
-2.51493 -2.51468
-2.51493 -2.51459
-2.51493 -2.51034
-2.51492 -2.34377
-2.51491 -2.34477
-2.5149 -2.34458
-2.5149 -2.34279
-2.51488 -2.34369
-2.51487 -2.34344
-2.51486 -2.34314
-2.51485 -2.34287
-2.51482 -2.34338
-2.51481 -2.51038
-2.51481 -2.34403
-2.5148 -2.34455
-2.51479 -2.34294
-2.51479 -2.34363
-2.51476 -2.34418
-2.51475 -2.51465
-2.51475 -2.34325
-2.51475 -2.34269
-2.51475 -2.34345
-2.51467 -2.51067
-2.51467 -2.34492
-2.51465 -2.51449
-2.51465 -2.34288
-2.51464 -2.34437
-2.51464 -2.3436
-2.51462 -2.34406
-2.51461 -2.51386
-2.5146 -2.51444
-2.5146 -1.96196
-2.51455 -2.51448
-2.51452 -2.34387
-2.51451 -2.34338
-2.51451 -2.51443
-2.5145 -2.34268
-2.51449 -2.34387
-2.51447 -2.34449
-2.51447 -2.34304
-2.51446 -2.34289
-2.51446 -2.34254
-2.51442 -2.51423
-2.51441 -2.34387
-2.51441 -2.3435
-2.51439 -2.34293
-2.51437 -2.34413
-2.51436 -2.34299
-2.51436 -2.34349
-2.51435 -2.34348
-2.51435 -2.34361
-2.51435 -2.34363
-2.51434 -2.3441
-2.51434 -2.34255
-2.51433 -2.34369
-2.51432 -2.34395
-2.51432 -2.34362
-2.51432 -2.34334
-2.51431 -2.51428
-2.51431 -2.34283
-2.5143 -2.34331
-2.5143 -2.34232
-2.5143 -2.3432
-2.51427 -2.34292
-2.51426 -2.51383
-2.51425 -2.3432
-2.51422 -2.34413
-2.51422 -2.34405
-2.51419 -2.34391
-2.51418 -2.3435
-2.51418 -2.34291
-2.51415 -2.51402
-2.51414 -2.5136
-2.51414 -2.34256
-2.51413 -2.34261
-2.51412 -2.34322
-2.51411 -2.34343
-2.51408 -2.34256
-2.51407 -1.96345
-2.51406 -2.34372
-2.51406 -2.34328
-2.51404 -2.34207
-2.51404 -2.51364
-2.51403 -2.34245
-2.51402 -1.96354
-2.51401 -2.34251
-2.514 -1.96374
-2.51397 -2.34313
-2.51396 -2.342
-2.51396 -2.50988
-2.51395 -1.96297
-2.51392 -1.96319
-2.51392 -2.34296
-2.51392 -2.34338
-2.5139 -2.34286
-2.51389 -2.34251
-2.51388 -2.34326
-2.51388 -2.3438
-2.51388 -2.3432
-2.51387 -1.96386
-2.51387 -2.34262
-2.51386 -1.96254
-2.51386 -2.34251
-2.51385 -2.34364
-2.51385 -2.34358
-2.51384 -2.34361
-2.51384 -2.34242
-2.51383 -1.96359
-2.5138 -2.51376
-2.5138 -2.34331
-2.51379 -2.34397
-2.51378 -1.96319
-2.51376 -2.34201
-2.51372 -2.34158
-2.51372 -2.33844
-2.51372 -2.51368
-2.51371 -2.34262
-2.51366 -2.34237
-2.51365 -2.34334
-2.51365 -2.34123
-2.51358 -1.96261
-2.51357 -1.96311
-2.51357 -1.96371
-2.51357 -2.34313
-2.51355 -2.34231
-2.51355 -1.96265
-2.51354 -2.51339
-2.51352 -1.96346
-2.51352 -1.96356
-2.5135 -2.3432
-2.51349 -2.34215
-2.51347 -1.96248
-2.51343 -1.96305
-2.51341 -1.9634
-2.51341 -2.34286
-2.51341 -1.96256
-2.51339 -2.34338
-2.51338 -2.34452
-2.51338 -2.34297
-2.51336 -2.51307
-2.51335 -1.96363
-2.51335 -1.96345
-2.51327 -2.34181
-2.51326 -1.9636
-2.51323 -2.34218
-2.51323 -2.34228
-2.51322 -2.3423
-2.5132 -1.9628
-2.51319 -1.96243
-2.51312 -2.34163
-2.51303 -1.96245
-2.51303 -2.34159
-2.51302 -1.96213
-2.51302 -2.34246
-2.51299 -1.96323
-2.51296 -2.34223
-2.51292 -2.34199
-2.51281 -2.341
-2.51272 -2.34128
-2.51272 -1.96223
-2.51268 -2.34289
-2.51264 -1.96255
-2.51262 -1.96227
-2.51258 -2.34079
-2.51255 -2.34182
-2.51253 -1.96204
-2.51248 -1.96183
-2.51248 -1.96204
-2.51239 -2.34159
-2.5106 -2.34449
-2.51055 -2.34398
-2.51044 -2.34396
-2.51039 -2.34363
-2.51031 -2.33882
-2.50928 -2.33867
-2.50918 -2.33773
-2.50913 -1.74641
-2.50893 -2.33725
-2.50887 -2.50873
-2.50875 -2.33711
-2.50812 -2.33741
-2.50807 -2.33713
-2.50685 -2.5066
-2.50681 -2.50661
-2.50562 -2.33682
-2.34262 -2.34242
-2.34257 -2.33836
-2.34241 -2.3386
-2.34221 -1.96375
-2.34208 -1.96351
-2.34205 -1.96255
-2.34196 -1.96256
-2.34189 -1.96351
-2.34185 -2.34163
-2.34182 -1.9639
-2.34181 -1.96231
-2.34178 -2.33824
-2.34177 -1.96313
-2.34173 -1.96323
-2.34171 -1.96337
-2.3417 -1.96256
-2.34165 -1.96271
-2.34165 -2.34152
-2.34162 -1.9632
-2.34162 -2.33787
-2.3416 -1.96255
-2.34159 -1.96317
-2.34158 -1.96344
-2.34158 -1.96271
-2.34158 -1.96283
-2.34157 -1.96284
-2.34157 -1.96271
-2.34156 -1.96372
-2.34153 -1.96219
-2.34153 -1.96252
-2.34152 -2.34128
-2.34152 -1.96282
-2.34148 -1.96304
-2.34147 -1.96251
-2.34147 -1.9632
-2.34146 -2.34096
-2.34143 -1.96243
-2.34143 -1.96258
-2.34142 -1.96289
-2.34141 -1.96295
-2.3414 -1.96307
-2.34138 -1.96229
-2.34134 -1.96374
-2.34134 -1.96333
-2.34131 -1.96273
-2.3413 -1.9635
-2.34125 -1.96337
-2.34123 -2.34115
-2.34123 -1.96271
-2.34122 -1.962
-2.34119 -1.96204
-2.34115 -1.96176
-2.34114 -1.96305
-2.34111 -1.96365
-2.34106 -1.96209
-2.34105 -1.96231
-2.34102 -1.9633
-2.341 -1.96346
-2.34093 -1.96179
-2.34092 -1.96239
-2.34088 -1.96302
-2.34087 -1.96185
-2.34087 -1.96268
-2.34085 -1.962
-2.34084 -1.96231
-2.34079 -1.74866
-2.34078 -1.96314
-2.34077 -1.9617
-2.34075 -1.96256
-2.34074 -1.96276
-2.34072 -1.96218
-2.34071 -1.96171
-2.34069 -1.96217
-2.34064 -1.96201
-2.34061 -1.96127
-2.34061 -1.96153
-2.3406 -1.74832
-2.3406 -1.96167
-2.34059 -1.96231
-2.34059 -1.96202
-2.34054 -1.74867
-2.34054 -1.96218
-2.34045 -1.74691
-2.34041 -1.74796
-2.3404 -1.96178
-2.3404 -1.96175
-2.34038 -1.74792
-2.34038 -1.96126
-2.34035 -1.96247
-2.34034 -1.96095
-2.34032 -1.7476
-2.34029 -1.96227
-2.34013 -1.96157
-2.34013 -1.96195
-2.34011 -1.96203
-2.34011 -1.74761
-2.34009 -1.74684
-2.33971 -1.74741
-2.33958 -1.96081
-2.33928 -1.74641
-2.33863 -1.74593
-2.33715 -1.96154
-2.33573 -1.74632
-1.96209 -1.96152
-1.96205 -1.96187
-1.96154 -1.96099
-1.96146 -1.9609
-1.96143 -1.96124
-1.9614 -1.96132
-1.96134 -1.96095
-1.96129 -1.9607
-1.96122 -1.96099
-1.96118 -1.96117
-1.96116 -1.96091
-1.96111 -1.74778
-1.96108 -1.74817
-1.96108 -1.961
-1.96107 -1.74799
-1.96107 -1.74947
-1.96101 -1.74773
-1.961 -1.74857
-1.96095 -1.74886
-1.96094 -1.9606
-1.96093 -1.74849
-1.96092 -1.7483
-1.9609 -1.96064
-1.96085 -1.74784
-1.96084 -1.74919
-1.96082 -1.74847
-1.96082 -1.7479
-1.96081 -1.74748
-1.96076 -1.74872
-1.96075 -1.96024
-1.96073 -1.74787
-1.96073 -1.74808
-1.96072 -1.74692
-1.96072 -1.74915
-1.96071 -1.74825
-1.96067 -1.74762
-1.96066 -1.96061
-1.96064 -1.74791
-1.96064 -1.96038
-1.96059 -1.74773
-1.96058 -1.747
-1.96056 -1.74784
-1.96055 -1.74728
-1.96054 -1.74796
-1.96051 -1.7479
-1.96051 -1.74663
-1.96046 -1.74735
-1.96044 -1.74718
-1.96044 -1.74798
-1.96041 -1.74771
-1.96041 -1.7469
-1.9604 -1.7478
-1.96038 -1.74743
-1.96034 -1.74771
-1.96033 -1.74802
-1.96031 -1.74768
-1.96029 -1.74716
-1.96026 -1.74761
-1.96025 -1.74796
-1.96016 -1.74714
-1.96011 -1.74742
-1.96006 -1.74647
-1.96005 -1.74674
-1.96005 -1.74772
-1.96003 -1.74672
-1.96003 -1.7472
-1.96 -1.74819
-1.95998 -1.7468
-1.95996 -1.74723
-1.95996 -1.74799
-1.95995 -1.74729
-1.95992 -1.74721
-1.95989 -1.74737
-1.95989 -1.747
-1.95985 -1.74678
-1.95984 -1.74778
-1.95983 -1.74576
-1.95981 -1.74718
-1.9598 -1.74702
-1.95979 -1.74645
-1.95978 -1.74679
-1.95977 -1.74723
-1.95975 -1.747
-1.95973 -1.74729
-1.95971 -1.74651
-1.95969 -1.74605
-1.95963 -1.74755
-1.95957 -1.74689
-1.95953 -1.74603
-1.9594 -1.74767
-1.95938 -1.74706
-1.9593 -1.74564
-1.95926 -1.74779
-1.95908 -1.74668
-1.95905 -1.74536
-1.95735 -1.74797
-1.95715 -1.74692
-1.95706 -1.74663
-1.9568 -1.74328
-1.95665 -1.74361
-1.95665 -1.74308
-1.95643 -1.74325
-1.95583 -1.50837
-1.95565 -1.74239
-1.95376 -1.73947
-1.7464 -1.74608
-1.74615 -1.74607
-1.74568 -1.74527
-1.74557 -1.74539
-1.74554 -1.5106
-1.74545 -1.5088
-1.74545 -1.51116
-1.7454 -1.51033
-1.74529 -1.74308
-1.74528 -1.74512
-1.74524 -1.50958
-1.7452 -1.5106
-1.74514 -1.74484
-1.74501 -1.50833
-1.745 -1.74287
-1.7449 -1.74481
-1.7449 -1.24113
-1.74487 -1.50945
-1.74483 -1.74472
-1.7448 -1.74475
-1.74478 -1.24044
-1.74472 -1.24086
-1.74471 -1.74236
-1.74471 -1.50958
-1.7447 -1.50882
-1.74463 -1.24104
-1.74462 -1.74459
-1.74457 -1.24075
-1.74454 -1.7445
-1.7445 -1.24055
-1.74448 -1.50976
-1.74446 -1.24046
-1.74445 -1.50818
-1.74444 -1.50889
-1.74443 -1.7444
-1.74437 -1.2404
-1.74436 -1.50932
-1.74434 -1.24001
-1.74434 -1.5096
-1.74433 -1.50876
-1.74432 -1.50944
-1.74414 -1.50994
-1.74408 -1.74401
-1.74407 -1.50976
-1.74406 -1.51003
-1.74403 -1.50909
-1.74402 -1.51002
-1.74397 -1.50868
-1.74389 -1.5076
-1.74388 -1.23938
-1.74377 -1.5088
-1.74368 -1.24058
-1.74365 -1.23915
-1.74364 -1.50834
-1.74363 -1.50929
-1.7436 -1.50765
-1.74359 -1.50603
-1.74356 -1.50834
-1.74351 -1.23945
-1.7435 -1.50882
-1.74348 -1.23995
-1.74334 -1.50837
-1.74331 -1.24006
-1.7433 -1.23933
-1.74309 -1.23907
-1.74308 -1.50779
-1.74299 -1.23939
-1.74259 -0.920203
-1.74245 -1.23846
-1.74218 -0.919672
-1.74171 -1.50561
-1.74133 -1.50643
-1.73978 -1.50513
-1.50804 -1.24093
-1.50742 -1.50733
-1.50718 -1.24025
-1.5071 -1.50682
-1.50698 -1.23952
-1.50673 -1.2393
-1.50656 -1.23909
-1.50636 -1.23788
-1.50627 -1.23943
-1.5059 -0.920506
-1.50583 -1.23768
-1.50505 -1.50505
-1.23966 -1.23955
-1.23898 -0.921603
-1.23897 -0.921365
-1.2389 -0.921542
-1.2389 -0.92195
-1.23867 -0.921961
-1.23862 -0.921716
-1.2385 -1.23816
-1.23846 -1.2383
-1.23843 -1.23778
-1.23813 -0.919976
-1.23811 -0.920334
-1.23808 -1.23787
-1.23791 -0.921347
-1.23783 -1.23761
-1.23779 -0.919696
-1.23779 -0.920039
-1.23772 -0.920203
-1.23767 -0.920106
-1.23758 -0.919376
-1.2374 -1.23738
-1.23721 -0.920063
-1.2371 -0.919349
-1.23708 -0.919859
-1.23687 -0.919669
-1.23606 -0.918777
-0.917974 -0.917947
-0.917529 -0.504356
-0.91744 -0.504488
-0.917301 -0.504499
-0.917046 -0.503431
-0.91693 -0.503366
-0.916397 -0.502387
-0.916233 3.10555
-0.916233 -0.501115
-0.915978 -0.501765
-0.915978 0.914074
-0.915815 -0.915815
-0.501394 -0.501115
-0.501255 -0.501255
-0.501255 0.499048
-0.501255 -0.501115
-0.501255 -0.501115
-0.501115 -0.500976
-0.501115 -0.501115
-0.501115 -0.501115
-0.501115 -0.500976
-0.500976 0.499024
-0.500139 1.5
