-9.5345 -9.43423
-9.3983 -3.1199
-9.16546 -3.51845
-8.98226 -8.822
-8.98174 -8.82221
-8.82061 -8.76735
-8.71158 -8.4901
-8.65655 -8.3205
-8.65552 -5.85687
-8.6408 -3.6421
-8.64072 -8.30503
-8.64065 -8.3049
-8.60039 -3.64138
-8.58566 -7.22129
-8.5465 -8.53181
-8.54623 -8.37908
-8.54534 -8.0892
-8.49082 -8.49064
-8.48896 -8.14695
-8.47423 -7.52687
-8.37641 -8.26293
-8.37621 -8.20508
-8.31955 -8.14806
-8.24714 -8.07362
-8.24708 -8.07345
-8.20489 -8.14689
-8.14612 -8.08805
-8.14596 -7.8508
-8.14509 -7.84886
-8.08748 -7.85016
-8.08724 -7.41419
-8.02824 -7.84998
-8.02755 -7.84933
-8.02749 -7.84934
-8.01319 -7.33713
-7.89459 -7.59044
-7.84903 -7.78969
-7.84844 -5.36002
-7.8481 -7.60348
-7.78825 -7.60489
-7.78759 -7.66661
-7.78742 -7.60415
-7.78724 -7.4151
-7.77379 -7.35041
-7.77374 -7.59028
-7.72695 -7.60369
-7.72509 -7.60266
-7.66535 -7.6049
-7.66521 -7.35159
-7.66476 -7.22161
-7.66472 -7.41508
-7.6646 -7.08978
-7.66457 -7.35078
-7.66447 -7.41408
-7.66419 -7.21966
-7.66401 -3.99393
-7.6638 -7.34981
-7.66372 -5.93473
-7.65129 -7.33744
-7.65123 -7.33728
-7.60318 -7.54173
-7.60314 -7.54254
-7.60279 -7.35037
-7.60211 -6.60592
-7.60198 -7.08891
-7.60197 -7.41366
-7.60179 -7.34981
-7.60175 -7.41469
-7.60156 -7.08862
-7.60128 -7.22041
-7.58968 -7.52861
-7.58964 -7.58945
-7.58928 -7.52826
-7.58866 -3.63549
-7.53978 -5.93494
-7.53962 -7.5396
-7.53925 -7.41315
-7.53925 -7.41335
-7.41432 -7.35089
-7.41422 -7.35143
-7.41361 -7.35133
-7.41361 -7.35089
-7.4135 -7.34966
-7.41348 -7.22129
-7.41335 -6.24289
-7.41305 -7.08844
-7.41252 -7.0885
-7.35028 -7.33744
-7.34992 -7.33713
-7.34935 -7.08937
-7.34931 -7.34901
-7.34912 -7.2198
-7.34906 -7.15507
-7.34898 -7.02191
-7.34888 -7.33655
-7.34802 -7.21967
-7.34718 -6.81637
-7.33582 -7.00874
-7.21994 -7.15534
-7.21984 -7.02216
-7.21979 -6.88669
-7.21974 -7.02216
-7.21886 -6.88678
-7.21865 -7.08813
-7.21844 -6.88661
-7.20673 -5.61393
-7.20606 -4.52242
-7.15372 -7.08842
-7.15361 -6.88626
-7.15327 -6.88586
-7.15275 -7.02057
-7.14102 -6.24093
-7.08807 -7.02209
-7.08797 -6.88624
-7.0874 -7.02109
-7.08738 -6.88633
-7.08711 -6.88633
-7.08697 -6.8863
-7.0865 -6.74677
-7.07469 -6.60748
-7.02068 -6.88693
-7.02062 -6.81825
-7.02047 -6.81682
-7.02009 -6.81715
-7.02008 -6.8177
-7.01996 -6.81721
-7.0199 -6.8169
-6.88561 -6.81781
-6.88536 -6.81888
-6.88535 -6.67861
-6.88531 -6.81854
-6.88522 -6.88505
-6.88512 -6.53722
-6.88511 -6.60772
-6.88508 -6.81791
-6.88504 -6.6788
-6.88502 -6.67881
-6.88499 -6.60797
-6.88495 -6.67757
-6.88487 -6.6774
-6.88467 -6.67818
-6.88466 -6.53662
-6.88465 -6.74696
-6.8846 -6.81716
-6.88451 -6.53635
-6.88451 -6.24227
-6.88428 -6.81637
-6.88425 -6.67739
-6.884 -6.81663
-6.88393 -6.5356
-6.88392 -6.81625
-6.87273 -6.59536
-6.87253 -3.76283
-6.87242 -5.85617
-6.87224 -6.45067
-6.81682 -6.8048
-6.8165 -6.74807
-6.81648 -6.60772
-6.81641 -6.53659
-6.81619 -6.7477
-6.81618 -6.60807
-6.81617 -6.67905
-6.81611 -6.67774
-6.81586 -6.74698
-6.81585 -6.60627
-6.81573 -6.60677
-6.81556 -6.74724
-6.81547 -6.7472
-6.81538 -6.747
-6.81513 -6.60707
-6.8148 -6.24239
-6.80362 -6.59453
-6.79567 -1.95842
-6.74729 -6.67916
-6.74641 -6.60708
-6.74607 -6.60609
-6.7347 -6.59531
-6.67778 -6.60847
-6.6774 -6.60748
-6.67735 -6.6071
-6.67731 -6.6059
-6.6773 -6.60769
-6.67718 -6.60781
-6.67715 -6.60706
-6.67708 -6.60698
-6.67694 -6.6071
-6.67674 -6.60695
-6.6767 -6.60693
-6.67643 -6.60639
-6.67637 -6.60654
-6.67613 -6.60678
-6.67605 -6.60621
-6.67572 -2.67672
-6.67541 -5.93589
-6.66467 -6.59447
-6.66437 -6.5944
-6.66377 -4.62442
-6.60677 -6.53615
-6.60666 -6.60642
-6.60655 -6.53599
-6.60632 -6.53688
-6.6063 -6.46318
-6.60617 -6.53606
-6.60607 -6.53612
-6.60592 -6.24343
-6.60588 -6.46318
-6.60587 -6.24292
-6.60582 -6.53531
-6.60582 -6.24341
-6.60578 -6.59482
-6.60578 -6.60521
-6.60576 -6.2433
-6.6057 -6.53485
-6.60565 -6.2429
-6.60563 -6.5351
-6.60563 -6.2428
-6.60561 -6.24314
-6.6056 -5.93581
-6.60556 -6.24341
-6.60556 -6.31704
-6.60547 -6.24278
-6.60526 -6.24238
-6.60525 -6.2417
-6.60515 -6.24178
-6.60508 -6.52305
-6.60504 -5.18394
-6.605 -6.53424
-6.60491 -6.53463
-6.60484 -6.53448
-6.60479 -6.24238
-6.60459 -6.01359
-6.60442 -5.9354
-6.59434 -6.52308
-6.59396 -6.1553
-6.59393 -3.25924
-6.59383 -3.26003
-6.59374 -5.92521
-6.59354 -6.52259
-6.53471 -6.24309
-6.53464 -6.31752
-6.53452 -6.31725
-6.53449 -6.31704
-6.53448 -6.24278
-6.53446 -6.31729
-6.5344 -6.24299
-6.53432 -6.46294
-6.53427 -6.24261
-6.5342 -6.31659
-6.53418 -6.46321
-6.53412 -6.31687
-6.53405 -6.24221
-6.53399 -6.24205
-6.53394 -6.2418
-6.53384 -6.31631
-6.5338 -6.31567
-6.53378 -6.31731
-6.53376 -6.46237
-6.5337 -6.09151
-6.53368 -4.91258
-6.53357 -6.16786
-6.53357 -6.24236
-6.53347 -6.24203
-6.53347 -6.31566
-6.53343 -6.16628
-6.53339 -6.16633
-6.53338 -6.52264
-6.5333 -6.31658
-6.53325 -6.1667
-6.53314 -6.01381
-6.52327 -6.52309
-6.52267 -6.45067
-6.52262 -6.30501
-6.52238 -6.1554
-6.52235 -6.24129
-6.46253 -6.24285
-6.46247 -6.2424
-6.46245 -6.24247
-6.46245 -6.2424
-6.4624 -6.24255
-6.46192 -6.24219
-6.46192 -6.24247
-6.46191 -6.24129
-6.31644 -6.24328
-6.31626 -6.24269
-6.31622 -6.24155
-6.31617 -6.24244
-6.31613 -6.24222
-6.31607 -6.24173
-6.31591 -6.24342
-6.3159 -6.09149
-6.31588 -6.24228
-6.31582 -6.24189
-6.31575 -6.24305
-6.31569 -6.24205
-6.31568 -6.24268
-6.31551 -6.24222
-6.3155 -6.08997
-6.31545 -6.01383
-6.31544 -6.01358
-6.31535 -6.24182
-6.31456 -6.09046
-6.31423 -5.85616
-6.30453 -6.23031
-6.30443 -6.23061
-6.30432 -5.61264
-6.30394 -6.2303
-6.24192 -6.09125
-6.24153 -6.2412
-6.24153 -6.09068
-6.24143 -5.9361
-6.24121 -6.09087
-6.2412 -6.09047
-6.24119 -5.93545
-6.24115 -6.24064
-6.24114 -6.09095
-6.24101 -6.01459
-6.24093 -5.93525
-6.24091 -6.01337
-6.2409 -5.93576
-6.24086 -5.93577
-6.24085 -6.09066
-6.24085 -5.93673
-6.24082 -5.93612
-6.24079 -5.93569
-6.24078 -5.93531
-6.24073 -6.2306
-6.24066 -5.93534
-6.24062 -6.24047
-6.24062 -6.01316
-6.24056 -6.2303
-6.24035 -4.72143
-6.24032 -5.9347
-6.24028 -5.27281
-6.24017 -5.93614
-6.2401 -5.93489
-6.24009 -6.0134
-6.24009 -5.44596
-6.23993 -5.93527
-6.22994 -5.92477
-6.22967 -3.51107
-6.22961 -5.93436
-6.2295 -4.42128
-6.16639 -5.93667
-6.16602 -5.93665
-6.16594 -5.93706
-6.16572 -6.01347
-6.16568 -6.09009
-6.16554 -6.0128
-6.16549 -6.01342
-6.16537 -6.09023
-6.16523 -6.01241
-6.16514 -5.93476
-6.16513 -5.93563
-6.16508 -5.93523
-6.1646 -5.44468
-6.16446 -5.69444
-6.16431 -5.93542
-6.15448 -5.92446
-6.15432 -5.92436
-6.08985 -6.08976
-6.08975 -5.93624
-6.0895 -6.01312
-6.08932 -6.01318
-6.08931 -5.93545
-6.08931 -5.93625
-6.089 -6.01315
-6.08894 -6.01324
-6.08878 -6.01236
-6.08864 -5.9347
-6.08839 -5.27278
-6.07818 -5.6849
-6.07798 -5.68458
-6.01333 -5.9361
-6.01316 -5.93606
-6.01314 -5.93695
-6.01299 -5.93625
-6.01291 -5.93548
-6.01273 -5.93573
-6.01271 -5.69588
-6.01261 -5.93605
-6.01258 -5.93611
-6.01255 -5.93633
-6.01248 -5.93587
-6.01248 -5.92491
-6.01244 -5.93568
-6.01234 -5.93502
-6.01232 -5.93514
-6.01232 -5.93617
-6.01227 -5.93597
-6.0121 -5.93519
-6.01202 -5.9347
-6.01201 -5.85524
-6.01199 -5.93387
-6.01189 -5.93503
-6.01176 -5.93478
-6.01172 -5.69584
-6.01146 -5.69617
-6.01144 -5.85601
-6.01141 -5.93515
-5.9347 -5.85753
-5.93466 -5.9343
-5.9346 -5.84647
-5.93453 -2.51221
-5.9344 -5.69597
-5.93439 -5.84592
-5.93432 -5.92443
-5.93427 -5.69595
-5.93399 -5.69596
-5.93384 -5.85674
-5.93369 -5.69573
-5.93365 -5.69469
-5.93364 -5.69505
-5.93352 -5.69473
-5.93341 -5.85559
-5.93336 -5.69467
-5.93323 -5.27332
-5.93322 -5.69509
-5.93314 -5.69512
-5.93312 -5.69467
-5.93306 -5.52989
-5.93304 -5.69489
-5.93304 -5.69532
-5.93303 -5.53019
-5.93293 -5.44526
-5.93273 -5.69391
-5.92366 -4.10488
-5.92362 -5.84514
-5.9231 -5.68434
-5.92303 -4.52456
-5.92288 -5.84484
-5.91635 -3.63517
-5.85577 -5.85554
-5.85527 -5.69602
-5.85527 -5.84567
-5.85487 -5.6949
-5.85481 -5.44618
-5.85453 -5.69509
-5.8544 -2.8306
-5.85439 -5.6944
-5.85438 -5.69472
-5.85437 -5.35994
-5.85397 -5.36036
-5.85385 -4.6238
-5.8535 -5.27298
-5.84494 -5.68496
-5.69479 -5.61376
-5.69475 -5.61475
-5.69472 -5.61413
-5.69469 -5.69426
-5.69467 -5.44667
-5.69453 -5.61366
-5.69448 -5.69426
-5.69447 -5.61336
-5.69446 -5.44666
-5.6944 -5.6142
-5.69435 -5.6138
-5.69432 -5.61376
-5.6943 -5.61378
-5.69429 -5.69425
-5.69427 -5.6145
-5.69423 -5.44662
-5.69422 -5.44618
-5.69422 -5.69402
-5.69418 -5.61336
-5.69415 -5.52935
-5.69408 -5.61315
-5.69406 -5.52962
-5.69404 -5.44593
-5.69398 -5.446
-5.69398 -5.44656
-5.69386 -5.53061
-5.69374 -5.44581
-5.69373 -5.52911
-5.69369 -5.35869
-5.69368 -5.44505
-5.69366 -5.44547
-5.69358 -5.53022
-5.69354 -5.35911
-5.69352 -5.44554
-5.69352 -3.87933
-5.6935 -5.44546
-5.69342 -5.1838
-5.69339 -5.27289
-5.69337 -5.44497
-5.69334 -5.36046
-5.69334 -5.52964
-5.69331 -5.61247
-5.69327 -5.61341
-5.69325 -4.42106
-5.69323 -5.445
-5.69308 -5.3596
-5.69307 -5.44458
-5.69295 -5.445
-5.69286 -2.83096
-5.69244 -5.27278
-5.69213 -3.25756
-5.68395 -5.60317
-5.68349 -5.60303
-5.68346 -5.43516
-5.61282 -5.6118
-5.61272 -5.53065
-5.61242 -5.53113
-5.61216 -5.61176
-5.6121 -5.52971
-5.61162 -5.44547
-5.61159 -5.44519
-5.61145 -5.35914
-5.6114 -5.44563
-5.61128 -5.35979
-5.61121 -5.4449
-5.61119 -5.35941
-5.611 -5.52816
-5.61084 -4.91152
-5.61077 -5.35967
-5.60223 -5.27209
-5.52947 -5.36069
-5.5294 -5.44652
-5.52938 -5.44616
-5.52938 -5.529
-5.52937 -5.44645
-5.52928 -5.44645
-5.52928 -5.36025
-5.52926 -5.27466
-5.52926 -3.87977
-5.52925 -5.44508
-5.52924 -5.52901
-5.52924 -5.52907
-5.52923 -5.52887
-5.52919 -5.44563
-5.52912 -5.44697
-5.52902 -5.35998
-5.52901 -5.52875
-5.52895 -5.52008
-5.5289 -5.4462
-5.52878 -5.27361
-5.52876 -5.27334
-5.52875 -5.27407
-5.52868 -5.27387
-5.52866 -5.44557
-5.52861 -5.35996
-5.52832 -5.27305
-5.52827 -5.51906
-5.52811 -5.18513
-5.52805 -5.44441
-5.52798 -4.62358
-5.52798 -5.4447
-5.52783 -5.3586
-5.52772 -3.64129
-5.52751 -4.91236
-5.51874 -4.72163
-5.51864 -5.34974
-5.51862 -3.51725
-5.51853 -5.2629
-5.44557 -5.36101
-5.4451 -5.36072
-5.445 -5.36057
-5.445 -5.36036
-5.44484 -5.35997
-5.44469 -5.3603
-5.44464 -5.36014
-5.44456 -5.44433
-5.44427 -5.36118
-5.44427 -5.36035
-5.44422 -5.36087
-5.4442 -5.35972
-5.44414 -5.27414
-5.44403 -5.00508
-5.44399 -5.18444
-5.44396 -3.51681
-5.44394 -4.91129
-5.44372 -5.27193
-5.44367 -5.35876
-5.44363 -5.35956
-5.44342 -5.18365
-5.4434 -4.91111
-5.44339 -5.27291
-5.44323 -5.27161
-5.44299 -5.27206
-5.43492 -5.34983
-5.43477 -4.4215
-5.43474 -5.34945
-5.43466 -5.26285
-5.43464 -5.26295
-5.43394 -4.10402
-5.35928 -5.35916
-5.35923 -5.27246
-5.35922 -5.27387
-5.35922 -5.27386
-5.35921 -5.27349
-5.3592 -5.27307
-5.35917 -5.27286
-5.35902 -5.27293
-5.35899 -5.27325
-5.35893 -5.27299
-5.35889 -5.27265
-5.35887 -4.9131
-5.35883 -4.91312
-5.35881 -5.27351
-5.35875 -4.91279
-5.3587 -5.27231
-5.35868 -5.2727
-5.35858 -4.9128
-5.3585 -5.27261
-5.35849 -4.91193
-5.35836 -4.91247
-5.35832 -4.91201
-5.3583 -5.27196
-5.35827 -5.18446
-5.3582 -4.62357
-5.35812 -5.27265
-5.35806 -5.27153
-5.35802 -5.27225
-5.35798 -4.91178
-5.35796 -4.91218
-5.35782 -5.00413
-5.35769 -4.91201
-5.35768 -5.27228
-5.35759 -4.91233
-5.35755 -4.91183
-5.35751 -5.0034
-5.35743 -4.91182
-5.35728 -4.91136
-5.35653 -4.72222
-5.34912 -5.26254
-5.34891 -5.26282
-5.34877 -4.90267
-5.34872 -4.90239
-5.34865 -2.67442
-5.34855 -4.62417
-5.27244 -5.27206
-5.27238 -5.27163
-5.2722 -5.27207
-5.272 -5.00583
-5.27198 -5.00564
-5.27196 -5.18588
-5.27191 -5.1837
-5.27188 -5.18448
-5.27187 -5.18399
-5.27186 -5.00442
-5.27185 -5.00491
-5.27175 -5.00451
-5.27175 -5.18407
-5.27165 -5.00507
-5.27163 -5.00512
-5.27158 -4.91251
-5.27157 -5.00495
-5.27155 -5.18485
-5.27152 -5.00499
-5.2715 -5.00543
-5.27146 -4.91222
-5.2714 -4.91218
-5.2714 -5.18382
-5.27138 -5.18377
-5.27136 -5.18419
-5.27134 -4.72152
-5.27133 -5.18323
-5.2713 -5.00435
-5.27125 -5.18418
-5.27119 -4.91246
-5.27117 -5.00349
-5.27115 -5.00436
-5.27113 -5.18394
-5.27109 -5.18405
-5.27102 -5.00473
-5.27098 -5.00408
-5.27094 -4.72139
-5.27093 -3.1229
-5.27092 -5.18309
-5.27085 -4.09648
-5.27079 -4.91116
-5.27079 -4.9113
-5.27078 -4.91123
-5.27076 -5.18416
-5.27062 -4.91146
-5.27058 -5.00365
-5.27047 -4.52442
-5.2704 -4.21223
-5.27032 -4.62293
-5.27032 -4.10381
-5.27007 -4.91076
-5.26258 -4.99558
-5.2624 -5.17532
-5.26233 -4.90263
-5.26211 -5.17472
-5.18373 -5.1837
-5.18347 -5.18345
-5.18324 -4.9106
-5.18316 -5.00462
-5.18295 -4.91121
-5.18285 -4.9114
-5.18272 -4.62485
-5.18256 -4.42314
-5.18251 -4.91084
-5.18229 -4.72144
-5.18186 -4.91029
-5.17451 -5.17403
-5.1742 -4.72144
-5.17368 -2.5122
-5.16835 -4.89661
-5.00389 -4.9124
-5.00387 -5.00322
-5.00386 -4.91283
-5.00385 -4.91285
-5.00372 -4.91222
-5.00366 -4.91251
-5.0036 -4.91331
-5.00359 -4.91318
-5.00351 -4.91244
-5.00347 -4.91176
-5.00346 -4.9119
-5.00342 -4.91241
-5.00339 -4.91078
-5.00336 -4.91137
-5.00334 -4.91012
-5.00334 -4.91231
-5.00331 -4.91128
-5.00329 -4.91119
-5.00326 -4.72238
-5.00324 -4.91151
-5.0032 -4.91093
-5.00319 -4.91054
-5.00316 -4.9114
-5.00313 -4.91107
-5.00312 -4.91236
-5.00308 -4.9112
-5.00305 -4.91158
-5.00304 -3.64186
-5.00303 -4.91017
-5.00301 -4.91109
-5.00296 -4.91178
-5.00294 -4.9108
-5.00294 -4.90309
-5.00291 -4.9111
-5.00289 -4.91088
-5.00287 -4.91138
-5.00285 -4.91166
-5.00284 -4.91189
-5.00283 -4.91127
-5.00282 -4.91057
-5.00278 -4.62371
-5.00273 -4.91076
-5.00273 -4.91079
-5.00265 -4.62512
-5.00262 -4.91023
-5.0026 -4.9104
-5.00255 -4.91118
-5.00254 -4.91141
-5.00253 -4.91112
-5.00252 -4.91112
-5.00252 -4.91143
-5.00249 -4.91182
-5.00245 -4.72258
-5.00245 -3.98542
-5.00243 -4.91068
-5.00229 -4.7214
-5.00222 -4.62398
-5.00217 -4.91079
-5.00203 -4.72121
-5.00199 -4.62379
-5.00196 -4.62452
-5.00173 -4.91042
-5.0016 -4.72145
-4.99434 -4.90217
-4.91124 -4.91108
-4.91118 -4.91113
-4.91076 -4.72238
-4.9107 -4.91035
-4.91066 -4.91055
-4.91055 -4.91046
-4.91053 -4.72132
-4.91052 -4.72253
-4.91038 -4.72174
-4.91037 -4.62434
-4.91032 -4.72222
-4.91031 -4.72267
-4.91029 -4.62446
-4.91028 -4.72244
-4.91025 -4.62398
-4.91024 -4.72193
-4.9102 -4.52476
-4.91015 -4.62458
-4.91014 -3.99216
-4.91012 -4.62424
-4.91009 -4.72164
-4.91008 -4.72059
-4.91006 -4.62384
-4.91005 -4.72192
-4.91005 -4.72175
-4.91002 -4.62362
-4.91002 -4.72094
-4.91001 -4.62395
-4.90996 -4.62367
-4.90995 -4.72139
-4.90994 -4.62488
-4.90993 -4.62417
-4.90988 -4.72148
-4.9098 -4.6235
-4.90977 -4.62429
-4.90974 -4.6249
-4.90972 -4.62382
-4.90972 -4.21305
-4.90967 -4.52392
-4.90964 -4.42261
-4.90952 -4.42168
-4.90951 -4.62409
-4.90949 -4.62395
-4.90947 -4.10418
-4.90945 -4.62395
-4.90941 -4.7204
-4.9094 -4.62412
-4.90939 -4.72081
-4.90938 -4.72092
-4.90938 -4.52459
-4.90934 -4.62335
-4.9093 -4.72122
-4.90928 -3.64252
-4.90924 -4.72046
-4.90919 -4.52392
-4.90916 -2.67109
-4.90915 -3.99342
-4.90914 -4.62365
-4.90909 -4.62384
-4.90903 -4.62283
-4.90897 -4.52397
-4.90894 -4.62359
-4.90893 -4.62378
-4.90891 -4.52448
-4.90887 -4.42202
-4.90882 -4.62222
-4.90881 -4.62235
-4.90859 -3.12107
-4.90857 -4.21214
-4.9084 -4.21249
-4.9019 -4.71271
-4.90182 -2.50794
-4.90179 -4.61572
-4.90175 -2.83112
-4.9017 -3.11674
-4.90157 -4.62317
-4.90145 -4.10356
-4.90142 -4.51602
-4.90131 -4.61572
-4.90122 -4.6151
-4.90099 -2.67604
-4.72117 -4.62511
-4.72112 -4.62472
-4.72108 -4.6252
-4.7209 -4.62455
-4.7209 -4.62404
-4.7209 -4.62519
-4.72089 -4.62438
-4.72089 -4.62455
-4.72076 -4.62477
-4.7207 -4.62331
-4.72059 -4.62358
-4.72058 -4.62498
-4.72051 -4.6234
-4.7205 -4.62435
-4.72043 -4.62408
-4.72042 -4.62404
-4.7204 -4.62299
-4.72037 -4.62299
-4.72036 -4.62344
-4.72033 -4.62343
-4.72029 -4.623
-4.72029 -4.52421
-4.72028 -4.62325
-4.72028 -4.62445
-4.72028 -4.42364
-4.72023 -4.62435
-4.72022 -4.6245
-4.72022 -4.5235
-4.72017 -4.6235
-4.72017 -4.62338
-4.72016 -4.4228
-4.72015 -4.62359
-4.72015 -4.62315
-4.72015 -4.52395
-4.72014 -4.4228
-4.72006 -4.62285
-4.71998 -4.62298
-4.71996 -4.62366
-4.71995 -4.62393
-4.71995 -4.52418
-4.71993 -4.62367
-4.71979 -4.42278
-4.71977 -4.52367
-4.71977 -4.62298
-4.71974 -4.71956
-4.71963 -4.5244
-4.71953 -4.62258
-4.71943 -3.64188
-4.71942 -4.52323
-4.71941 -4.52494
-4.71938 -4.10402
-4.71932 -3.51763
-4.71927 -4.42243
-4.71927 -4.21342
-4.71926 -4.62318
-4.71921 -2.8317
-4.71902 -4.42206
-4.71276 -4.62354
-4.71273 -4.61548
-4.71208 -2.97923
-4.71198 -4.61456
-4.62344 -4.52498
-4.62321 -4.62318
-4.62319 -4.62296
-4.62319 -4.52482
-4.62302 -4.52317
-4.62302 -4.52378
-4.62301 -4.5251
-4.62296 -4.5166
-4.62294 -4.42192
-4.62293 -4.52482
-4.6229 -4.52414
-4.62286 -4.52527
-4.62284 -4.62269
-4.6228 -4.52503
-4.62279 -4.52476
-4.62278 -4.52444
-4.62277 -4.5248
-4.62276 -4.52418
-4.62267 -4.52456
-4.62266 -4.52338
-4.62264 -4.5238
-4.62263 -4.42261
-4.62263 -4.52471
-4.62262 -4.52419
-4.62262 -4.52408
-4.6226 -4.52505
-4.6226 -4.52424
-4.62259 -4.42274
-4.62256 -4.5232
-4.62253 -4.52371
-4.62252 -4.42185
-4.62252 -4.52332
-4.6225 -4.52443
-4.6225 -4.52482
-4.62246 -4.52448
-4.62245 -4.52424
-4.62245 -4.42285
-4.62244 -4.42301
-4.62242 -4.52377
-4.6224 -4.52321
-4.62238 -4.5236
-4.62238 -4.52416
-4.62236 -4.42201
-4.62235 -4.52438
-4.62234 -4.42252
-4.62231 -4.52392
-4.62228 -4.52492
-4.62227 -4.52399
-4.62227 -4.52389
-4.62227 -4.52415
-4.62226 -4.52286
-4.62226 -4.5241
-4.62222 -4.52491
-4.62222 -4.52443
-4.62222 -4.52245
-4.62219 -4.42218
-4.62218 -4.5231
-4.62218 -4.42219
-4.62217 -4.42215
-4.62217 -4.4219
-4.62216 -4.52427
-4.62213 -4.52406
-4.62213 -4.52165
-4.62212 -4.52414
-4.62206 -4.52309
-4.62206 -4.52423
-4.62206 -4.21319
-4.62206 -3.51668
-4.62205 -4.21368
-4.62205 -4.42171
-4.62204 -4.52378
-4.62204 -4.52315
-4.62203 -4.42231
-4.62201 -4.42186
-4.622 -4.21294
-4.62199 -4.52331
-4.62197 -4.5238
-4.62197 -4.52287
-4.62197 -4.42141
-4.62196 -4.4228
-4.62195 -4.51608
-4.62194 -4.42204
-4.62194 -4.42118
-4.62193 -4.21309
-4.62192 -4.21272
-4.62188 -4.52379
-4.62184 -4.52224
-4.62184 -4.21314
-4.62182 -4.42207
-4.62177 -4.42262
-4.62176 -4.52336
-4.62173 -4.52309
-4.62171 -4.42135
-4.62171 -4.52253
-4.62167 -4.52293
-4.62166 -4.21198
-4.62164 -3.12127
-4.62157 -4.21386
-4.62153 -4.52308
-4.62151 -4.5236
-4.6215 -4.52273
-4.6215 -4.42212
-4.62143 -4.21295
-4.62141 -4.42108
-4.62137 -4.21292
-4.62136 -4.52296
-4.62133 -4.52338
-4.6213 -4.21248
-4.62129 -4.42105
-4.62122 -3.76215
-4.62112 -4.5228
-4.62104 -4.42166
-4.615 -4.51638
-4.6148 -2.51248
-4.61474 -4.52349
-4.61471 -4.51575
-4.6147 -4.61456
-4.61458 -4.5162
-4.61437 -4.51599
-4.61436 -4.51607
-4.6142 -4.41455
-4.61403 -4.51544
-4.61396 -3.98605
-4.6139 -2.51278
-4.61353 -3.63541
-4.60907 -4.50985
-4.60882 -3.11191
-4.52352 -4.42289
-4.52344 -4.42267
-4.52335 -4.5232
-4.52334 -4.51567
-4.52331 -4.52312
-4.52327 -4.42327
-4.52317 -4.52256
-4.52317 -4.21359
-4.52316 -4.42245
-4.52316 -4.51602
-4.52315 -4.21321
-4.52314 -4.52255
-4.52306 -4.42211
-4.52296 -4.42276
-4.52289 -4.42178
-4.52288 -4.52251
-4.52287 -4.42221
-4.52285 -4.21397
-4.52285 -4.42285
-4.52284 -4.4223
-4.5228 -4.21316
-4.52275 -4.52241
-4.5227 -4.42246
-4.52269 -4.52265
-4.52263 -4.52253
-4.52261 -4.42271
-4.52258 -3.87228
-4.52254 -4.42136
-4.52254 -4.21217
-4.52248 -4.51575
-4.52241 -2.51229
-4.52238 -4.21261
-4.52238 -4.21243
-4.52236 -2.50518
-4.52234 -4.42231
-4.52233 -4.42178
-4.5223 -4.10485
-4.52228 -4.42176
-4.52225 -4.42118
-4.52221 -4.42073
-4.5222 -4.21255
-4.52216 -4.4208
-4.52216 -4.42167
-4.52211 -4.21284
-4.52209 -4.42115
-4.52206 -4.21272
-4.52205 -4.21179
-4.52202 -4.21178
-4.522 -4.42145
-4.522 -4.10429
-4.52196 -4.21246
-4.52195 -3.25857
-4.52187 -4.42083
-4.52187 -4.42077
-4.52183 -2.83085
-4.52181 -3.76129
-4.52179 -4.42111
-4.52174 -4.42106
-4.52165 -2.67622
-4.52157 -4.10408
-4.52157 -3.99403
-4.52156 -4.52147
-4.52155 -3.99379
-4.52146 -4.10343
-4.52143 -3.99234
-4.52142 -4.10387
-4.52132 -3.88028
-4.52122 -1.74429
-4.5211 -3.99305
-4.51549 -4.51537
-4.51515 -4.51489
-4.51512 -4.41419
-4.51496 -4.51477
-4.51496 -4.50998
-4.51491 -1.74471
-4.51488 -3.51105
-4.51477 -4.41384
-4.51477 -4.51456
-4.51473 -4.41381
-4.51468 -3.6431
-4.51467 -4.10474
-4.51466 -4.20477
-4.51461 -4.09699
-4.51456 -2.51348
-4.51441 -4.41351
-4.51441 -2.97841
-4.51426 -4.09639
-4.51405 -3.88007
-4.51385 -3.76161
-4.50993 -3.98557
-4.42215 -4.2138
-4.42183 -4.21379
-4.42178 -4.21329
-4.42175 -4.21336
-4.42169 -4.21305
-4.42167 -4.10606
-4.42166 -4.21284
-4.42164 -4.21313
-4.42162 -4.21378
-4.42162 -4.21312
-4.42162 -4.21284
-4.42159 -4.2131
-4.42158 -4.10581
-4.42154 -4.21286
-4.42153 -4.21237
-4.42152 -4.21279
-4.42152 -4.21311
-4.4215 -4.21284
-4.4215 -4.21272
-4.4215 -4.21288
-4.42145 -4.10521
-4.42145 -4.10545
-4.42145 -4.21366
-4.42142 -4.10598
-4.42142 -4.10464
-4.4214 -4.21363
-4.42139 -4.21359
-4.42135 -4.21311
-4.42134 -4.21373
-4.42133 -4.2121
-4.4213 -4.10497
-4.42129 -4.21233
-4.42125 -4.10479
-4.4212 -4.10477
-4.4212 -4.21245
-4.42119 -4.10464
-4.42118 -4.1054
-4.42114 -4.42053
-4.42113 -4.42099
-4.42113 -4.10544
-4.42112 -4.10599
-4.42111 -4.1047
-4.42111 -4.10498
-4.4211 -4.10544
-4.42108 -4.21244
-4.42108 -4.10521
-4.42107 -4.10497
-4.42106 -4.21278
-4.42105 -4.10516
-4.42104 -4.1045
-4.42104 -4.10445
-4.42102 -4.10598
-4.421 -4.105
-4.42094 -4.42043
-4.4209 -4.10582
-4.42085 -4.21312
-4.42084 -4.10549
-4.42084 -4.10525
-4.42083 -4.10533
-4.42083 -4.10518
-4.42082 -3.99384
-4.4208 -4.10436
-4.42077 -4.10519
-4.42073 -4.10372
-4.42072 -4.10495
-4.42068 -4.10395
-4.42064 -4.10362
-4.42063 -4.10418
-4.42053 -3.99301
-4.4205 -4.1043
-4.42049 -4.21199
-4.42044 -4.2122
-4.42043 -4.10422
-4.42041 -4.10441
-4.42037 -4.10379
-4.42029 -4.21216
-4.42024 -3.99294
-4.42022 -3.6427
-4.42014 -3.76216
-4.42012 -4.1029
-4.4201 -3.99315
-4.42009 -3.99265
-4.42006 -3.76212
-4.42003 -3.9933
-4.41996 -4.10367
-4.41995 -4.1031
-4.41984 -3.76248
-4.41977 -1.74529
-4.4197 -3.64252
-4.41969 -3.99298
-4.41968 -3.76259
-4.41961 -3.64172
-4.41953 -4.10368
-4.41938 -4.10337
-4.41924 -3.76256
-4.41337 -4.09691
-4.41336 -4.09717
-4.41335 -4.09655
-4.41335 -4.09673
-4.41324 -3.98635
-4.41319 -4.09651
-4.41316 -4.09671
-4.41313 -3.87249
-4.41254 -3.63493
-4.21243 -4.10434
-4.2124 -4.10538
-4.21239 -4.10486
-4.21234 -4.21209
-4.21227 -4.1052
-4.21221 -4.10444
-4.21221 -4.10491
-4.21212 -4.10516
-4.21209 -4.10447
-4.21205 -4.10426
-4.21204 -4.10525
-4.21197 -4.10504
-4.21195 -4.10435
-4.21189 -4.10455
-4.21187 -3.88084
-4.21183 -3.88066
-4.21182 -3.64192
-4.21178 -4.10504
-4.21177 -4.10434
-4.21176 -4.10441
-4.21168 -4.10441
-4.21165 -4.10481
-4.2116 -4.10403
-4.2116 -4.10471
-4.2116 -4.10426
-4.21159 -3.87937
-4.21159 -3.88019
-4.21158 -3.88041
-4.21157 -4.10498
-4.21156 -4.10367
-4.21153 -3.99315
-4.21153 -4.10499
-4.21149 -4.10433
-4.21147 -4.10369
-4.21146 -4.10379
-4.21143 -3.88038
-4.21141 -3.87976
-4.21138 -4.10419
-4.21136 -4.10394
-4.21134 -3.8799
-4.21132 -4.10403
-4.21132 -3.88022
-4.21132 -3.87881
-4.21128 -3.99291
-4.21127 -2.8316
-4.21126 -4.10331
-4.21125 -3.99287
-4.21125 -3.99268
-4.21125 -4.10319
-4.21125 -4.10386
-4.21123 -3.88035
-4.21119 -3.99219
-4.21116 -4.10379
-4.21114 -3.87984
-4.21113 -4.10429
-4.21108 -3.87947
-4.21108 -3.8798
-4.21106 -3.87958
-4.21098 -3.99284
-4.21096 -3.87965
-4.21093 -3.87976
-4.21089 -3.76278
-4.21086 -3.87957
-4.21079 -4.10285
-4.21073 -3.64315
-4.21073 -4.1035
-4.21062 -3.87851
-4.21062 -4.10321
-4.2106 -3.87909
-4.21058 -4.10295
-4.21056 -3.76256
-4.21042 -3.87917
-4.21032 -3.64199
-4.20423 -3.87258
-4.2042 -4.09636
-4.20412 -3.98632
-4.20383 -3.75543
-4.10429 -4.10414
-4.10392 -3.99402
-4.10389 -4.10376
-4.10375 -3.99431
-4.10375 -4.10361
-4.10375 -4.10335
-4.1037 -3.99431
-4.10367 -3.99426
-4.10366 -3.99473
-4.10363 -3.99471
-4.10361 -3.99278
-4.10361 -3.99466
-4.1036 -3.98632
-4.1036 -3.99422
-4.10359 -3.99292
-4.1035 -3.9937
-4.1035 -3.99393
-4.1035 -3.99385
-4.10348 -3.99385
-4.10347 -3.87956
-4.10346 -3.9939
-4.10345 -3.99297
-4.10342 -3.99382
-4.10342 -3.9935
-4.10341 -3.99363
-4.10341 -3.99403
-4.1034 -4.10311
-4.10339 -3.99374
-4.10337 -3.99372
-4.10335 -3.99403
-4.10334 -3.99426
-4.10333 -3.9937
-4.10333 -3.99419
-4.10331 -3.99321
-4.10328 -3.88002
-4.10327 -3.88057
-4.10327 -3.87965
-4.10325 -3.99288
-4.10324 -3.99361
-4.10322 -3.99372
-4.1032 -3.99242
-4.1032 -3.99393
-4.10317 -3.99297
-4.10317 -3.99229
-4.10315 -3.87883
-4.10315 -3.99353
-4.10314 -3.99367
-4.10314 -4.10294
-4.10313 -3.99331
-4.10312 -3.99289
-4.10311 -3.99384
-4.10309 -3.99365
-4.10306 -3.87998
-4.10306 -3.76354
-4.10305 -3.87955
-4.10305 -3.99371
-4.10303 -4.10294
-4.10302 -3.88002
-4.103 -3.99288
-4.103 -3.76282
-4.103 -3.87885
-4.10297 -3.99319
-4.10297 -3.99287
-4.10297 -3.88045
-4.10296 -3.76192
-4.10296 -3.99346
-4.10296 -3.99333
-4.10296 -3.99279
-4.10295 -3.99265
-4.10292 -3.99345
-4.10291 -3.99369
-4.1029 -3.9933
-4.1029 -3.87893
-4.1029 -3.87994
-4.10289 -3.76311
-4.10288 -3.87912
-4.10286 -3.98574
-4.10286 -3.99294
-4.10284 -3.76324
-4.10284 -3.99211
-4.10283 -3.87925
-4.10283 -3.9925
-4.10283 -3.87914
-4.10282 -3.76339
-4.10281 -3.99274
-4.1028 -3.76256
-4.10279 -3.88029
-4.10277 -3.76265
-4.10276 -3.87926
-4.10275 -3.99269
-4.10274 -3.87839
-4.10269 -3.99239
-4.10269 -3.76275
-4.10269 -3.87915
-4.10268 -3.99182
-4.10268 -3.76204
-4.10267 -3.99341
-4.10265 -3.99353
-4.10264 -3.76252
-4.10264 -3.76338
-4.10263 -3.76183
-4.1026 -3.87915
-4.10259 -3.87912
-4.10258 -3.76282
-4.10256 -3.87924
-4.10256 -3.64279
-4.10254 -3.99233
-4.10254 -3.9929
-4.10253 -3.2589
-4.10251 -3.99227
-4.10251 -3.64279
-4.10245 -3.87905
-4.10243 -3.99215
-4.10242 -3.99262
-4.10241 -3.8792
-4.10241 -3.64261
-4.10241 -3.87822
-4.1024 -3.99252
-4.1024 -3.879
-4.10239 -3.76198
-4.10239 -3.76238
-4.10238 -3.76272
-4.10235 -3.76314
-4.10235 -3.99254
-4.10234 -3.87883
-4.10232 -3.64266
-4.10232 -3.64286
-4.10228 -3.87774
-4.10227 -3.64304
-4.10227 -3.64249
-4.10227 -3.99315
-4.10227 -3.64354
-4.10223 -3.64316
-4.10222 -3.76282
-4.10222 -3.64298
-4.1022 -3.64232
-4.1022 -3.87927
-4.10214 -3.76268
-4.10211 -3.99124
-4.10208 -3.64229
-4.10201 -3.76209
-4.10198 -3.99273
-4.10197 -3.99199
-4.1019 -3.87854
-4.10185 -3.76283
-4.10176 -3.87925
-4.10159 -3.64235
-4.09676 -3.99375
-4.09669 -3.99351
-4.09649 -3.98666
-4.09634 -3.87284
-4.09634 -3.98615
-4.09627 -1.7434
-4.09624 -3.98594
-4.0962 -3.87228
-4.09606 -3.98573
-4.09601 -3.75569
-4.096 -3.75569
-4.096 -3.98586
-4.09598 -3.64222
-4.09598 -3.75574
-4.09582 -3.75568
-4.09565 -3.87199
-3.99267 -3.99238
-3.99256 -3.88036
-3.99245 -3.87987
-3.9924 -3.76364
-3.99234 -3.87933
-3.99234 -3.87933
-3.99233 -3.88007
-3.99232 -3.99219
-3.99232 -3.98639
-3.9923 -3.87953
-3.99229 -3.8793
-3.99228 -3.76305
-3.99227 -3.76394
-3.99224 -3.76265
-3.99224 -3.99198
-3.99222 -3.88055
-3.9922 -3.76346
-3.99218 -3.76305
-3.99217 -3.76309
-3.99216 -3.88029
-3.99206 -3.87881
-3.99205 -3.76249
-3.99205 -3.76164
-3.99205 -3.76321
-3.992 -3.25892
-3.99198 -3.76353
-3.99193 -3.87909
-3.99193 -3.76372
-3.99193 -3.87911
-3.99192 -3.7627
-3.99191 -3.64247
-3.99191 -3.87908
-3.99189 -3.87929
-3.99188 -3.76346
-3.99187 -3.64242
-3.99185 -3.76256
-3.99179 -3.76291
-3.99179 -3.87814
-3.99178 -3.76298
-3.99177 -3.87942
-3.99177 -3.64246
-3.99175 -3.76337
-3.99172 -3.76136
-3.9917 -3.76361
-3.99169 -3.87884
-3.99166 -3.64245
-3.99166 -3.64286
-3.99163 -3.76235
-3.99158 -3.99146
-3.99156 -3.76246
-3.99156 -3.64263
-3.99153 -3.87773
-3.99152 -3.76231
-3.9915 -3.87892
-3.9915 -3.7634
-3.99147 -3.76273
-3.99145 -3.87977
-3.99144 -3.64249
-3.99144 -3.7621
-3.99133 -3.64229
-3.99129 -3.6428
-3.99121 -3.642
-3.99119 -3.76203
-3.99117 -3.64226
-3.9911 -3.64281
-3.99095 -3.64228
-3.99088 -3.64215
-3.99087 -3.64198
-3.99065 -3.25988
-3.98559 -3.87922
-3.98545 -3.76181
-3.98541 -3.87236
-3.98541 -3.51743
-3.98536 -3.75582
-3.98531 -3.75514
-3.98518 -3.75577
-3.98509 -3.76219
-3.98506 -3.64185
-3.98504 -3.8724
-3.98498 -2.51256
-3.98497 -3.51189
-3.98488 -3.75549
-3.98484 -3.64212
-3.9848 -3.75529
-3.98469 -3.63618
-3.9846 -3.75536
-3.98433 -3.63537
-3.87925 -3.76372
-3.87902 -3.76299
-3.879 -3.76322
-3.87892 -3.76332
-3.87888 -3.64337
-3.87887 -3.76398
-3.87884 -3.76297
-3.87881 -3.76329
-3.87877 -3.76334
-3.87876 -3.7627
-3.87868 -3.76256
-3.87865 -3.64277
-3.87865 -3.76349
-3.87861 -3.7621
-3.87856 -3.76326
-3.87852 -3.76319
-3.8785 -3.76274
-3.87848 -3.76129
-3.87847 -3.76329
-3.87846 -3.76286
-3.87846 -3.76266
-3.87845 -3.76309
-3.87845 -3.64261
-3.87842 -3.76264
-3.8784 -3.64232
-3.87837 -3.6432
-3.87836 -3.76307
-3.87836 -3.76313
-3.87832 -3.76256
-3.87831 -3.76161
-3.8783 -3.76302
-3.8783 -3.7622
-3.87827 -3.76249
-3.87827 -3.64229
-3.87827 -3.76321
-3.87823 -3.76172
-3.87821 -3.64239
-3.8782 -3.64204
-3.87819 -3.64284
-3.87819 -3.64212
-3.87819 -3.76235
-3.87818 -3.76266
-3.87818 -3.7621
-3.87817 -3.76282
-3.87816 -3.64363
-3.87814 -3.64215
-3.87814 -3.64376
-3.87814 -3.7622
-3.87809 -3.76235
-3.87808 -3.76284
-3.87807 -3.76251
-3.87807 -3.64293
-3.87806 -3.76208
-3.87806 -3.64194
-3.87806 -3.76279
-3.87802 -3.64184
-3.87802 -3.76211
-3.87802 -3.64294
-3.87802 -3.76257
-3.87801 -3.76231
-3.87799 -3.64252
-3.87795 -3.64222
-3.87794 -3.76218
-3.87794 -3.64277
-3.87792 -3.64205
-3.87791 -3.7624
-3.87791 -3.6433
-3.8779 -3.64292
-3.87789 -3.76183
-3.87787 -3.76226
-3.87787 -3.64287
-3.87784 -3.7621
-3.87783 -3.64185
-3.87777 -3.76234
-3.87774 -3.64163
-3.87772 -3.76188
-3.8777 -3.64154
-3.8777 -3.64229
-3.87768 -3.64194
-3.87763 -3.63554
-3.87759 -3.76058
-3.87759 -3.6418
-3.87757 -3.64224
-3.87757 -3.76241
-3.87755 -3.76287
-3.87752 -3.76249
-3.87737 -2.51299
-3.87735 -3.64135
-3.87732 -3.64048
-3.87727 -3.76155
-3.87719 -3.64164
-3.87718 -3.6419
-3.87715 -3.64083
-3.8771 -3.64138
-3.87704 -3.76195
-3.87678 -2.98027
-3.87238 -3.76313
-3.87225 -3.76264
-3.87217 -3.76292
-3.87169 -3.75147
-3.87164 -3.12206
-3.87137 -3.75529
-3.87131 -3.75595
-3.87086 -3.75554
-3.87071 -1.50326
-3.76248 -3.64353
-3.76239 -3.64347
-3.76235 -3.64357
-3.76227 -3.76208
-3.76221 -3.64344
-3.76221 -3.64346
-3.76205 -3.76183
-3.76201 -3.6428
-3.762 -3.64371
-3.762 -3.75619
-3.76199 -3.64246
-3.76195 -3.6429
-3.76191 -3.64246
-3.76189 -3.6429
-3.76188 -3.76187
-3.76187 -3.64247
-3.7618 -3.64336
-3.7618 -3.6431
-3.76179 -3.64244
-3.76177 -3.64295
-3.76172 -3.643
-3.76169 -3.64286
-3.76168 -3.64213
-3.76163 -3.64259
-3.76162 -3.6429
-3.76158 -3.64273
-3.76157 -3.76156
-3.76156 -3.64236
-3.76155 -3.64261
-3.76155 -3.64256
-3.76152 -3.64288
-3.76152 -3.64241
-3.76148 -3.64223
-3.76148 -3.64249
-3.76145 -3.64189
-3.76145 -3.64194
-3.76144 -3.64216
-3.76141 -3.64249
-3.76138 -3.64294
-3.76136 -3.64198
-3.76135 -3.64297
-3.76135 -3.64229
-3.76134 -3.75607
-3.76134 -3.64338
-3.76132 -3.76061
-3.76131 -3.642
-3.76128 -3.64147
-3.76127 -3.64252
-3.76126 -3.64197
-3.76126 -3.64199
-3.76125 -3.64283
-3.76124 -3.64221
-3.76121 -3.64223
-3.76118 -3.64273
-3.76118 -3.6414
-3.76116 -3.64188
-3.76116 -3.76088
-3.76113 -3.64196
-3.76112 -3.64164
-3.76106 -3.64201
-3.76106 -3.64241
-3.76103 -3.64302
-3.76098 -3.75572
-3.76098 -3.64106
-3.76096 -3.64108
-3.76095 -3.64147
-3.76094 -3.64245
-3.76093 -3.64235
-3.76091 -3.75548
-3.76088 -3.64204
-3.76087 -3.76082
-3.7608 -3.64208
-3.7608 -3.64236
-3.76079 -3.64286
-3.76078 -3.64147
-3.76077 -3.64143
-3.76075 -3.64255
-3.76073 -3.64202
-3.76066 -3.64185
-3.76064 -3.64124
-3.76061 -3.64229
-3.76058 -3.25941
-3.76056 -3.64208
-3.76053 -3.51798
-3.76046 -3.64117
-3.76045 -3.25797
-3.76041 -3.64112
-3.76035 -3.51818
-3.76031 -3.6415
-3.7555 -3.64261
-3.75491 -3.63551
-3.75488 -3.63521
-3.75478 -3.63542
-3.75478 -3.63555
-3.75476 -3.63551
-3.75474 -3.63547
-3.75474 -3.63556
-3.7546 -3.6355
-3.75454 -3.63537
-3.75427 -3.51167
-3.75066 -3.63136
-3.75056 -3.63133
-3.64207 -3.64198
-3.64196 -3.64193
-3.64184 -3.64172
-3.64151 -3.64097
-3.64144 -3.64132
-3.64143 -3.25967
-3.64142 -3.64112
-3.64136 -3.64084
-3.64129 -3.25978
-3.64128 -3.51857
-3.64126 -3.5182
-3.64124 -3.25962
-3.64123 -3.64103
-3.64122 -3.5179
-3.64121 -3.64095
-3.64121 -3.25984
-3.64117 -3.64077
-3.64111 -3.51915
-3.64111 -3.64103
-3.6411 -3.2591
-3.64108 -3.64067
-3.64107 -3.51873
-3.64105 -3.25985
-3.64102 -3.51939
-3.641 -3.64067
-3.64098 -3.64078
-3.64098 -3.63581
-3.64096 -3.51234
-3.64094 -3.5188
-3.64094 -3.25942
-3.64092 -3.11973
-3.6409 -3.64075
-3.64089 -3.64081
-3.64088 -3.26002
-3.64087 -3.26003
-3.64087 -3.51847
-3.64084 -3.64082
-3.64084 -3.25978
-3.64083 -3.25974
-3.64082 -3.5193
-3.64082 -3.25961
-3.64081 -3.26008
-3.64078 -3.51859
-3.64078 -3.2593
-3.64077 -3.63578
-3.64076 -3.2595
-3.64075 -3.25936
-3.64072 -3.64067
-3.64072 -3.25949
-3.64071 -3.51798
-3.64069 -3.25865
-3.64068 -3.64067
-3.64067 -3.51839
-3.64066 -3.25906
-3.64065 -3.51891
-3.64065 -3.64043
-3.64065 -3.51845
-3.64064 -3.25968
-3.64064 -3.25978
-3.64063 -3.64042
-3.64063 -3.5181
-3.64063 -3.25899
-3.64063 -3.51219
-3.64062 -3.51891
-3.6406 -3.64046
-3.64059 -3.51713
-3.64059 -3.26023
-3.64057 -3.25967
-3.64057 -3.51775
-3.64057 -3.51901
-3.64056 -3.25899
-3.64056 -3.2591
-3.64055 -3.25909
-3.64055 -3.6354
-3.64055 -3.25943
-3.64054 -3.51771
-3.64054 -3.25896
-3.64051 -3.25954
-3.64049 -3.25966
-3.64049 -3.51838
-3.64047 -3.5188
-3.64047 -3.64042
-3.64047 -3.51907
-3.64046 -3.25924
-3.64045 -3.25888
-3.64044 -3.25939
-3.64044 -3.25978
-3.64044 -3.5182
-3.64042 -3.25946
-3.64042 -3.25905
-3.64041 -3.25911
-3.64037 -3.51768
-3.64037 -3.51749
-3.64037 -3.25938
-3.64036 -3.64032
-3.64035 -3.51788
-3.64035 -3.25931
-3.64035 -3.25927
-3.64031 -3.25946
-3.64029 -3.5188
-3.64029 -3.25906
-3.64029 -3.51886
-3.64028 -3.25925
-3.64028 -3.25888
-3.64027 -3.51842
-3.64025 -3.25901
-3.64024 -3.51752
-3.64024 -3.2588
-3.64024 -3.25894
-3.64023 -3.25897
-3.64023 -3.25915
-3.64022 -3.25897
-3.64022 -3.25887
-3.64021 -3.51866
-3.64021 -3.5183
-3.6402 -3.51819
-3.64019 -3.25902
-3.64018 -3.51752
-3.64018 -3.25914
-3.64017 -2.98047
-3.64017 -3.25917
-3.64016 -3.26004
-3.64015 -3.51715
-3.64013 -3.25837
-3.64013 -3.25902
-3.64013 -3.25915
-3.64012 -3.25961
-3.64012 -3.25787
-3.64012 -3.51925
-3.64011 -3.25916
-3.64008 -3.51761
-3.64008 -3.25897
-3.64008 -3.25871
-3.64008 -3.25847
-3.64007 -3.25861
-3.64007 -3.25835
-3.64007 -3.5173
-3.64005 -3.25861
-3.64003 -3.25923
-3.64002 -3.51872
-3.64002 -3.25933
-3.64002 -3.25827
-3.64001 -3.12173
-3.64 -3.12284
-3.63998 -3.2583
-3.63997 -3.25954
-3.63996 -3.25881
-3.63993 -3.25812
-3.63992 -3.25857
-3.63992 -3.25855
-3.63992 -3.25875
-3.63991 -3.25889
-3.6399 -3.51819
-3.63988 -3.51752
-3.63987 -3.25905
-3.63986 -3.25851
-3.63986 -3.25837
-3.63985 -3.51755
-3.63982 -2.34015
-3.63982 -3.25861
-3.63982 -3.12163
-3.63978 -3.12249
-3.63977 -3.51747
-3.63974 -3.2582
-3.6397 -3.51752
-3.63969 -3.25787
-3.63969 -3.25896
-3.63968 -3.25819
-3.63968 -3.25869
-3.63965 -3.25892
-3.63963 -2.98047
-3.6396 -3.12142
-3.63957 -3.25828
-3.6395 -3.25876
-3.63948 -3.25884
-3.63945 -3.25835
-3.63944 -3.25893
-3.63939 -3.25731
-3.63936 -3.25778
-3.63933 -3.12171
-3.63922 -3.12175
-3.63919 -3.25801
-3.63918 -3.25804
-3.63913 -3.25718
-3.63901 -3.25737
-3.63889 -2.67622
-3.63889 -3.12125
-3.63887 -3.12131
-3.63879 -3.5167
-3.63532 -3.63532
-3.6348 -2.83143
-3.63469 -3.25856
-3.63468 -3.5114
-3.63468 -3.25287
-3.63466 -3.51251
-3.63455 -3.25834
-3.63446 -3.25294
-3.63445 -3.51217
-3.63445 -2.83125
-3.63436 -3.25262
-3.63426 -3.51124
-3.63425 -3.51106
-3.63415 -2.9785
-3.63411 -3.5117
-3.63384 -3.11631
-3.6338 -2.33476
-3.63376 -3.25278
-3.63105 -3.51183
-3.63054 -2.50832
-3.51727 -3.51672
-3.51724 -3.25987
-3.51724 -3.51721
-3.51708 -3.25946
-3.51705 -3.25951
-3.51701 -3.51684
-3.51695 -3.25875
-3.51695 -3.25888
-3.51695 -3.25994
-3.51689 -3.25991
-3.51683 -3.2596
-3.51682 -3.25938
-3.5168 -3.25846
-3.51679 -3.25884
-3.51675 -3.51668
-3.51674 -3.25929
-3.5167 -3.2594
-3.51657 -3.51653
-3.51653 -3.2589
-3.51651 -3.25877
-3.5165 -3.25774
-3.51647 -3.1222
-3.51644 -3.25897
-3.51643 -3.51642
-3.51641 -3.25855
-3.51634 -3.51125
-3.51627 -3.25911
-3.51626 -3.12058
-3.51626 -3.25866
-3.51625 -2.8316
-3.5162 -3.25846
-3.51619 -3.2574
-3.51599 -3.25767
-3.51598 -2.98003
-3.51591 -2.98022
-3.51585 -2.98022
-3.51582 -3.12113
-3.5158 -3.12156
-3.51572 -3.12108
-3.51557 -3.12093
-3.51555 -2.83111
-3.51551 -2.97894
-3.51546 -3.12103
-3.51164 -3.51109
-3.51164 -3.51146
-3.51164 -3.51158
-3.51158 -3.51158
-3.51137 -2.50707
-3.51062 -2.50807
-3.51061 -3.11648
-3.5072 -3.25187
-3.25845 -3.25827
-3.25837 -3.25827
-3.25825 -3.25796
-3.25824 -3.25801
-3.25814 -3.25801
-3.25812 -3.12238
-3.2581 -3.12234
-3.2581 -3.25795
-3.25805 -3.12294
-3.25805 -3.12142
-3.25804 -3.12239
-3.25802 -3.12238
-3.25796 -3.12265
-3.25796 -3.12227
-3.25794 -3.25782
-3.25794 -3.1223
-3.25794 -3.25793
-3.25791 -3.25757
-3.25787 -3.12183
-3.25786 -3.25722
-3.25784 -3.12184
-3.25781 -3.25777
-3.2578 -3.25761
-3.25779 -3.12194
-3.25777 -3.12188
-3.25774 -3.1218
-3.25772 -3.1222
-3.25771 -3.12223
-3.25768 -3.25735
-3.25767 -3.12271
-3.25766 -3.12227
-3.25766 -2.97997
-3.25766 -3.12251
-3.25766 -3.12243
-3.25764 -3.25764
-3.25763 -3.12114
-3.25762 -2.98063
-3.25762 -3.12235
-3.25761 -3.11677
-3.25759 -3.25743
-3.25759 -3.12175
-3.25754 -3.12105
-3.25753 -3.12206
-3.25753 -3.12183
-3.25753 -3.12175
-3.25752 -3.12229
-3.25752 -2.97971
-3.25752 -3.12163
-3.25751 -3.12215
-3.25748 -3.12178
-3.25748 -3.12199
-3.25746 -3.12177
-3.25746 -3.12225
-3.25746 -3.25744
-3.25746 -3.12251
-3.25744 -2.98028
-3.25743 -3.12174
-3.25743 -3.12138
-3.25742 -3.12151
-3.25742 -3.25711
-3.2574 -3.12135
-3.2574 -3.12256
-3.2574 -3.12222
-3.25739 -3.12176
-3.25739 -3.12309
-3.25738 -2.98037
-3.25738 -3.12252
-3.25737 -3.12245
-3.25737 -3.1224
-3.25737 -3.12186
-3.25737 -2.97991
-3.25736 -3.25725
-3.25736 -3.12245
-3.25733 -3.12231
-3.25733 -3.12187
-3.25733 -2.97943
-3.25731 -3.12173
-3.25731 -3.12204
-3.25729 -3.12178
-3.25728 -3.12187
-3.25727 -3.12009
-3.25727 -3.12244
-3.25726 -3.12191
-3.25725 -3.12249
-3.25724 -3.12186
-3.25723 -3.12222
-3.25723 -2.97923
-3.25722 -3.12192
-3.25722 -2.97931
-3.25722 -2.83198
-3.2572 -3.12172
-3.2572 -3.12126
-3.25719 -3.12126
-3.25719 -3.1165
-3.25717 -2.97984
-3.25717 -2.97878
-3.25717 -3.12142
-3.25717 -3.12184
-3.25716 -2.98004
-3.25716 -3.12126
-3.25715 -3.12115
-3.25715 -3.12112
-3.25715 -3.12125
-3.25713 -3.11641
-3.25713 -3.1218
-3.25712 -3.12192
-3.2571 -3.12112
-3.25708 -3.12184
-3.25708 -3.12117
-3.25708 -3.12123
-3.25705 -2.98031
-3.25705 -3.1214
-3.25703 -3.1221
-3.25701 -3.12205
-3.257 -2.979
-3.25697 -2.83235
-3.25696 -3.12257
-3.25696 -3.1214
-3.25696 -3.1214
-3.25696 -2.97966
-3.25695 -3.12201
-3.25695 -3.12268
-3.25694 -3.12149
-3.25694 -3.1209
-3.25694 -3.12147
-3.25692 -3.1221
-3.25691 -3.12113
-3.25688 -2.97894
-3.25688 -2.8321
-3.25687 -3.1213
-3.25686 -2.97899
-3.25684 -3.12163
-3.25684 -3.12045
-3.25684 -2.83239
-3.25683 -3.11999
-3.25681 -2.9743
-3.2568 -2.83205
-3.25678 -3.25672
-3.25677 -3.12016
-3.25675 -3.12091
-3.25673 -3.11555
-3.25672 -2.83227
-3.25671 -3.12093
-3.25669 -3.12145
-3.25665 -2.83229
-3.25661 -2.97838
-3.25661 -2.97893
-3.25659 -2.9796
-3.25655 -2.97938
-3.25655 -3.12071
-3.25653 -3.12126
-3.25651 -3.12093
-3.25651 -2.97995
-3.25646 -2.83136
-3.25646 -2.83222
-3.25645 -2.97891
-3.25644 -3.12017
-3.25644 -2.97868
-3.25643 -2.97859
-3.2564 -2.83208
-3.2564 -2.83146
-3.25631 -2.831
-3.25621 -2.83078
-3.25619 -3.12034
-3.25614 -2.83046
-3.25586 -2.67708
-3.25583 -2.97876
-3.25576 -2.83087
-3.25575 -2.51001
-3.25263 -3.11707
-3.25233 -3.12175
-3.25231 -3.11658
-3.25221 -3.11641
-3.25218 -3.1163
-3.25207 -3.11597
-3.25207 -3.25207
-3.25207 -3.25207
-3.25204 -3.11611
-3.25177 -3.11582
-3.25177 -2.82651
-3.25139 -2.51302
-3.25134 -3.11608
-3.25131 -2.33905
-3.25102 -2.82603
-3.251 -2.82631
-3.12126 -2.98021
-3.1212 -3.12116
-3.12112 -2.9803
-3.12109 -3.12094
-3.12101 -2.98026
-3.12098 -3.11656
-3.12093 -3.12069
-3.12092 -3.1208
-3.12083 -2.97918
-3.12081 -2.97999
-3.12079 -2.97957
-3.12077 -3.12036
-3.12076 -3.12039
-3.12074 -3.12066
-3.12072 -2.83183
-3.12071 -3.12058
-3.1207 -2.97875
-3.12069 -3.12068
-3.12068 -2.97973
-3.12065 -2.8326
-3.12065 -2.9793
-3.12055 -2.83129
-3.12053 -2.83269
-3.12052 -2.97892
-3.12045 -3.12011
-3.12044 -2.83152
-3.12043 -2.83144
-3.12043 -2.97861
-3.12043 -2.97964
-3.12042 -2.83241
-3.12041 -2.97968
-3.12041 -3.12031
-3.12037 -3.11606
-3.12035 -2.83162
-3.12035 -2.8311
-3.12031 -2.83177
-3.12031 -2.97853
-3.12029 -2.97883
-3.12028 -2.83144
-3.12028 -2.8326
-3.12028 -2.97876
-3.12027 -2.83143
-3.12027 -2.97867
-3.12023 -2.83178
-3.12022 -2.97955
-3.12019 -2.83175
-3.12018 -2.83122
-3.12016 -2.83128
-3.12014 -2.97891
-3.12012 -2.83155
-3.12011 -2.9784
-3.12011 -2.83106
-3.12006 -3.11993
-3.12005 -2.9792
-3.12005 -2.67726
-3.12005 -2.83117
-3.12004 -2.8316
-3.12002 -2.6767
-3.12001 -2.83162
-3.11998 -2.97906
-3.11998 -2.97824
-3.11997 -2.83172
-3.11997 -3.11982
-3.11997 -2.83131
-3.11994 -3.11989
-3.1199 -2.97873
-3.1199 -2.83082
-3.11989 -2.83068
-3.11989 -2.8311
-3.11987 -2.97835
-3.11984 -3.11554
-3.11983 -2.83181
-3.11983 -2.83144
-3.11982 -3.1197
-3.11981 -2.83162
-3.1198 -2.83063
-3.1198 -2.97876
-3.11979 -2.83087
-3.11979 -2.83131
-3.11977 -3.11959
-3.11976 -2.83162
-3.11975 -2.8314
-3.11974 -2.6764
-3.11974 -2.83076
-3.11973 -2.97863
-3.11973 -2.83078
-3.11971 -2.83122
-3.11968 -2.97911
-3.11964 -2.83099
-3.11962 -2.67445
-3.11962 -2.83119
-3.11962 -2.67657
-3.11961 -2.67594
-3.11961 -2.9786
-3.1196 -2.67621
-3.1196 -2.97908
-3.1196 -2.9782
-3.11958 -2.97854
-3.11956 -2.67668
-3.11955 -2.83088
-3.11955 -2.83175
-3.11955 -2.97859
-3.11952 -2.83138
-3.11952 -2.83108
-3.1195 -2.83038
-3.11948 -2.83135
-3.11948 -2.51356
-3.11944 -3.11528
-3.11937 -2.67587
-3.11927 -2.83059
-3.11927 -2.83108
-3.11922 -2.83162
-3.11916 -2.67641
-3.11908 -2.6753
-3.11908 -2.83054
-3.11898 -2.67605
-3.11893 -2.83073
-3.11872 -2.51299
-3.11869 -2.6761
-3.11525 -2.82643
-3.11509 -2.5125
-3.11509 -2.82616
-3.11505 -2.82599
-3.11505 -2.82606
-3.11498 -2.82588
-3.11489 -2.339
-3.11489 -2.51334
-3.11481 -2.67547
-3.11475 -2.97322
-3.11473 -2.67127
-3.11471 -2.50799
-3.11463 -2.67151
-3.11452 -2.67128
-3.1143 -1.95986
-3.11172 -0.917834
-3.11141 -1.95568
-2.97886 -2.83156
-2.97879 -2.83152
-2.97873 -2.83146
-2.97873 -2.83135
-2.97864 -2.83129
-2.97863 -2.83166
-2.97855 -2.83175
-2.97852 -2.8314
-2.97851 -2.83192
-2.97849 -2.83135
-2.97848 -2.83195
-2.97839 -2.83164
-2.97837 -2.51431
-2.97836 -2.83106
-2.97835 -2.83154
-2.97835 -2.83115
-2.97831 -2.83193
-2.97825 -2.83162
-2.97819 -2.83037
-2.97819 -2.83134
-2.97817 -2.83152
-2.97816 -2.83151
-2.97815 -2.5136
-2.97811 -2.83134
-2.9781 -2.83198
-2.97808 -2.83123
-2.97807 -2.83146
-2.97806 -2.8313
-2.97805 -2.51354
-2.97805 -2.83145
-2.97803 -2.83077
-2.97803 -2.83134
-2.97801 -2.83084
-2.97799 -2.83084
-2.97798 -2.83146
-2.97796 -2.8314
-2.97795 -2.83124
-2.97795 -2.5139
-2.97794 -2.5142
-2.97794 -2.51426
-2.97791 -2.83084
-2.97788 -2.51417
-2.97787 -2.83177
-2.97785 -2.83034
-2.97781 -2.67552
-2.97779 -2.67581
-2.97779 -2.5134
-2.97779 -2.67645
-2.97778 -2.51385
-2.97776 -2.83135
-2.9777 -2.83152
-2.97768 -2.51405
-2.97767 -2.83101
-2.97765 -2.51378
-2.9776 -2.51361
-2.97759 -2.51388
-2.97757 -2.51306
-2.97755 -2.5135
-2.97753 -2.83118
-2.97753 -2.51336
-2.97748 -2.83077
-2.97744 -2.83058
-2.97744 -2.51352
-2.97737 -2.51325
-2.97733 -2.83025
-2.97732 -2.51295
-2.97726 -2.8307
-2.97717 -2.67661
-2.97709 -2.51221
-2.97691 -2.67622
-2.97663 -2.51261
-2.97328 -2.6718
-2.97325 -2.67181
-2.97324 -2.67158
-2.97319 -2.82612
-2.97309 -2.50875
-2.97303 -2.51176
-2.97298 -2.82568
-2.97288 -2.50761
-2.97273 -1.50443
-2.9727 -2.67161
-2.97256 -2.50767
-2.97007 -2.33633
-2.8309 -2.83079
-2.83087 -2.67732
-2.83081 -2.67696
-2.83077 -2.83065
-2.83074 -2.67735
-2.83074 -2.83041
-2.83073 -2.67729
-2.83071 -2.83037
-2.83067 -2.8306
-2.83067 -2.83063
-2.83063 -2.67694
-2.83063 -2.83051
-2.83062 -2.67187
-2.83062 -2.67187
-2.8306 -2.67715
-2.83058 -2.83048
-2.83056 -2.67697
-2.83055 -2.67731
-2.83053 -2.83023
-2.83053 -2.67702
-2.83053 -2.67772
-2.83047 -2.83039
-2.83046 -2.67702
-2.83044 -2.67717
-2.83038 -2.67723
-2.83037 -2.6772
-2.83036 -2.67577
-2.83036 -2.6763
-2.83035 -2.67747
-2.83034 -2.67695
-2.83034 -2.67718
-2.83032 -2.67691
-2.83031 -2.83015
-2.83029 -2.6766
-2.83028 -2.67628
-2.83027 -2.67717
-2.83025 -2.67671
-2.83025 -2.67729
-2.83024 -2.67561
-2.83024 -2.5142
-2.83023 -2.6763
-2.83022 -2.67727
-2.83022 -2.67694
-2.83021 -2.67727
-2.83021 -2.67669
-2.83019 -2.51428
-2.83019 -2.67619
-2.83019 -2.6772
-2.83019 -2.83015
-2.83019 -2.67664
-2.83018 -2.676
-2.83018 -2.67647
-2.83018 -2.67684
-2.83018 -2.6771
-2.83016 -2.67613
-2.83013 -2.67624
-2.83012 -2.67658
-2.83012 -2.82992
-2.83012 -2.51334
-2.83011 -2.6767
-2.8301 -2.67647
-2.8301 -2.6764
-2.8301 -2.67599
-2.83008 -2.67735
-2.83008 -2.6764
-2.83007 -2.51346
-2.83007 -2.51375
-2.83006 -2.67675
-2.83005 -2.67701
-2.83004 -2.67616
-2.83004 -2.67578
-2.83002 -2.82977
-2.83002 -2.67642
-2.83 -2.67705
-2.83 -2.67597
-2.83 -2.676
-2.82999 -2.51404
-2.82999 -2.67552
-2.82998 -2.67629
-2.82998 -2.51315
-2.82997 -2.51327
-2.82997 -2.6759
-2.82997 -2.51309
-2.82996 -2.67602
-2.82996 -2.67571
-2.82995 -2.82964
-2.82992 -2.67543
-2.8299 -2.676
-2.8299 -2.67617
-2.82989 -2.51336
-2.82987 -2.67723
-2.82987 -2.51306
-2.82985 -2.67625
-2.82985 -2.67744
-2.82985 -2.51325
-2.82984 -2.51347
-2.82984 -2.67554
-2.82983 -2.51327
-2.82983 -2.67606
-2.82983 -2.51302
-2.82983 -2.6765
-2.82982 -2.67606
-2.82982 -2.67158
-2.82982 -2.67705
-2.82979 -2.67524
-2.82979 -2.67598
-2.82979 -2.67577
-2.82977 -2.67663
-2.82976 -2.51306
-2.82972 -2.67597
-2.82971 -2.51327
-2.8297 -2.67559
-2.82969 -2.67611
-2.82968 -2.67603
-2.82967 -2.67623
-2.82966 -2.5139
-2.82966 -2.67608
-2.82963 -2.5129
-2.82962 -2.67151
-2.82961 -2.67552
-2.8296 -2.67578
-2.82959 -2.67648
-2.82959 -2.51376
-2.82958 -2.51356
-2.82957 -2.51327
-2.82957 -2.67523
-2.82955 -2.51306
-2.82955 -2.67623
-2.82954 -2.67556
-2.82952 -2.51374
-2.82952 -2.51273
-2.82951 -2.51297
-2.82947 -2.513
-2.82946 -2.51251
-2.82945 -2.6757
-2.82945 -2.67568
-2.82945 -2.51323
-2.82944 -2.51285
-2.82944 -2.67516
-2.82944 -2.67495
-2.82941 -2.51313
-2.82939 -2.51341
-2.82939 -2.51318
-2.82939 -2.51297
-2.82937 -2.6764
-2.82937 -2.34092
-2.82935 -2.67531
-2.82931 -2.51266
-2.8293 -2.5132
-2.82929 -2.67597
-2.82929 -2.51304
-2.82929 -2.33816
-2.82921 -2.51234
-2.8292 -2.5127
-2.82919 -2.6765
-2.82917 -2.67557
-2.82916 -2.51336
-2.82914 -2.51248
-2.82908 -2.51238
-2.82905 -2.34068
-2.82899 -2.51233
-2.82891 -2.51256
-2.82873 -2.51211
-2.82554 -2.67555
-2.82549 -2.67128
-2.82549 -2.50873
-2.82543 -2.34126
-2.82521 -2.67117
-2.82517 -2.66819
-2.82512 -2.50822
-2.82505 -2.50833
-2.82501 -2.51306
-2.82501 -2.5082
-2.82495 -2.82488
-2.82483 -2.50823
-2.8248 -2.50827
-2.82475 -2.67089
-2.67563 -2.51391
-2.67541 -2.51319
-2.67535 -2.67534
-2.67534 -2.51398
-2.67529 -2.51395
-2.67526 -2.51359
-2.67525 -2.67524
-2.67522 -2.51347
-2.67521 -2.51377
-2.67521 -2.51295
-2.6752 -2.51332
-2.67519 -2.51386
-2.67515 -2.51278
-2.67512 -2.51386
-2.67511 -2.67447
-2.67508 -2.51399
-2.67507 -2.51351
-2.67505 -2.51294
-2.67504 -2.51393
-2.67503 -2.51402
-2.67502 -2.51332
-2.67501 -2.51409
-2.67499 -2.5087
-2.67497 -2.51351
-2.67496 -2.51271
-2.67496 -2.51345
-2.67495 -2.67475
-2.6749 -2.51292
-2.67489 -2.51287
-2.67489 -2.67482
-2.67488 -2.51251
-2.67488 -2.51283
-2.67485 -2.51345
-2.67481 -2.51302
-2.6748 -2.34114
-2.67478 -2.51376
-2.67477 -2.51291
-2.67476 -2.51308
-2.67474 -2.51267
-2.67474 -2.51293
-2.67474 -2.51254
-2.67472 -2.51328
-2.67472 -2.51338
-2.67469 -2.67089
-2.67469 -2.51291
-2.67468 -2.67068
-2.67466 -2.51246
-2.67465 -2.51264
-2.67463 -2.51311
-2.67461 -1.95919
-2.6746 -2.51345
-2.6746 -2.51264
-2.67458 -2.51247
-2.67457 -2.51325
-2.67456 -2.51311
-2.67455 -2.51283
-2.6745 -2.51296
-2.67449 -2.51345
-2.67448 -2.51212
-2.67448 -2.51292
-2.67446 -2.51359
-2.67444 -2.51268
-2.6744 -2.51261
-2.67439 -2.51359
-2.67439 -2.51199
-2.67438 -2.51259
-2.67437 -2.5129
-2.67437 -2.51297
-2.67434 -2.51279
-2.67433 -2.5131
-2.67433 -2.51297
-2.67433 -2.51256
-2.6743 -2.51233
-2.67429 -2.51253
-2.67428 -2.51266
-2.67422 -2.51193
-2.67422 -2.51215
-2.67422 -2.51243
-2.6742 -2.51234
-2.67419 -2.51141
-2.67414 -2.51155
-2.67412 -2.51246
-2.67411 -2.51194
-2.67409 -2.51377
-2.67408 -2.51285
-2.674 -2.51199
-2.67397 -2.51206
-2.67389 -2.51193
-2.67389 -2.51193
-2.67387 -2.51217
-2.67377 -2.51264
-2.67374 -2.51156
-2.67362 -2.51195
-2.67358 -2.51162
-2.67347 -2.51136
-2.67101 -2.67097
-2.67085 -2.51285
-2.67082 -2.51274
-2.67077 -2.51206
-2.67065 -2.50808
-2.67051 -2.50787
-2.67043 -2.51225
-2.67039 -2.5084
-2.67031 -2.50768
-2.67031 -2.51215
-2.67027 -1.95913
-2.67026 -2.50819
-2.67013 -2.50801
-2.67 -2.51158
-2.51284 -2.51275
-2.51278 -2.51267
-2.51278 -2.51269
-2.51273 -2.51269
-2.51266 -2.51262
-2.51259 -2.51258
-2.51253 -2.51253
-2.51245 -2.51241
-2.5122 -2.51214
-2.51216 -2.51211
-2.51215 -2.34029
-2.51213 -2.34029
-2.51209 -2.51176
-2.51208 -2.34008
-2.51206 -2.51191
-2.51202 -2.34058
-2.51199 -2.51197
-2.51193 -2.51185
-2.51188 -2.51107
-2.51188 -2.34072
-2.51187 -2.33996
-2.51185 -2.33986
-2.51185 -2.51159
-2.51184 -2.51128
-2.51184 -2.33998
-2.51181 -2.34017
-2.51179 -2.5113
-2.51174 -2.51171
-2.51168 -2.51131
-2.51166 -2.34072
-2.51165 -2.51126
-2.51164 -2.34016
-2.51164 -2.34071
-2.51162 -2.34049
-2.51161 -2.34034
-2.51161 -2.50805
-2.51158 -2.34016
-2.51157 -2.51133
-2.51156 -2.51133
-2.51154 -2.34098
-2.51152 -2.51143
-2.5115 -2.33989
-2.51149 -2.3402
-2.51148 -2.51133
-2.51148 -2.33996
-2.51147 -2.34147
-2.51144 -2.33972
-2.51141 -2.33978
-2.51141 -2.34062
-2.5114 -2.33635
-2.51139 -2.33999
-2.51139 -2.34057
-2.51139 -2.51124
-2.51138 -2.33991
-2.51138 -2.34044
-2.51138 -2.34073
-2.51137 -1.96035
-2.51136 -2.33955
-2.51136 -2.51099
-2.51135 -2.3399
-2.51134 -2.34013
-2.51133 -2.3396
-2.51133 -2.33988
-2.51133 -2.33988
-2.51133 -2.51097
-2.51132 -2.34002
-2.51132 -2.34062
-2.51131 -2.5113
-2.5113 -2.34046
-2.51129 -2.33976
-2.51129 -2.51126
-2.51128 -2.3401
-2.51127 -2.34119
-2.51126 -2.33963
-2.51126 -2.34057
-2.51125 -2.33958
-2.51123 -2.34066
-2.51122 -2.33975
-2.51122 -2.33969
-2.51122 -2.51113
-2.5112 -2.33998
-2.51119 -2.5108
-2.51118 -2.51113
-2.51114 -2.34049
-2.51112 -2.33977
-2.51112 -2.34039
-2.5111 -2.34083
-2.5111 -2.34005
-2.5111 -2.33939
-2.5111 -2.34039
-2.51108 -2.33908
-2.51108 -2.51041
-2.51107 -2.51055
-2.51107 -2.33945
-2.51105 -2.34009
-2.51104 -2.5107
-2.51103 -2.33934
-2.51101 -2.33979
-2.51101 -2.34042
-2.511 -2.33951
-2.51098 -2.34012
-2.51097 -2.33982
-2.51097 -2.33937
-2.51097 -2.34047
-2.51095 -1.96056
-2.51093 -2.33897
-2.51093 -2.33972
-2.51092 -2.51027
-2.51092 -2.34048
-2.51091 -2.34013
-2.51091 -2.34028
-2.51091 -2.34006
-2.5109 -2.33944
-2.51086 -2.34087
-2.51086 -1.96038
-2.51083 -2.33984
-2.51083 -2.33944
-2.51082 -2.33949
-2.51079 -2.51043
-2.51078 -2.33951
-2.51078 -1.96001
-2.51077 -2.3407
-2.51076 -1.96004
-2.51074 -1.95991
-2.51073 -1.96007
-2.51072 -1.96011
-2.51071 -1.95991
-2.51068 -2.33953
-2.51068 -2.33994
-2.51067 -2.33978
-2.51066 -2.33914
-2.51065 -2.34039
-2.51065 -1.95995
-2.51064 -2.50796
-2.51063 -1.95978
-2.51062 -2.33959
-2.51062 -2.33964
-2.5106 -2.33948
-2.51059 -2.33849
-2.51058 -2.3391
-2.51058 -1.96006
-2.51058 -1.96067
-2.51057 -1.96026
-2.51057 -1.96001
-2.51055 -2.33929
-2.51054 -2.33897
-2.51052 -2.33926
-2.51052 -2.33989
-2.51052 -2.34019
-2.51052 -2.33844
-2.51051 -2.33885
-2.51051 -2.33993
-2.51049 -2.33909
-2.51048 -2.51046
-2.51047 -1.95995
-2.51047 -2.33895
-2.51045 -2.51014
-2.51044 -2.33935
-2.51044 -1.95995
-2.51043 -1.95987
-2.51043 -1.96081
-2.51041 -2.33557
-2.5104 -1.96
-2.5104 -2.3397
-2.51037 -2.33918
-2.51037 -1.95962
-2.51036 -1.96022
-2.51036 -1.96014
-2.51036 -1.95988
-2.51035 -2.33927
-2.51032 -2.33956
-2.51032 -2.33899
-2.51031 -1.96008
-2.5103 -1.96041
-2.51029 -2.33901
-2.51027 -1.96008
-2.51026 -1.95976
-2.51026 -2.33913
-2.51022 -2.33988
-2.51022 -1.95984
-2.51022 -2.33937
-2.51021 -2.33855
-2.5102 -2.33907
-2.51017 -2.33933
-2.51011 -2.33978
-2.51007 -2.33991
-2.50988 -1.95921
-2.50979 -1.95902
-2.50976 -2.33834
-2.50941 -1.95852
-2.50923 -2.33765
-2.50798 -2.50769
-2.50784 -2.50768
-2.50776 -2.33977
-2.50772 -2.5076
-2.50751 -2.33624
-2.50737 -2.33579
-2.50736 -2.33949
-2.50735 -2.33592
-2.50735 -2.336
-2.50729 -1.95611
-2.50708 -2.33512
-2.507 -1.95952
-2.50672 -2.339
-2.50659 -1.95595
-2.50651 -2.33496
-2.50648 -2.33544
-2.33977 -2.33969
-2.33923 -2.33913
-2.33913 -2.33633
-2.3391 -2.33901
-2.33888 -1.95968
-2.33885 -1.95973
-2.33875 -2.33855
-2.33872 -1.95966
-2.33872 -1.95943
-2.33872 -1.96014
-2.33872 -1.96011
-2.33869 -1.95942
-2.33867 -1.95951
-2.33863 -1.95915
-2.33863 -1.96015
-2.33862 -1.95992
-2.33861 -1.95987
-2.33858 -2.33831
-2.33858 -1.95966
-2.33856 -1.96012
-2.33855 -1.95983
-2.33855 -2.33842
-2.33851 -1.96006
-2.33848 -1.95945
-2.33847 -1.96042
-2.33845 -1.95971
-2.33845 -1.95995
-2.33843 -1.95948
-2.33843 -1.95945
-2.33843 -1.96012
-2.33843 -2.33831
-2.33843 -1.95943
-2.33842 -1.95954
-2.33841 -1.95946
-2.33841 -1.95946
-2.33838 -1.96
-2.33836 -1.95942
-2.33833 -2.33831
-2.33831 -1.95971
-2.33829 -2.33501
-2.33828 -1.95911
-2.33826 -2.33522
-2.33826 -1.95911
-2.33822 -1.95953
-2.33821 -2.33817
-2.3382 -1.95983
-2.3382 -1.95933
-2.33818 -2.33811
-2.33817 -1.9595
-2.33817 -2.3355
-2.33817 -1.95919
-2.33816 -1.96048
-2.33815 -1.95878
-2.33815 -1.95912
-2.33811 -1.95924
-2.33811 -1.9594
-2.33808 -1.7459
-2.33806 -1.9589
-2.33803 -1.96025
-2.33802 -1.95917
-2.33801 -1.95954
-2.33801 -2.33484
-2.338 -1.95949
-2.33799 -1.95845
-2.33799 -1.95905
-2.33798 -1.9591
-2.33795 -1.9602
-2.33794 -1.95992
-2.33794 -2.33748
-2.33791 -1.95957
-2.3379 -1.96022
-2.33787 -1.95931
-2.33783 -1.95917
-2.33783 -1.9595
-2.33776 -1.95955
-2.33775 -1.74552
-2.33771 -1.95938
-2.33771 -1.74509
-2.3377 -1.95891
-2.3377 -1.95918
-2.33769 -1.95953
-2.33763 -1.95942
-2.33761 -1.95883
-2.33759 -1.95917
-2.33758 -1.74394
-2.33757 -1.74468
-2.33756 -1.95868
-2.33753 -1.959
-2.33749 -2.33744
-2.33738 -1.95943
-2.33732 -1.95878
-2.33731 -1.95801
-2.33723 -1.9584
-2.33644 -1.74467
-2.33559 -2.33559
-2.33512 -2.33504
-2.33506 -1.95574
-2.33482 -1.9561
-2.33473 -1.95597
-2.33468 -1.74425
-2.33454 -1.50509
-2.33449 -1.95546
-2.33419 -1.95771
-2.33404 -0.500754
-2.33402 -1.74146
-2.33388 -1.74184
-1.95921 -1.95884
-1.95906 -1.95887
-1.95891 -1.95878
-1.95889 -1.95853
-1.95888 -1.95876
-1.95884 -1.95864
-1.95884 -1.95876
-1.95873 -1.74587
-1.95869 -1.95865
-1.95869 -1.74647
-1.95867 -1.74529
-1.95862 -1.74635
-1.9586 -1.95848
-1.95859 -1.74648
-1.95858 -1.74504
-1.95856 -1.74524
-1.95855 -1.95852
-1.95852 -1.74604
-1.95851 -1.74499
-1.9585 -1.95836
-1.95849 -1.95832
-1.95841 -1.74569
-1.95838 -1.95834
-1.95834 -1.95834
-1.95832 -1.74524
-1.95827 -1.74505
-1.95825 -1.74524
-1.95824 -1.74583
-1.95822 -1.74491
-1.9582 -1.74515
-1.9582 -1.7457
-1.95818 -1.74511
-1.95816 -1.95807
-1.95813 -1.74535
-1.95813 -1.74533
-1.95811 -1.74461
-1.95808 -1.74488
-1.95808 -1.74529
-1.95807 -1.74506
-1.95807 -1.74554
-1.95804 -1.74473
-1.95804 -1.74559
-1.95803 -1.74486
-1.95803 -1.74534
-1.95799 -1.745
-1.95799 -1.74473
-1.95799 -1.74416
-1.95799 -1.7454
-1.95797 -1.74501
-1.95792 -1.74515
-1.9579 -1.74431
-1.95787 -1.74467
-1.95787 -1.74427
-1.95786 -1.74489
-1.95786 -1.74408
-1.95786 -1.74521
-1.95783 -1.74494
-1.95782 -1.74477
-1.95781 -1.74544
-1.9578 -1.9578
-1.95779 -1.74481
-1.95779 -1.74503
-1.95778 -1.74515
-1.95775 -1.74422
-1.95774 -1.74469
-1.95774 -1.745
-1.95772 -1.5073
-1.95772 -1.74475
-1.95771 -1.74483
-1.95769 -1.74505
-1.95768 -1.74431
-1.95768 -1.74423
-1.95767 -1.74493
-1.95765 -1.74534
-1.95765 -1.95765
-1.95764 -1.74584
-1.95762 -1.74448
-1.95761 -1.74474
-1.95761 -1.74482
-1.9576 -1.74415
-1.95757 -1.7439
-1.95753 -1.7443
-1.95751 -1.74436
-1.95746 -1.74491
-1.95743 -1.74372
-1.95742 -1.74369
-1.95742 -1.74388
-1.9574 -1.74474
-1.95737 -1.74373
-1.95736 -1.7442
-1.95733 -1.74382
-1.9573 -1.74462
-1.95729 -1.74442
-1.95727 -1.74415
-1.95726 -1.74384
-1.95724 -1.7435
-1.95723 -1.74488
-1.95722 -1.74382
-1.95722 -1.74531
-1.9572 -1.74441
-1.95716 -1.74447
-1.95714 -1.74396
-1.95711 -1.74353
-1.95707 -1.74521
-1.95703 -1.74423
-1.95703 -1.74353
-1.957 -1.74365
-1.95694 -1.74391
-1.95689 -1.74414
-1.95549 -1.74229
-1.95545 -1.74406
-1.9554 -1.74464
-1.95539 -1.74464
-1.95497 -1.74414
-1.95447 -1.74279
-1.95397 -1.74085
-1.95269 -1.7387
-1.74424 -1.74424
-1.74396 -1.74394
-1.74394 -1.74384
-1.74379 -1.74363
-1.74352 -1.74299
-1.74349 -1.74333
-1.7434 -1.23936
-1.74333 -1.50711
-1.74326 -1.74304
-1.74317 -1.7431
-1.7431 -1.74296
-1.74309 -1.23943
-1.74308 -1.23898
-1.74298 -1.50793
-1.74293 -1.50775
-1.74293 -1.74283
-1.7429 -1.23863
-1.74289 -1.50667
-1.74275 -1.2391
-1.74275 -1.23857
-1.74268 -1.23877
-1.74266 -1.50669
-1.74256 -1.50705
-1.74252 -1.23877
-1.74251 -1.50713
-1.74243 -1.50549
-1.7424 -1.50755
-1.74227 -1.50612
-1.74222 -1.2381
-1.74221 -1.50669
-1.74221 -1.50649
-1.74221 -1.5068
-1.74215 -1.50773
-1.74214 -1.50591
-1.74206 -1.50635
-1.74205 -1.50685
-1.74201 -1.50661
-1.74201 -1.50642
-1.74191 -1.50585
-1.74184 -1.50618
-1.74177 -1.2382
-1.74176 -1.50644
-1.74175 -1.50583
-1.74163 -1.50632
-1.74133 -0.91921
-1.7412 -1.23795
-1.74108 -1.74098
-1.74091 -1.23743
-1.7402 -1.50488
-1.74013 -1.50397
-1.74008 -1.50532
-1.73961 -1.50415
-1.73938 -1.50406
-1.50611 -1.23903
-1.50596 -1.50595
-1.50584 -1.50393
-1.50578 -1.23796
-1.50574 -1.2384
-1.50554 -1.23809
-1.50521 -1.2379
-1.50517 -1.5051
-1.50516 -1.2377
-1.50502 -0.919025
-1.50494 -1.50388
-1.50491 -1.23728
-1.50442 -1.23677
-1.50388 -1.50378
-1.50319 -1.50285
-1.50311 -1.23518
-1.23722 -0.91961
-1.23717 -0.919483
-1.23705 -1.23696
-1.23705 -0.91921
-1.23703 -0.920011
-1.23693 -0.919717
-1.23682 -0.91903
-1.23663 -1.23632
-1.23661 -0.919623
-1.23616 -0.918303
-1.23613 -0.918709
-1.23581 -0.917776
-1.23571 -0.503577
-1.23562 -0.918292
-1.23517 0.498923
-1.23497 -0.918387
-1.23491 -0.917288
-1.2348 -0.917652
-1.2344 -0.916276
-0.917868 -0.917831
-0.917563 -0.917563
-0.917119 -0.917011
-0.916991 -0.503887
-0.916941 -0.50331
-0.916578 -0.503799
-0.916276 2.5
-0.916187 -0.500862
-0.916008 -0.501991
-0.915919 -0.501705
-0.915774 -0.501991
-0.91538 -0.501561
-0.501616 -0.501508
-0.501616 -0.501616
-0.501077 -0.50097
-0.501077 -0.501077
-0.50097 -0.50097
-0.50097 -0.500862
-0.500754 -0.500646
-0.500754 -0.500754
-0.500646 -0.500539
-0.500539 1.94949
-0.500539 0.913998
-0.500108 0.499677
