-9.87708 -9.78025
-9.48176 -9.43133
-9.43077 -9.22684
-8.80311 -8.74939
-8.69399 -8.52907
-8.58353 -8.07117
-8.18732 -8.07157
-8.14393 -8.13093
-8.06183 -5.8548
-8.00273 -7.6501
-7.83287 -6.23951
-7.83282 -7.76385
-7.8327 -7.76379
-7.60024 -7.53953
-7.58744 -7.51721
-7.33456 -7.32685
-7.08478 -7.01897
-6.87099 -3.25226
-6.8142 -6.74631
-6.81344 -6.74638
-6.79467 -1.95785
-6.74337 -6.24024
-6.733 -6.59328
-6.67476 -6.60448
-6.67422 -6.60502
-6.67353 -2.6758
-6.6629 -6.59291
-6.60312 -6.23976
-6.60275 -6.53241
-6.60272 -5.93344
-6.60228 -5.93391
-6.59279 -6.22907
-6.59237 -6.51459
-6.59229 -6.52144
-6.58558 -6.51459
-6.53212 -6.4608
-6.53118 -6.08805
-6.45976 -6.24037
-6.31358 -6.2405
-6.31334 -6.23941
-6.31332 -6.2391
-6.31249 -6.08834
-6.30301 -6.22917
-6.23941 -6.23931
-6.23917 -6.23856
-6.23914 -6.08851
-6.23897 -6.22917
-6.23849 -6.22888
-6.22853 -6.00114
-6.16398 -5.93456
-6.16372 -6.01243
-6.15381 -5.93391
-6.08692 -6.01116
-6.06999 -1.50385
-6.01069 -5.93446
-6.01051 -5.9342
-6.01033 -5.93393
-6.01031 -5.93364
-6.01029 -5.93406
-6.00001 -5.84449
-5.9313 -5.27147
-5.92267 -5.85401
-5.92231 -5.84382
-5.8527 -5.69329
-5.85248 -5.69248
-5.85246 -5.35808
-5.69278 -5.61212
-5.69277 -5.52919
-5.69243 -5.61182
-5.6924 -5.61204
-5.69232 -5.44466
-5.69209 -5.4446
-5.6918 -5.44319
-5.69179 -5.44359
-5.69166 -5.44366
-5.61028 -5.6099
-5.60977 -5.44359
-5.60975 -5.44332
-5.60956 -5.44374
-5.60095 -5.51925
-5.60075 -5.3494
-5.52739 -5.27274
-5.52737 -5.52715
-5.52732 -5.44374
-5.52716 -5.35812
-5.52694 -5.27223
-5.52693 -5.27174
-5.51154 -5.17382
-5.44317 -5.35854
-5.44261 -5.34905
-5.3571 -5.27085
-5.35708 -4.91131
-5.35704 -4.91133
-5.35697 -4.91102
-5.35673 -5.27081
-5.35656 -4.91029
-5.35638 -5.27085
-5.35598 -4.91029
-5.35585 -4.91012
-5.34756 -4.90974
-5.2702 -5.18294
-5.26996 -5.00333
-5.26994 -4.91074
-5.26988 -5.00318
-5.26979 -5.00321
-5.26972 -5.18314
-5.26949 -5.18278
-5.26946 -5.00276
-5.26908 -5.18241
-5.16768 -5.16768
-5.00139 -3.64066
-5.00136 -4.90942
-5.00118 -4.90952
-5.00092 -4.90973
-5.00057 -4.90915
-4.9096 -4.72058
-4.90932 -4.90918
-4.90874 -4.72088
-4.90784 -4.71969
-4.90783 -4.71933
-4.90761 -3.99206
-4.9074 -4.62219
-4.90708 -3.12007
-4.90035 -4.62159
-4.90018 -3.6348
-4.89508 -4.50927
-4.62149 -4.52168
-4.62124 -4.52241
-4.62103 -3.51561
-4.6205 -4.52141
-4.62012 -4.21236
-4.62007 -4.52209
-4.6198 -3.7609
-4.61322 -4.51446
-4.61307 -4.51445
-4.61283 -4.41272
-4.60896 -4.51496
-4.60843 -4.50922
-4.52178 -4.52166
-4.52178 -4.42171
-4.52129 -4.52102
-4.52085 -4.4203
-4.52079 -4.41933
-4.52047 -4.41938
-4.52043 -2.82994
-4.5204 -4.41969
-4.52035 -4.10305
-4.5141 -4.10422
-4.514 -4.50934
-4.51395 -1.74416
-4.51383 -4.41289
-4.51352 -3.98526
-4.51335 -4.09551
-4.5092 -4.50917
-4.41982 -4.10337
-4.41966 -4.10376
-4.41942 -3.99245
-4.41893 -4.21077
-4.41243 -4.09565
-4.41243 -4.09582
-4.41182 -1.74046
-4.10232 -3.99284
-4.10228 -3.99326
-4.10202 -3.99262
-4.10188 -3.99112
-4.10182 -3.99195
-4.10166 -3.76069
-4.10157 -3.87782
-4.10146 -3.99137
-4.10136 -3.99215
-4.10136 -3.76125
-4.10129 -3.76152
-4.10126 -3.99104
-4.10101 -3.64176
-4.10086 -3.99002
-4.09504 -3.98482
-4.09495 -3.98461
-4.09065 2.5
-3.99049 -3.76204
-3.99023 -3.76144
-3.98997 -3.76079
-3.98455 -3.76109
-3.98415 -2.51176
-3.98399 -3.75509
-3.87708 -3.76129
-3.87686 -3.76109
-3.87679 -3.76105
-3.87066 -3.75496
-3.87052 -3.7551
-3.76076 -3.75533
-3.76075 -3.64122
-3.76068 -3.64122
-3.76058 -3.64207
-3.76035 -3.64113
-3.76027 -3.64101
-3.76014 -3.75521
-3.75994 -3.64046
-3.75985 -3.64175
-3.75963 -3.64159
-3.754 -3.63457
-3.75398 -3.63471
-3.75378 -3.63459
-3.75015 -3.63083
-3.63959 -3.63955
-3.63958 -3.51683
-3.63947 -3.25904
-3.63945 -3.5178
-3.63938 -3.2585
-3.63931 -3.25832
-3.63925 -3.63922
-3.63925 -3.25818
-3.63924 -3.25814
-3.63907 -3.25887
-3.63875 -3.1206
-3.6384 -3.25728
-3.63385 -3.25763
-3.63373 -3.51139
-3.63357 -3.25212
-3.6334 -3.51096
-3.63312 -2.33435
-3.51614 -3.2587
-3.51567 -3.51561
-3.51551 -3.51547
-3.51538 -3.51537
-3.51471 -3.12009
-3.51089 -3.51038
-3.51089 -3.51072
-3.51084 -3.51084
-3.5066 -3.11455
-3.25718 -3.25691
-3.25666 -3.12147
-3.25664 -3.1212
-3.25664 -3.12142
-3.25659 -3.11605
-3.25651 -3.12122
-3.2565 -3.12109
-3.25647 -3.12094
-3.25644 -3.12142
-3.25641 -3.12049
-3.25631 -3.1207
-3.25627 -3.12135
-3.25618 -2.97883
-3.25614 -3.11572
-3.25614 -3.12076
-3.25612 -3.12036
-3.25609 -3.1208
-3.25599 -2.83134
-3.25598 -3.12038
-3.25597 -3.12096
-3.25594 -3.12104
-3.25584 -2.97365
-3.25574 -3.11995
-3.25555 -2.97893
-3.25495 -2.67614
-3.25163 -3.11588
-3.25154 -3.11572
-3.25123 -2.97358
-3.25089 -2.97302
-3.25042 -2.82543
-3.12019 -3.12016
-3.12013 -2.97926
-3.11968 -2.97833
-3.11957 -2.83166
-3.1194 -2.83017
-3.11924 -2.83029
-3.11902 -3.11898
-3.11898 -2.9778
-3.11897 -2.83017
-3.1189 -2.83059
-3.11884 -2.83045
-3.11871 -2.83089
-3.1187 -2.9773
-3.11448 -2.82555
-3.11439 -2.67101
-3.11438 -2.82529
-3.11407 -2.5118
-3.1113 1.73607
-2.97756 -2.83097
-2.97726 -2.83055
-2.97722 -2.8304
-2.97714 -2.82986
-2.9771 -2.82993
-2.97706 -2.51329
-2.97705 -2.51335
-2.97693 -2.67467
-2.97681 -2.51315
-2.97672 -2.51299
-2.97669 -2.51263
-2.97647 -2.51212
-2.97202 -2.50717
-2.82991 -2.67602
-2.82972 -2.67126
-2.82972 -2.67126
-2.82949 -2.67624
-2.82932 -2.67638
-2.82926 -2.67534
-2.82922 -2.67549
-2.82921 -2.51287
-2.82913 -2.67467
-2.8291 -2.8288
-2.82906 -2.67458
-2.82905 -2.67528
-2.82886 -2.67522
-2.82884 -2.67534
-2.82876 -2.67491
-2.82869 -2.51214
-2.82857 -2.51255
-2.82838 -2.67559
-2.82836 -2.5125
-2.8282 -2.51154
-2.82813 -2.51175
-2.82486 -1.74365
-2.82476 -2.50801
-2.82441 -2.82435
-2.82431 -2.5077
-2.67442 -2.67412
-2.67394 -2.5121
-2.67379 -2.51167
-2.67376 -2.51201
-2.67356 -2.51175
-2.67315 -2.51117
-2.673 -2.51082
-2.67039 -2.33928
-2.67023 -2.51129
-2.67011 -2.51081
-2.6698 -2.50719
-2.51076 -2.33915
-2.51068 -2.33906
-2.51067 -2.33584
-2.51066 -2.33979
-2.51061 -2.33938
-2.51061 -2.33915
-2.51061 -2.33915
-2.51033 -2.51002
-2.51026 -2.3397
-2.51022 -2.50961
-2.51014 -2.33911
-2.51 -2.3392
-2.50985 -2.33915
-2.5096 -2.33845
-2.50957 -2.33915
-2.50942 -2.33917
-2.50723 -2.33903
-2.50687 -2.33548
-2.50609 -2.33454
-2.50582 -2.33479
-2.33938 -2.33938
-2.33799 -2.33548
-2.33738 -1.95788
-2.3373 -1.95892
-2.33703 -1.95824
-2.33681 -1.95879
-1.9581 -1.95806
-1.95798 -1.74466
-1.95749 -1.74417
-1.95745 -1.74417
-1.95744 -1.74365
-1.957 -1.74383
-1.95692 -1.7432
-1.95662 -1.74305
-1.95222 -0.500807
-1.74265 -1.74252
-1.742 -1.50707
-1.74127 -1.50592
-1.74076 -1.74067
-1.7406 -1.23708
-1.73988 -0.918197
-1.73955 -0.91654
-1.73916 -1.5038
-1.73854 1.5
-1.5047 -0.918717
-1.23667 -0.918878
-1.23438 -0.916658
-0.915893 -0.501864
-0.500907 -0.500807
-0.500706 -0.500706
