-9.9672 -9.87178
-9.4244 -3.11682
-8.58947 -5.60589
-8.52234 -4.09833
-8.46653 -3.25498
-8.2971 -8.18295
-8.25026 -8.01788
-8.19286 -8.13504
-8.19269 -5.92778
-8.13385 -6.59709
-8.12402 -8.06581
-8.1239 -3.63713
-8.07593 -7.83921
-8.07521 -3.75755
-8.01667 -7.83787
-7.83766 -7.6453
-7.82767 -7.77742
-7.82752 -7.59412
-7.82731 -7.58317
-7.77695 -6.52703
-7.77683 -7.65512
-7.76665 -7.58283
-7.71518 -7.34058
-7.654 -7.3402
-7.59284 -7.59226
-7.59272 -7.40468
-7.59235 -7.34006
-7.59217 -7.21152
-7.59213 -7.1458
-7.59159 -7.40414
-7.58212 -7.2009
-7.52912 -5.68766
-7.4037 -7.34087
-7.4036 -7.21052
-7.40348 -7.34001
-7.40332 -7.33974
-7.40331 -7.21089
-7.40322 -7.33993
-7.40291 -4.99775
-7.40261 -4.41592
-7.39351 -7.06905
-7.39333 -7.33008
-7.33971 -7.33952
-7.33932 -7.33931
-7.33931 -7.14547
-7.33888 -6.23348
-7.33868 -6.87684
-7.33856 -7.07847
-7.21024 -7.0792
-7.20982 -7.01212
-7.20972 -7.07939
-7.20955 -7.01172
-7.20938 -7.01171
-7.20931 -6.4543
-7.20913 -5.35234
-7.20888 -4.41624
-7.14395 -6.8765
-7.14375 -6.80757
-7.14357 -6.808
-7.13463 -7.06886
-7.07795 -6.87682
-7.07779 -6.66904
-7.07776 -6.8765
-7.07748 -6.87638
-7.01143 -6.73922
-7.01098 -6.80783
-7.01093 -6.87621
-7.01083 -6.80874
-7.01083 -6.59813
-7.01079 -6.876
-7.01056 -6.59823
-7.0103 -4.41594
-7.01023 -6.87579
-7.01014 -6.52679
-7.00169 -6.79852
-7.00143 -3.25492
-6.87639 -6.87629
-6.87618 -6.80782
-6.87601 -6.66844
-6.87594 -6.59844
-6.87592 -6.59884
-6.87569 -6.66879
-6.87562 -6.66861
-6.87561 -6.80725
-6.8756 -6.59846
-6.87555 -6.8072
-6.8755 -6.80715
-6.87519 -6.73801
-6.87508 -6.66851
-6.87507 -6.80747
-6.87478 -6.52586
-6.86643 -5.35227
-6.86623 -6.23398
-6.80766 -6.66897
-6.80739 -6.66884
-6.80722 -6.5981
-6.80691 -6.5273
-6.80687 -6.73811
-6.80682 -6.59779
-6.80677 -6.59767
-6.80637 -6.59803
-6.8062 -5.84784
-6.80611 -5.68711
-6.8057 -5.92727
-6.79801 -6.58901
-6.73826 -6.73824
-6.73772 -6.6685
-6.73707 -6.52583
-6.72873 -6.59734
-6.66832 -6.59845
-6.66803 -6.59725
-6.66788 -6.45411
-6.66751 -6.59812
-6.66743 -6.59803
-6.66737 -6.51766
-6.66714 -6.5976
-6.59746 -6.59721
-6.59729 -6.59725
-6.59729 -6.59721
-6.59719 -6.08272
-6.5971 -6.52618
-6.59708 -6.52664
-6.59701 -6.52587
-6.59701 -6.52608
-6.59694 -6.45457
-6.59689 -6.52576
-6.59686 -6.59665
-6.59682 -6.52605
-6.59679 -6.52598
-6.59672 -6.5263
-6.5967 -5.35296
-6.59668 -6.15841
-6.59667 -6.08297
-6.59663 -6.23332
-6.59652 -6.23321
-6.5965 -6.08284
-6.59647 -5.92778
-6.59647 -5.92781
-6.59646 -5.92791
-6.59616 -6.23347
-6.59608 -5.35245
-6.5881 -6.22534
-6.58742 -3.98261
-6.52623 -6.52578
-6.52602 -6.52566
-6.52592 -6.52578
-6.52586 -6.30861
-6.52574 -6.45417
-6.52572 -6.08248
-6.52569 -6.5256
-6.52562 -6.30857
-6.52551 -6.23359
-6.52546 -6.23475
-6.52545 -6.08229
-6.52528 -6.15847
-6.52509 -6.2338
-6.52508 -6.23291
-6.52495 -5.92789
-6.52494 -6.15831
-6.52488 -6.08205
-6.5246 -6.30766
-6.52459 -6.23293
-6.51664 -5.99696
-6.51634 -3.11799
-6.51626 -4.5172
-6.45372 -6.23393
-6.45371 -6.30841
-6.45357 -6.23319
-6.45352 -6.23349
-6.45342 -6.00541
-6.45338 -6.0826
-6.453 -6.2333
-6.45289 -5.92759
-6.45279 -5.92772
-6.30781 -6.22534
-6.30763 -6.2344
-6.30743 -6.23367
-6.30739 -6.15891
-6.30738 -6.0823
-6.30722 -6.23319
-6.30676 -5.92744
-6.30663 -6.23322
-6.30662 -5.84841
-6.30651 -6.00551
-6.23308 -6.00541
-6.23294 -6.08225
-6.23291 -6.00557
-6.2329 -6.08288
-6.23283 -5.92769
-6.2327 -6.00473
-6.23266 -6.08223
-6.23266 -6.00502
-6.23264 -5.35302
-6.23258 -5.92729
-6.23253 -6.00458
-6.2325 -6.08218
-6.23241 -5.92761
-6.23241 -4.99806
-6.23236 -6.15812
-6.23223 -5.26596
-6.23223 -6.00468
-6.2322 -5.84819
-6.23217 -6.00509
-6.23215 -6.00549
-6.2321 -6.005
-6.2321 -5.92694
-6.23196 -5.92693
-6.23195 -6.00546
-6.23187 -5.84716
-6.23158 -5.92795
-6.22431 -6.14954
-6.22425 -4.61135
-6.22414 -3.87427
-6.15781 -6.0826
-6.15763 -6.00514
-6.1576 -5.92759
-6.15755 -5.92813
-6.15738 -5.92756
-6.15735 -6.00524
-6.15726 -5.60576
-6.15701 -6.00494
-6.15684 -5.92732
-6.15677 -5.92678
-6.15651 -5.84792
-6.08117 -6.00474
-6.08105 -5.92659
-6.08051 -5.26543
-6.08047 -5.60562
-6.00501 -5.92781
-6.00493 -5.92774
-6.0044 -5.9272
-6.00438 -5.92714
-6.00423 -5.9264
-6.0041 -5.84786
-6.00401 -5.68801
-6.0039 -5.92681
-6.00386 -5.92687
-6.00371 -5.92634
-6.00358 -4.90492
-6.00349 -5.92629
-6.00347 -3.51309
-6.00339 -5.68738
-5.99634 -5.91889
-5.99627 -5.9189
-5.99067 -1.95414
-5.92693 -5.92687
-5.9268 -5.92668
-5.92641 -5.68825
-5.9264 -3.75805
-5.92636 -5.68738
-5.92636 -5.92625
-5.92628 -5.68781
-5.92627 -5.68728
-5.92626 -5.68787
-5.9262 -5.68734
-5.92617 -5.92612
-5.92617 -5.68738
-5.92614 -5.84801
-5.92608 -5.92606
-5.92607 -5.84764
-5.92605 -5.84843
-5.92601 -5.68809
-5.92597 -5.84831
-5.92593 -5.91856
-5.92591 -5.68735
-5.92584 -5.43853
-5.92584 -5.6874
-5.92578 -5.43827
-5.92578 -5.68818
-5.92568 -5.43858
-5.92564 -5.68708
-5.92546 -5.52309
-5.92546 -5.60473
-5.92545 -5.6869
-5.92544 -5.84737
-5.9254 -5.84697
-5.92536 -5.60531
-5.92519 -4.99687
-5.92515 -5.52241
-5.92433 -3.25492
-5.91866 -5.91862
-5.91847 -5.43849
-5.91838 -2.97564
-5.91831 -5.34449
-5.91818 -3.63228
-5.91808 -5.51435
-5.84764 -5.68759
-5.84734 -5.68745
-5.8473 -5.68727
-5.84723 -5.60578
-5.84715 -5.60564
-5.84712 -5.68686
-5.84708 -5.84687
-5.84688 -5.68714
-5.84681 -5.35301
-5.84677 -5.59754
-5.84674 -5.68693
-5.84643 -5.35264
-5.83984 -5.68712
-5.8397 -5.52205
-5.83963 -5.26605
-5.83934 -5.59766
-5.83926 -5.34558
-5.83912 -2.33376
-5.8388 -2.50941
-5.83423 -2.97145
-5.68698 -5.60622
-5.68696 -5.68691
-5.68686 -5.43825
-5.68686 -5.68655
-5.68682 -5.60653
-5.68673 -5.52244
-5.68666 -5.6061
-5.68665 -5.52205
-5.68664 -5.43905
-5.68661 -5.4382
-5.68656 -5.52208
-5.68656 -5.52227
-5.68651 -5.35286
-5.68648 -5.60519
-5.68647 -5.43822
-5.68644 -5.43808
-5.68644 -5.52187
-5.68641 -5.3527
-5.6864 -5.35249
-5.68639 -5.52189
-5.68638 -5.35287
-5.6863 -5.35259
-5.68629 -5.52217
-5.68629 -5.43799
-5.68627 -5.35247
-5.68625 -5.43776
-5.68624 -5.43849
-5.68623 -5.35248
-5.68618 -5.52228
-5.68617 -5.52225
-5.68617 -5.60469
-5.68616 -5.26525
-5.68615 -5.52199
-5.68613 -3.75202
-5.68609 -5.43792
-5.68603 -5.26655
-5.68603 -3.98837
-5.686 -1.74159
-5.68599 -5.60459
-5.68599 -5.35193
-5.68596 -4.61716
-5.68596 -5.60482
-5.68581 -5.35235
-5.68579 -4.41631
-5.68573 -5.35233
-5.68552 -5.26606
-5.68542 -3.51392
-5.67883 -5.34534
-5.67872 -5.43067
-5.67868 -5.4305
-5.60496 -4.99768
-5.60478 -5.52225
-5.60477 -5.6047
-5.60469 -5.52279
-5.60462 -4.51656
-5.60443 -5.43837
-5.60416 -5.52168
-5.60408 -5.43791
-5.60402 -5.43804
-5.60392 -5.52107
-5.60391 -5.52153
-5.60379 -4.90522
-5.60348 -4.99722
-5.59721 -5.26534
-5.5971 -5.5142
-5.5969 -3.75198
-5.52171 -5.35237
-5.52156 -5.43752
-5.5215 -5.51468
-5.52147 -5.35276
-5.52145 -5.43806
-5.52132 -5.43693
-5.52131 -5.52129
-5.52131 -5.26594
-5.52127 -5.26606
-5.52126 -5.438
-5.5212 -5.35208
-5.52119 -5.26568
-5.52119 -5.26545
-5.52115 -5.26604
-5.52113 -5.26581
-5.52112 -3.75684
-5.52092 -4.61735
-5.5208 -3.98759
-5.52078 -5.26525
-5.52072 -5.35267
-5.52057 -4.20662
-5.51415 -5.3448
-5.51412 -4.90512
-5.51408 -5.34542
-5.51387 -4.99735
-5.51384 -4.90511
-5.51368 -5.34474
-5.51368 -5.25842
-5.51361 -1.95692
-5.43764 -5.35346
-5.43764 -5.35305
-5.43763 -5.35274
-5.43753 -5.35262
-5.43746 -5.4373
-5.43736 -5.26626
-5.43734 -5.3531
-5.43733 -5.26549
-5.4372 -5.26519
-5.43718 -5.35282
-5.43715 -5.26537
-5.4371 -5.26553
-5.4371 -5.35211
-5.43708 -5.35248
-5.43705 -5.26579
-5.43705 -5.2652
-5.43704 -5.26525
-5.43702 -5.26573
-5.43699 -5.35247
-5.43699 -5.26612
-5.43698 -5.2652
-5.43695 -5.26463
-5.43695 -5.26534
-5.43693 -5.26576
-5.43689 -5.2652
-5.43688 -5.34488
-5.43675 -5.35227
-5.43669 -5.26566
-5.43669 -4.99747
-5.43668 -5.17715
-5.43663 -5.35136
-5.43661 -5.3515
-5.43661 -5.35141
-5.4366 -4.41587
-5.43656 -5.26546
-5.43649 -5.26568
-5.43637 -4.90413
-5.43633 -5.2645
-5.43631 -3.50836
-5.43585 -4.9973
-5.4297 -5.34435
-5.42953 -3.25491
-5.35239 -5.35235
-5.35207 -5.2661
-5.35204 -5.35182
-5.352 -5.34542
-5.35197 -5.35146
-5.35192 -5.26476
-5.35187 -5.2661
-5.35184 -5.17741
-5.35184 -5.3454
-5.35182 -5.26568
-5.35182 -5.26558
-5.35174 -5.34493
-5.35168 -5.26545
-5.35167 -5.26504
-5.35165 -5.26569
-5.35159 -5.26485
-5.35158 -5.26528
-5.35151 -3.25464
-5.35148 -4.90565
-5.35145 -5.17748
-5.35145 -5.35118
-5.35143 -5.26511
-5.35138 -4.90513
-5.35138 -5.26554
-5.35136 -5.1776
-5.35131 -5.26488
-5.35129 -5.26522
-5.35125 -5.26568
-5.35115 -5.17703
-5.3511 -4.90553
-5.35104 -5.26551
-5.35098 -5.26497
-5.35089 -5.26511
-5.35089 -4.90496
-5.35085 -5.26443
-5.35071 -4.905
-5.35062 -5.2649
-5.35061 -4.90522
-5.35043 -4.90459
-5.35042 -3.98835
-5.34471 -5.25842
-5.34463 -5.25832
-5.34458 -5.17064
-5.34458 -5.25814
-5.34458 -5.25821
-5.34447 -4.90517
-5.34437 -3.98809
-5.34435 -4.90498
-5.34433 -5.25814
-5.34426 -4.61759
-5.34421 -4.89841
-5.33997 -4.51073
-5.26546 -5.26539
-5.26546 -5.26524
-5.2654 -5.26524
-5.26535 -5.2648
-5.2653 -5.1779
-5.26527 -5.17744
-5.26524 -5.265
-5.26516 -5.26511
-5.26505 -5.1779
-5.26505 -5.26505
-5.26498 -5.1773
-5.26496 -5.17782
-5.26491 -5.17771
-5.26491 -5.17761
-5.2649 -5.17785
-5.2649 -4.99779
-5.2649 -5.1775
-5.2649 -5.26488
-5.26487 -5.17748
-5.26486 -5.26478
-5.26481 -5.17777
-5.26479 -4.99721
-5.26478 -5.17732
-5.26477 -4.99772
-5.26477 -5.17815
-5.26476 -5.17761
-5.26475 -5.1775
-5.26474 -4.99799
-5.26473 -5.17709
-5.26468 -4.90548
-5.26465 -5.26463
-5.26463 -5.17729
-5.26462 -5.26447
-5.26462 -4.99733
-5.26459 -4.99717
-5.26459 -5.17716
-5.26454 -5.17741
-5.2645 -4.99717
-5.26449 -4.9048
-5.26448 -4.99748
-5.26448 -4.99747
-5.26447 -5.26437
-5.26444 -5.17726
-5.26444 -4.90541
-5.26443 -4.997
-5.26441 -5.17712
-5.26437 -4.9052
-5.26434 -4.90484
-5.26432 -4.90512
-5.26431 -4.90505
-5.26429 -4.90526
-5.26427 -4.99789
-5.26427 -3.63774
-5.26426 -4.90533
-5.26414 -4.99719
-5.26413 -4.99759
-5.2641 -3.75767
-5.26404 -4.90465
-5.26395 -4.99711
-5.26372 -4.41732
-5.26365 -4.71486
-5.2636 -4.90441
-5.26358 -4.90468
-5.26358 -4.71545
-5.26357 -4.71544
-5.2635 -4.71496
-5.25832 -5.17088
-5.25775 -4.9909
-5.25769 -4.99064
-5.25738 -4.89813
-5.17709 -5.17698
-5.17694 -5.17688
-5.17679 -4.99772
-5.17678 -4.90533
-5.17666 -4.99756
-5.17662 -5.17036
-5.17659 -4.99776
-5.17636 -4.90431
-5.17634 -5.17008
-5.17632 -4.51828
-5.17628 -4.90438
-5.17605 -4.51863
-5.17597 -4.6177
-5.17593 -4.51877
-5.17578 -4.61775
-5.17576 -4.51824
-5.17565 -4.61768
-5.17552 -4.20643
-4.99726 -4.90579
-4.99721 -4.99685
-4.9972 -4.99704
-4.99707 -4.90549
-4.99704 -4.90577
-4.99689 -4.90527
-4.99688 -4.90562
-4.99687 -4.90546
-4.99687 -4.99684
-4.99686 -4.90523
-4.99683 -4.90552
-4.99682 -4.90538
-4.99671 -4.90433
-4.99664 -4.90553
-4.99659 -4.71555
-4.99656 -4.90509
-4.99655 -4.90431
-4.99649 -4.90541
-4.99641 -4.9044
-4.9964 -4.61763
-4.99636 -4.90435
-4.99633 -4.90468
-4.99632 -4.41637
-4.99632 -4.90433
-4.99625 -4.61777
-4.99624 -4.90479
-4.99621 -4.61702
-4.99619 -4.90435
-4.99617 -4.61749
-4.99614 -4.90495
-4.99612 -4.90449
-4.99611 -4.09939
-4.99609 -4.51788
-4.99607 -4.61766
-4.99599 -4.90439
-4.99596 -4.90407
-4.99594 -4.61675
-4.99583 -4.6174
-4.99567 -4.5181
-4.99557 -4.51721
-4.99003 -4.70892
-4.99001 -4.89836
-4.98988 -4.61664
-4.90445 -4.71496
-4.9044 -3.98752
-4.90435 -4.89841
-4.90431 -4.71471
-4.90426 -4.71531
-4.90426 -4.90417
-4.9042 -4.9037
-4.90419 -4.90417
-4.90418 -4.61871
-4.90414 -4.71564
-4.90411 -4.51852
-4.90411 -4.71532
-4.90408 -4.90398
-4.90405 -4.71473
-4.90405 -4.71532
-4.90401 -4.61853
-4.904 -4.71601
-4.904 -4.61764
-4.90399 -4.61823
-4.90397 -4.61834
-4.90394 -4.71462
-4.90393 -4.71608
-4.90393 -4.71557
-4.90392 -4.51835
-4.90391 -4.71478
-4.90388 -4.61765
-4.90386 -4.71504
-4.90385 -4.61793
-4.90385 -4.71517
-4.90383 -4.71547
-4.90383 -4.71497
-4.90383 -4.71501
-4.90382 -4.61719
-4.9038 -4.61863
-4.9038 -4.71468
-4.9038 -4.61788
-4.90378 -4.61825
-4.90377 -4.71497
-4.90377 -4.6179
-4.90375 -4.90361
-4.90374 -4.51828
-4.90372 -4.61846
-4.90369 -4.61774
-4.90369 -4.61736
-4.90369 -4.61757
-4.90369 -4.90365
-4.90368 -4.61824
-4.90366 -4.61746
-4.90366 -4.715
-4.90365 -4.61823
-4.90363 -4.6168
-4.90361 -4.71493
-4.90361 -4.61726
-4.90361 -4.71539
-4.90358 -4.71496
-4.90355 -3.11802
-4.90355 -4.61813
-4.90354 -4.8977
-4.90354 -4.71554
-4.90352 -4.09913
-4.90348 -4.41703
-4.90348 -4.4151
-4.90347 -4.61808
-4.90347 -4.61761
-4.90347 -4.61753
-4.90344 -4.61749
-4.90342 -4.71468
-4.90342 -4.61696
-4.9034 -4.61793
-4.9034 -4.61756
-4.90337 -4.61757
-4.90337 -4.61737
-4.90336 -4.71482
-4.90334 -4.61721
-4.90333 -4.7146
-4.90331 -4.61718
-4.9033 -4.41682
-4.90326 -3.75702
-4.90326 -4.90319
-4.90324 -4.61742
-4.9032 -4.41711
-4.90315 -4.51704
-4.90314 -4.61779
-4.90313 -4.6169
-4.90312 -4.61727
-4.90305 -4.61674
-4.90304 -4.61663
-4.90304 -4.4161
-4.90302 -4.61694
-4.90302 -4.61713
-4.90302 -4.61715
-4.90295 -4.61702
-4.90286 -4.61692
-4.89788 -4.5121
-4.89774 -4.61775
-4.89773 -4.61145
-4.89758 -4.61097
-4.89757 -3.63699
-4.89753 -4.61125
-4.8972 -4.61129
-4.89719 -4.61112
-4.89714 -4.41102
-4.89713 -4.51216
-4.89713 -4.61149
-4.89712 -4.51196
-4.8971 -4.61677
-4.89686 -1.957
-4.8934 -4.51165
-4.71478 -4.61884
-4.71472 -4.6177
-4.71467 -4.61862
-4.71463 -4.61862
-4.71447 -4.61781
-4.71439 -4.61788
-4.71438 -4.61798
-4.71437 -4.61736
-4.71437 -4.61795
-4.71433 -4.41746
-4.71433 -4.6177
-4.71432 -4.61814
-4.71432 -4.61768
-4.71432 -4.41711
-4.71432 -4.61756
-4.71431 -4.618
-4.71431 -4.61715
-4.71428 -4.6174
-4.71428 -4.61762
-4.71427 -4.61745
-4.71426 -4.61733
-4.71426 -4.61773
-4.7142 -4.6175
-4.71419 -4.6175
-4.71418 -4.61706
-4.71415 -4.41719
-4.71413 -4.61768
-4.71411 -4.61719
-4.71402 -4.51766
-4.71402 -4.61741
-4.71401 -4.51811
-4.71401 -4.61735
-4.714 -4.617
-4.71397 -4.41646
-4.71395 -4.41685
-4.71393 -4.61703
-4.7139 -4.51818
-4.71386 -4.41673
-4.71386 -4.51824
-4.71386 -4.6168
-4.71386 -4.20783
-4.7138 -4.61658
-4.71374 -4.2067
-4.71374 -4.20699
-4.71372 -4.61675
-4.71369 -4.61689
-4.71358 -4.61676
-4.7135 -4.20697
-4.71339 -4.5175
-4.7081 -4.61107
-4.70749 -2.66665
-4.6173 -4.51849
-4.61729 -4.61694
-4.61727 -4.61725
-4.61715 -4.61691
-4.61711 -4.61702
-4.61708 -4.51841
-4.61708 -4.5121
-4.61706 -4.51854
-4.61703 -4.5191
-4.61695 -4.51847
-4.61694 -4.51751
-4.61694 -4.51798
-4.61693 -4.41699
-4.61692 -4.51833
-4.61692 -4.51886
-4.61691 -4.51796
-4.61685 -4.51825
-4.61684 -4.51769
-4.61684 -4.51903
-4.61683 -4.51753
-4.61683 -4.61666
-4.61679 -4.61654
-4.61678 -4.61129
-4.61677 -4.61665
-4.61677 -4.51795
-4.61675 -4.51763
-4.61674 -4.51801
-4.61674 -4.5189
-4.61672 -4.51859
-4.61671 -4.61664
-4.61671 -4.51786
-4.6167 -4.51866
-4.61668 -4.41089
-4.61667 -4.41684
-4.61665 -4.51836
-4.61665 -4.51838
-4.61664 -4.51805
-4.61664 -4.51873
-4.61664 -4.51708
-4.61661 -4.41707
-4.61661 -4.51752
-4.6166 -4.51802
-4.6166 -4.51882
-4.6166 -4.51729
-4.61659 -4.41071
-4.61658 -4.51794
-4.61658 -4.51855
-4.61657 -4.61094
-4.61656 -4.51169
-4.61656 -4.41681
-4.61654 -4.5182
-4.61653 -4.41658
-4.6165 -4.51762
-4.6165 -4.51776
-4.6165 -4.51763
-4.61648 -4.41644
-4.61648 -4.51801
-4.61648 -4.51703
-4.61648 -4.51859
-4.61647 -4.20782
-4.61647 -4.51713
-4.61647 -4.51794
-4.61646 -4.51812
-4.61646 -4.51845
-4.61646 -4.51727
-4.61645 -4.51846
-4.61642 -4.51757
-4.61641 -4.41637
-4.6164 -4.51724
-4.6164 -4.41665
-4.61638 -4.51812
-4.61638 -4.51734
-4.61637 -4.20768
-4.61637 -3.87461
-4.61636 -4.51774
-4.61636 -4.51824
-4.61635 -4.51834
-4.61634 -4.51767
-4.61633 -4.41643
-4.61632 -4.51776
-4.61632 -4.41677
-4.61631 -4.51812
-4.6163 -4.51663
-4.61629 -4.41649
-4.61629 -4.5176
-4.61629 -4.51826
-4.61624 -4.5176
-4.61621 -4.41591
-4.6162 -3.63756
-4.61619 -4.51847
-4.61618 -4.20759
-4.61617 -4.51746
-4.61615 -4.5181
-4.61614 -4.51722
-4.61611 -4.51724
-4.61606 -4.51801
-4.61606 -4.20703
-4.61604 -4.51761
-4.61603 -4.41657
-4.61601 -4.51789
-4.61601 -4.51722
-4.616 -4.4157
-4.61597 -4.41653
-4.61596 -4.20757
-4.61591 -4.20678
-4.61589 -4.20735
-4.61586 -4.41686
-4.61585 -4.20725
-4.6158 -4.51697
-4.61564 -4.416
-4.61558 -4.51658
-4.61538 -4.51666
-4.61101 -4.51756
-4.61088 -4.5121
-4.61085 -4.51195
-4.6108 -4.51729
-4.6107 -4.51167
-4.61064 -4.51186
-4.61053 -4.51178
-4.61016 -3.63703
-4.60988 -3.63779
-4.51763 -4.41644
-4.51753 -4.51749
-4.51752 -4.51746
-4.51752 -4.41683
-4.51742 -4.5168
-4.51739 -4.2081
-4.51739 -4.41665
-4.51737 -4.51696
-4.51728 -4.20775
-4.51728 -4.51717
-4.51719 -4.51169
-4.51717 -4.41691
-4.51717 -4.41663
-4.51716 -4.41637
-4.51709 -4.41639
-4.51709 -4.41622
-4.51698 -4.2076
-4.51696 -3.87388
-4.51685 -4.0997
-4.51685 -4.41618
-4.51682 -4.51682
-4.51682 -4.41608
-4.5168 -4.51665
-4.51678 -4.20793
-4.51677 -4.51674
-4.5167 -4.41561
-4.51668 -4.41536
-4.51667 -4.09953
-4.51666 -4.41626
-4.51665 -4.09908
-4.51663 -4.09916
-4.51661 -4.20698
-4.5166 -4.41607
-4.51658 -4.41557
-4.51657 -4.20634
-4.51655 -3.87417
-4.51655 -4.09948
-4.51654 -4.41593
-4.51654 -4.51637
-4.51653 -4.51652
-4.51653 -3.98749
-4.51652 -4.41597
-4.51649 -3.98776
-4.51643 -3.98765
-4.5164 -4.51639
-4.51636 -4.09889
-4.51635 -4.41528
-4.51635 -4.20694
-4.51631 -4.20678
-4.51631 -3.63795
-4.51631 -3.87405
-4.51627 -4.09896
-4.51626 -4.41568
-4.51622 -4.41591
-4.51621 -3.63759
-4.51619 -4.41526
-4.51615 -3.98761
-4.5161 -4.41522
-4.51604 -3.98769
-4.51592 -3.98815
-4.51575 -3.63746
-4.51568 -4.09773
-4.51133 -1.50377
-4.51123 -4.41047
-4.5109 -4.0996
-4.51084 -4.20128
-4.50728 -1.95746
-4.41629 -4.20775
-4.41618 -4.20772
-4.41618 -4.20753
-4.41614 -4.20755
-4.41608 -4.20748
-4.41596 -4.20725
-4.41591 -4.20738
-4.4159 -4.2074
-4.41587 -4.20743
-4.41587 -4.2075
-4.41584 -4.20738
-4.41584 -4.20733
-4.4158 -4.41506
-4.41578 -4.20718
-4.41576 -4.20734
-4.41575 -4.2075
-4.41575 -4.20681
-4.41573 -4.20751
-4.41567 -4.09959
-4.41563 -4.20692
-4.41561 -4.20706
-4.41561 -4.20689
-4.4156 -4.20746
-4.41559 -4.20648
-4.41557 -4.20717
-4.41554 -4.20675
-4.41552 -4.20619
-4.41551 -4.09926
-4.4155 -4.09929
-4.41549 -4.20636
-4.41547 -4.20707
-4.41547 -4.09994
-4.41546 -4.20676
-4.41545 -4.09852
-4.41543 -4.09964
-4.41542 -4.20676
-4.41541 -4.20781
-4.4154 -4.207
-4.41538 -4.0996
-4.41534 -4.09904
-4.41533 -4.09866
-4.41531 -4.41529
-4.41528 -4.09856
-4.41528 -3.98799
-4.41528 -4.09874
-4.41527 -4.20661
-4.41526 -3.98853
-4.4152 -4.09869
-4.41518 -4.09865
-4.41515 -4.20689
-4.41515 -4.09902
-4.41509 -4.09918
-4.41508 -4.20664
-4.41506 -4.20669
-4.41506 -4.09855
-4.41502 -4.09872
-4.41499 -3.87509
-4.41499 -4.09892
-4.41498 -4.09876
-4.41498 -4.09825
-4.41495 -4.09889
-4.41494 -4.0986
-4.41487 -4.09938
-4.41484 -4.20648
-4.41482 -4.09854
-4.41481 -3.98778
-4.41479 -4.09859
-4.41474 -3.87395
-4.41473 -4.09833
-4.41464 -3.98776
-4.41462 -4.20574
-4.41461 -4.09906
-4.41458 -4.09855
-4.41457 -4.09913
-4.41441 -3.25398
-4.4144 -2.50824
-4.41427 -3.7573
-4.41005 -4.20165
-4.40992 -4.20148
-4.40986 -4.09363
-4.40982 -4.09884
-4.40958 -4.09786
-4.40954 -4.09334
-4.40946 -4.09324
-4.20718 -4.20713
-4.20718 -4.20713
-4.20711 -4.20709
-4.20693 -4.20693
-4.2069 -4.09963
-4.20689 -4.09869
-4.20685 -4.09946
-4.2068 -4.09951
-4.2068 -4.09958
-4.20673 -4.09916
-4.2067 -4.09914
-4.2067 -4.09917
-4.20668 -4.09898
-4.2066 -4.09957
-4.20659 -4.09874
-4.20656 -4.0994
-4.20656 -4.09958
-4.20656 -4.09894
-4.20654 -4.09871
-4.20651 -4.0992
-4.2065 -4.09915
-4.20648 -4.09869
-4.20648 -4.09929
-4.20646 -4.09839
-4.20644 -4.0987
-4.20644 -4.09911
-4.2064 -4.09889
-4.20639 -4.0988
-4.20636 -4.09886
-4.20634 -4.09872
-4.20631 -4.09848
-4.20629 -4.09919
-4.20628 -4.09874
-4.20628 -4.09931
-4.20627 -3.87458
-4.20623 -4.09896
-4.20619 -4.0984
-4.20618 -3.63806
-4.20618 -4.09852
-4.20617 -3.8747
-4.20617 -3.87491
-4.20616 -3.87479
-4.20613 -3.98805
-4.20612 -4.09874
-4.20612 -4.09847
-4.20605 -3.87467
-4.20605 -4.09903
-4.20603 -4.09847
-4.20603 -4.09898
-4.20602 -3.98771
-4.20599 -3.87448
-4.20595 -4.09868
-4.20595 -3.98788
-4.20594 -3.87465
-4.20586 -3.98802
-4.20585 -3.87446
-4.20585 -3.9873
-4.20584 -4.09796
-4.20582 -3.87425
-4.20582 -4.09884
-4.20573 -4.09902
-4.20567 -3.75754
-4.20565 -3.75762
-4.20558 -3.25324
-4.20556 -3.98739
-4.20554 -4.0983
-4.20553 -3.98773
-4.20551 -3.75742
-4.20551 -3.98689
-4.20084 -3.75772
-4.20081 -3.98294
-4.20075 -3.86923
-4.2006 -2.51001
-4.20047 -3.75258
-4.09858 -4.09853
-4.09857 -4.09841
-4.09854 -4.09787
-4.09843 -3.988
-4.09841 -3.98894
-4.09838 -3.9887
-4.09837 -3.98842
-4.09835 -3.98302
-4.09834 -3.98843
-4.09832 -3.989
-4.09832 -4.09819
-4.09831 -3.98813
-4.0983 -3.98872
-4.09826 -3.98745
-4.09824 -3.98821
-4.09823 -3.98811
-4.0982 -3.98875
-4.09819 -3.98845
-4.09818 -3.87451
-4.09818 -3.98881
-4.09818 -3.98898
-4.09817 -3.87495
-4.09816 -3.98843
-4.09815 -4.09808
-4.09815 -4.0978
-4.09811 -3.98799
-4.0981 -3.87463
-4.0981 -4.0976
-4.09809 -3.87481
-4.09808 -3.7582
-4.09808 -3.98871
-4.09807 -3.98835
-4.09807 -3.87461
-4.09806 -3.87459
-4.09805 -3.87496
-4.09805 -4.09799
-4.09804 -3.87417
-4.09804 -3.75736
-4.09804 -3.87495
-4.09803 -3.98754
-4.09801 -3.87358
-4.09798 -3.8746
-4.09798 -3.98768
-4.09797 -3.98795
-4.09796 -3.87465
-4.09795 -3.87485
-4.09794 -3.98835
-4.09794 -3.87513
-4.09793 -3.98784
-4.09793 -3.87425
-4.09791 -3.98805
-4.09791 -3.98779
-4.0979 -3.9882
-4.0979 -3.98807
-4.09788 -3.63842
-4.09788 -3.87448
-4.09788 -3.98732
-4.09786 -3.98723
-4.09785 -3.8745
-4.09785 -3.75827
-4.09784 -3.98787
-4.09784 -3.98257
-4.09781 -3.98769
-4.09779 -3.75743
-4.09778 -3.9878
-4.09776 -3.98775
-4.09775 -3.98817
-4.09775 -3.63831
-4.09775 -3.9876
-4.09774 -3.98778
-4.09774 -3.87399
-4.09774 -4.09755
-4.09774 -3.63848
-4.09774 -3.98754
-4.09773 -3.87414
-4.09773 -3.9885
-4.09772 -3.87391
-4.09771 -3.98747
-4.0977 -3.87411
-4.0977 -3.98709
-4.09769 -3.98767
-4.09769 -3.75793
-4.09766 -3.87391
-4.09765 -3.87405
-4.09762 -3.87398
-4.09762 -3.63704
-4.09761 -3.7574
-4.0976 -3.98787
-4.0976 -3.98778
-4.09759 -3.75827
-4.09758 -3.87453
-4.09757 -3.87442
-4.09757 -3.9877
-4.09754 -3.51313
-4.09752 -3.75691
-4.09752 -3.98748
-4.0975 -3.98732
-4.09747 -3.8749
-4.09745 -3.87376
-4.09744 -3.98716
-4.09744 -3.9876
-4.09742 -3.75766
-4.09742 -3.63793
-4.09741 -3.98784
-4.09738 -3.98769
-4.09737 -3.98754
-4.09736 -3.98752
-4.09735 -3.63779
-4.09735 -3.98713
-4.09735 -3.8737
-4.09731 -3.98784
-4.0973 -3.87358
-4.0973 -3.75785
-4.09728 -3.75777
-4.09728 -3.75739
-4.09726 -3.87398
-4.09722 -3.87419
-4.0972 -3.87392
-4.09698 -3.63751
-4.09317 -3.98796
-4.09302 -3.98287
-4.09295 -3.98758
-4.0929 -3.98281
-4.09279 -3.98255
-4.09266 -3.75272
-4.09265 -3.9824
-4.09263 -3.98751
-4.09262 -3.98226
-4.09252 -3.75258
-4.09246 -3.86861
-4.09222 -1.7429
-3.98749 -3.98305
-3.98748 -3.98294
-3.98742 -3.98738
-3.98741 -3.98294
-3.98738 -3.98725
-3.98734 -3.75786
-3.98733 -3.7586
-3.9872 -3.75793
-3.98719 -3.7573
-3.98718 -3.87374
-3.98717 -3.98686
-3.98716 -3.75769
-3.98714 -3.87386
-3.98713 -3.8746
-3.98712 -3.98679
-3.9871 -3.9868
-3.98708 -3.98707
-3.98708 -3.87392
-3.98706 -3.63812
-3.98705 -3.75759
-3.98701 -3.87401
-3.98701 -3.87475
-3.98699 -3.75785
-3.9869 -3.75847
-3.98688 -3.98679
-3.98688 -3.75785
-3.98686 -3.75764
-3.98685 -3.75813
-3.98685 -3.87416
-3.98682 -3.87391
-3.98682 -3.87397
-3.98679 -3.75711
-3.98675 -3.87382
-3.98674 -3.75732
-3.98673 -3.75739
-3.98673 -3.63741
-3.98664 -3.75704
-3.9866 -3.75741
-3.98654 -3.63815
-3.98651 -3.75734
-3.9865 -3.75763
-3.98649 -3.63801
-3.98646 -3.63759
-3.98643 -3.87346
-3.98642 -3.75663
-3.98638 -3.75712
-3.98624 -3.75783
-3.98623 -3.75726
-3.98618 -2.5098
-3.98609 -3.75702
-3.98603 -2.50811
-3.9858 -2.67211
-3.98234 -3.75763
-3.98218 -3.63712
-3.98208 -3.75819
-3.98202 -3.75739
-3.98199 -3.7525
-3.98192 -3.75234
-3.9819 -3.63712
-3.98189 -3.75719
-3.98181 -3.75225
-3.98174 -3.63707
-3.9817 -3.63296
-3.98167 -3.11759
-3.98167 -3.75695
-3.98158 -3.63232
-3.98155 -3.2548
-3.98144 -3.632
-3.87399 -3.7584
-3.87383 -3.6381
-3.87372 -3.75843
-3.87371 -3.75826
-3.87364 -3.63782
-3.87364 -3.75826
-3.87356 -3.75736
-3.87355 -3.75779
-3.87354 -3.75842
-3.87352 -3.63817
-3.87349 -3.63774
-3.87349 -3.63747
-3.87347 -3.6379
-3.87346 -3.75802
-3.87344 -3.75247
-3.87344 -3.75743
-3.87343 -3.75807
-3.87343 -3.75814
-3.87343 -3.63759
-3.87342 -3.7581
-3.8734 -3.75756
-3.87339 -3.75784
-3.87337 -3.75807
-3.87335 -3.75773
-3.87334 -3.75736
-3.87334 -3.75806
-3.87334 -3.7579
-3.87333 -3.75774
-3.8733 -3.75758
-3.8733 -3.75798
-3.8733 -3.75732
-3.87328 -3.75744
-3.87327 -3.63778
-3.87325 -3.75688
-3.87317 -3.63694
-3.87317 -3.63767
-3.87317 -3.63758
-3.87313 -3.75768
-3.8731 -3.6373
-3.87309 -3.758
-3.87304 -3.75727
-3.87296 -3.75726
-3.87295 -2.97497
-3.87293 -3.75791
-3.87291 -3.75706
-3.87289 -3.63685
-3.87289 -3.75704
-3.87285 -3.63719
-3.87283 -3.6371
-3.87283 -3.75754
-3.87282 -3.63685
-3.87274 -3.63667
-3.87255 -3.63625
-3.87251 -3.63677
-3.87251 -2.67287
-3.87247 -3.63694
-3.87247 -3.63653
-3.86844 -3.63691
-3.86837 -3.75255
-3.86831 -3.63275
-3.86799 -3.63235
-3.75741 -3.63844
-3.75732 -3.63823
-3.75726 -3.75301
-3.75718 -3.63841
-3.75713 -3.63812
-3.75711 -3.63847
-3.75707 -3.63821
-3.75707 -3.75258
-3.75705 -3.75258
-3.75704 -3.638
-3.75703 -3.63796
-3.75703 -3.6387
-3.757 -3.63754
-3.75697 -3.63867
-3.75694 -3.63848
-3.75694 -3.63828
-3.75689 -3.63753
-3.75688 -3.63791
-3.75684 -3.6378
-3.75683 -3.63815
-3.75682 -3.75632
-3.75682 -3.63815
-3.75681 -3.63765
-3.75681 -3.63756
-3.75679 -3.63729
-3.75679 -3.75665
-3.75679 -3.63785
-3.75677 -3.63819
-3.75677 -3.63803
-3.75676 -3.63738
-3.75676 -3.63819
-3.75676 -3.63741
-3.75675 -3.75234
-3.75674 -3.7525
-3.75674 -3.63775
-3.75672 -3.63753
-3.75672 -3.63766
-3.75671 -3.63797
-3.75669 -3.63788
-3.75669 -3.63818
-3.75668 -3.63742
-3.75665 -3.63774
-3.75664 -3.63727
-3.75663 -3.63768
-3.75663 -3.637
-3.7566 -3.25505
-3.7566 -3.6377
-3.75659 -3.63756
-3.75659 -3.75647
-3.75658 -3.63718
-3.75658 -3.63742
-3.75658 -3.63723
-3.75658 -3.75646
-3.75656 -3.63699
-3.75655 -3.75634
-3.75653 -3.63783
-3.75653 -3.63715
-3.75648 -3.6374
-3.75648 -3.63703
-3.75648 -3.63747
-3.75645 -3.63711
-3.75645 -2.67264
-3.75644 -3.63693
-3.75642 -3.6362
-3.75642 -3.63778
-3.75641 -3.63736
-3.75641 -3.63644
-3.75639 -3.63791
-3.75637 -3.63707
-3.75636 -3.63756
-3.75636 -3.63674
-3.75636 -3.63741
-3.75636 -3.63747
-3.75634 -3.63658
-3.75634 -3.75634
-3.75633 -3.637
-3.75631 -3.63761
-3.7563 -3.6367
-3.7563 -3.63681
-3.7563 -3.51313
-3.75627 -3.63721
-3.75624 -3.63741
-3.75624 -3.6368
-3.75623 -3.63663
-3.75621 -3.51412
-3.75617 -2.82749
-3.75617 -3.63746
-3.75614 -3.63635
-3.75608 -3.25519
-3.75603 -3.63668
-3.75601 -3.63696
-3.75595 -3.63633
-3.75593 -3.6368
-3.75592 -1.95726
-3.75588 -3.63637
-3.75585 -3.63622
-3.75582 -3.63662
-3.75574 -3.25489
-3.75571 -3.63608
-3.75557 -3.51381
-3.75217 -3.7521
-3.75209 -3.75201
-3.75204 -3.63723
-3.75195 -3.6325
-3.75191 -3.63239
-3.75184 -3.63211
-3.75182 -3.25545
-3.75181 -3.63239
-3.75177 -3.63202
-3.75167 -3.63671
-3.75167 -3.63239
-3.75165 -2.9748
-3.75147 -3.63189
-3.75145 -2.82678
-3.75136 -3.63167
-3.75132 -3.50803
-3.75093 -3.50878
-3.63741 -3.63736
-3.63741 -3.63734
-3.63721 -3.63705
-3.6371 -3.63705
-3.63701 -3.63647
-3.6369 -3.63679
-3.63684 -3.63684
-3.63683 -3.63661
-3.63682 -3.63681
-3.6368 -3.51408
-3.63676 -3.51361
-3.63676 -3.25566
-3.63673 -3.6364
-3.63664 -3.63645
-3.63663 -3.51459
-3.63661 -3.63613
-3.63653 -3.51453
-3.63653 -3.5146
-3.63651 -3.25528
-3.63651 -3.63627
-3.6365 -3.51345
-3.63648 -3.6363
-3.63646 -3.51375
-3.63644 -3.25521
-3.63641 -3.514
-3.6364 -3.25508
-3.63638 -3.25517
-3.63637 -3.63599
-3.63637 -3.63616
-3.63635 -3.25525
-3.63634 -3.25546
-3.63633 -3.51431
-3.63629 -3.51368
-3.63628 -3.25528
-3.63627 -3.63602
-3.63625 -3.51456
-3.63624 -3.51359
-3.63624 -3.25525
-3.63622 -3.25547
-3.6362 -3.63616
-3.63619 -2.82791
-3.63616 -3.51414
-3.63616 -3.2553
-3.63616 -3.25521
-3.63615 -3.25545
-3.63614 -3.25538
-3.63614 -3.25549
-3.63613 -3.25555
-3.63613 -3.51387
-3.63612 -3.51364
-3.63611 -3.25511
-3.6361 -3.25502
-3.6361 -3.25495
-3.63609 -3.11699
-3.63609 -3.51408
-3.63609 -3.25485
-3.63609 -2.97561
-3.63608 -3.25464
-3.63607 -3.25479
-3.63607 -3.25433
-3.63606 -3.63599
-3.63605 -3.25493
-3.63604 -3.25493
-3.63603 -3.51356
-3.63602 -3.25463
-3.63602 -3.51261
-3.636 -3.51285
-3.63599 -3.25464
-3.63598 -1.74305
-3.63598 -3.51413
-3.63597 -3.25499
-3.63597 -3.25498
-3.63597 -3.25471
-3.63596 -3.25504
-3.63596 -3.25465
-3.63595 -3.51381
-3.63595 -3.514
-3.63592 -3.25467
-3.63592 -3.25488
-3.63591 -3.51315
-3.63591 -3.25454
-3.63591 -3.25484
-3.63591 -3.25492
-3.6359 -3.25495
-3.6359 -2.97527
-3.63588 -3.5127
-3.63588 -3.25502
-3.63587 -3.25476
-3.63586 -3.25482
-3.63585 -3.51381
-3.63584 -3.51387
-3.63583 -3.25501
-3.63582 -3.25504
-3.6358 -3.2535
-3.6358 -3.25441
-3.63578 -3.25411
-3.63577 -3.51344
-3.63576 -3.25484
-3.63575 -3.51384
-3.63574 -3.11786
-3.63573 -3.25437
-3.63572 -3.5137
-3.63572 -2.97617
-3.6357 -3.51328
-3.63569 -3.25425
-3.63567 -3.51282
-3.63567 -3.25429
-3.63565 -3.51322
-3.63564 -3.25428
-3.63564 -3.25408
-3.63562 -3.51254
-3.63562 -3.25406
-3.63561 -3.25494
-3.63561 -3.25426
-3.63561 -3.25483
-3.63561 -3.25446
-3.63559 -3.25426
-3.63558 -3.51276
-3.63557 -3.63556
-3.63556 -3.2548
-3.63556 -3.11781
-3.63554 -3.25443
-3.63553 -3.11756
-3.63551 -3.2545
-3.63551 -3.25347
-3.6355 -3.118
-3.63549 -3.11749
-3.63549 -3.11753
-3.63549 -3.5125
-3.63547 -3.25417
-3.63547 -3.25442
-3.63546 -3.51254
-3.63545 -3.1183
-3.63542 -3.11797
-3.63541 -3.25421
-3.6354 -2.97626
-3.63539 -3.11768
-3.63537 -3.25448
-3.63536 -3.51241
-3.63534 -3.25355
-3.63531 -3.11767
-3.6353 -3.2536
-3.63528 -3.51325
-3.63525 -3.2542
-3.63523 -2.97594
-3.63523 -3.25397
-3.63522 -3.25388
-3.63521 -3.254
-3.63521 -3.11751
-3.63508 -3.2534
-3.63499 -3.51278
-3.63477 -2.9755
-3.63216 -3.63212
-3.63206 -3.5091
-3.63197 -3.63191
-3.63197 -3.50884
-3.63187 -3.25438
-3.63186 -3.25468
-3.6318 -3.50949
-3.63165 -3.1138
-3.63164 -3.25443
-3.63164 -3.50927
-3.63164 -3.24991
-3.63153 -3.24984
-3.63153 -2.50946
-3.63149 -1.50508
-3.63147 -3.25004
-3.63142 -3.11732
-3.63139 -1.2344
-3.63131 -3.25012
-3.63129 -1.74237
-3.63127 -2.97542
-3.63125 -2.50562
-3.63123 -3.11298
-3.63115 -3.24986
-3.6311 -2.82368
-3.51315 -3.50913
-3.51291 -3.25444
-3.5129 -3.2546
-3.51281 -3.51277
-3.5128 -3.50879
-3.51263 -3.5085
-3.51263 -3.5087
-3.51261 -3.25477
-3.5126 -3.25462
-3.51253 -3.51242
-3.51245 -3.25431
-3.51243 -3.25443
-3.51241 -3.25521
-3.51241 -3.11828
-3.51238 -3.50836
-3.51233 -3.2546
-3.51231 -3.25477
-3.51229 -3.50847
-3.51226 -3.25367
-3.51221 -3.51216
-3.51215 -3.11801
-3.51214 -3.50838
-3.51212 -3.25416
-3.5121 -3.25406
-3.51209 -2.82808
-3.51204 -3.25424
-3.51202 -3.11813
-3.51197 -3.25419
-3.51191 -3.25393
-3.51166 -3.25355
-3.51161 -2.50952
-3.50847 -3.25382
-3.50844 -3.50844
-3.50833 -3.24981
-3.50826 -3.11817
-3.50819 -3.24998
-3.50807 -3.24994
-3.50801 -3.11346
-3.508 -3.11679
-3.50787 -3.24992
-3.50774 -3.11348
-3.50575 -3.50557
-3.25444 -3.25443
-3.25436 -3.25425
-3.25428 -3.25419
-3.25409 -3.118
-3.25402 -3.11863
-3.25399 -3.25375
-3.25398 -3.25359
-3.25396 -2.97637
-3.25395 -3.11788
-3.25394 -3.25364
-3.25394 -3.25351
-3.25394 -3.11781
-3.25392 -3.11816
-3.25392 -3.11818
-3.25391 -3.25354
-3.25389 -3.25386
-3.25385 -3.25383
-3.25384 -3.11781
-3.25382 -3.2537
-3.25382 -3.25366
-3.2538 -3.25368
-3.2538 -3.11787
-3.25377 -3.1186
-3.25376 -3.25367
-3.25376 -2.97594
-3.25376 -3.11893
-3.25375 -3.11809
-3.25375 -3.11781
-3.25374 -2.97623
-3.25373 -3.11808
-3.25371 -3.11837
-3.25371 -3.1172
-3.25371 -3.11822
-3.25369 -3.11834
-3.25369 -3.11816
-3.25367 -3.11808
-3.25366 -3.11773
-3.25365 -3.11781
-3.25364 -3.25362
-3.25364 -3.11727
-3.25363 -3.11836
-3.25362 -3.11784
-3.25362 -3.25338
-3.25362 -3.11824
-3.25361 -3.25344
-3.2536 -3.11808
-3.25359 -3.11845
-3.25358 -3.11855
-3.25357 -3.11691
-3.25355 -2.97575
-3.25355 -3.11819
-3.25353 -3.118
-3.25353 -3.11873
-3.25352 -3.25336
-3.25352 -3.11341
-3.25351 -3.11822
-3.25351 -3.11756
-3.2535 -3.11845
-3.2535 -3.11833
-3.25349 -3.11373
-3.25349 -3.11804
-3.25349 -2.97612
-3.25349 -3.11795
-3.25348 -2.97574
-3.25348 -3.11812
-3.25348 -3.11798
-3.25348 -3.25292
-3.25347 -3.11788
-3.25346 -2.97598
-3.25346 -3.11751
-3.25346 -2.97571
-3.25345 -3.11339
-3.25344 -3.11709
-3.25342 -3.11715
-3.25342 -3.11759
-3.25341 -3.11786
-3.2534 -3.25331
-3.2534 -3.11841
-3.2534 -3.11778
-3.25339 -3.11765
-3.25339 -3.11822
-3.25339 -3.11728
-3.25338 -2.97618
-3.25337 -3.11742
-3.25336 -3.11739
-3.25335 -3.11772
-3.25333 -3.11786
-3.25332 -2.97608
-3.2533 -3.11749
-3.2533 -2.97607
-3.25329 -3.11843
-3.25328 -2.97578
-3.25327 -2.97544
-3.25327 -3.11783
-3.25326 -2.97514
-3.25326 -3.1182
-3.25325 -3.11742
-3.25325 -3.11802
-3.25325 -3.11763
-3.25325 -3.11831
-3.25324 -3.11777
-3.25324 -3.11794
-3.25323 -3.11736
-3.25323 -2.97504
-3.25322 -3.11759
-3.25322 -2.97567
-3.25321 -3.11762
-3.25321 -3.11735
-3.2532 -2.82875
-3.25318 -3.1177
-3.25318 -2.97564
-3.25316 -3.11781
-3.25315 -3.11778
-3.25315 -2.82817
-3.25314 -3.11765
-3.25314 -3.11718
-3.25312 -3.1177
-3.25312 -2.97526
-3.25311 -2.97525
-3.2531 -3.11741
-3.2531 -2.97588
-3.25309 -3.1174
-3.25308 -3.11709
-3.25307 -3.11662
-3.25306 -2.82802
-3.25305 -2.82827
-3.25305 -3.11715
-3.25304 -3.11684
-3.25301 -3.11726
-3.25301 -2.97531
-3.25299 -2.8284
-3.25299 -2.97562
-3.25298 -3.11722
-3.25297 -2.97547
-3.25297 -1.50503
-3.25296 -2.97501
-3.25294 -3.11702
-3.25293 -2.82786
-3.25293 -3.11738
-3.25291 -2.82788
-3.2529 -3.11688
-3.25289 -3.11738
-3.25289 -2.82804
-3.25288 -3.11721
-3.25288 -2.82799
-3.25287 -3.11787
-3.25285 -2.82847
-3.25285 -2.82749
-3.25284 -2.82788
-3.25284 -3.11728
-3.25282 -3.11726
-3.25279 -2.97531
-3.25277 -3.11701
-3.25276 -3.11735
-3.25275 -2.82756
-3.25274 -2.97487
-3.25272 -2.82757
-3.25272 -2.97514
-3.25271 -3.11692
-3.25269 -2.97514
-3.25267 -2.82784
-3.25265 -2.97508
-3.25265 -2.82765
-3.25264 -3.11678
-3.25264 -3.117
-3.25262 -3.11709
-3.25261 -2.82835
-3.25254 -3.11643
-3.25243 -2.67249
-3.25241 -2.97507
-3.25231 -2.82686
-3.25223 -2.82745
-3.2522 -2.82712
-3.24986 -3.24972
-3.24985 -3.11765
-3.24974 -3.11405
-3.24966 -3.11358
-3.24964 -3.11355
-3.24963 -3.11362
-3.2496 -3.11364
-3.2496 -3.11341
-3.24955 -3.11355
-3.24944 -3.11373
-3.24928 -3.1134
-3.24927 -3.11697
-3.24913 -3.11319
-3.24908 -3.11328
-3.24896 -2.82422
-3.24871 -2.97106
-3.2487 -2.8239
-3.11738 -2.97616
-3.1173 -3.11729
-3.11723 -2.97617
-3.11717 -2.97629
-3.11716 -2.97597
-3.11714 -2.97625
-3.11714 -3.11369
-3.1171 -2.97622
-3.11707 -3.11695
-3.11707 -3.11671
-3.11706 -2.97569
-3.11704 -2.97568
-3.11703 -2.97603
-3.11698 -3.1169
-3.11696 -2.82857
-3.11696 -2.97571
-3.11695 -3.11359
-3.11694 -2.97572
-3.11692 -2.97527
-3.11692 -2.97578
-3.11688 -2.97581
-3.11685 -3.11666
-3.11683 -2.97584
-3.11682 -2.97541
-3.11678 -3.11677
-3.11677 -3.11658
-3.11676 -2.82804
-3.11675 -3.1132
-3.11674 -2.97574
-3.11673 -2.82783
-3.11672 -2.82824
-3.1167 -2.82836
-3.11669 -2.97519
-3.11668 -2.82766
-3.11667 -3.1166
-3.11666 -2.82847
-3.11666 -2.82805
-3.11665 -2.97587
-3.11664 -2.82787
-3.11661 -2.97502
-3.1166 -2.97538
-3.1166 -2.97522
-3.11659 -2.97525
-3.11657 -2.82849
-3.11656 -3.11324
-3.11656 -2.82826
-3.11655 -3.11652
-3.11655 -2.97534
-3.11655 -2.97501
-3.11655 -2.97562
-3.11654 -2.8281
-3.11654 -3.11324
-3.11652 -2.97549
-3.11651 -3.11315
-3.1165 -2.82783
-3.1165 -2.82773
-3.11649 -2.8279
-3.11647 -2.97494
-3.11645 -2.82703
-3.11644 -2.82773
-3.11643 -2.82833
-3.11642 -2.82791
-3.11642 -2.82723
-3.11642 -2.82791
-3.11641 -2.82824
-3.11639 -2.97555
-3.11638 -2.82794
-3.11635 -2.97506
-3.11634 -2.82755
-3.11634 -2.82764
-3.11633 -2.82813
-3.11631 -2.82734
-3.11631 -2.82772
-3.11631 -2.82781
-3.1163 -2.97502
-3.11629 -2.82761
-3.11629 -2.82766
-3.11627 -2.82728
-3.11627 -2.82817
-3.11623 -2.97483
-3.11622 -2.67294
-3.11622 -2.82802
-3.11618 -3.11603
-3.11616 -2.67322
-3.11616 -2.97454
-3.11615 -2.67292
-3.11612 -2.82766
-3.11611 -2.82766
-3.11609 -2.67295
-3.11608 -3.11602
-3.11608 -2.67306
-3.11606 -3.11584
-3.11605 -2.97522
-3.11602 -2.67242
-3.11601 -2.82727
-3.11598 -2.97496
-3.11595 -2.50986
-3.11593 -2.33718
-3.11593 -2.82757
-3.11585 -2.67224
-3.1158 -2.67273
-3.11575 -2.82655
-3.11575 -2.67202
-3.11572 -2.67224
-3.11572 3.62311
-3.11568 -2.67219
-3.11552 -2.67208
-3.11529 -2.50984
-3.11527 -2.50988
-3.11327 -2.97173
-3.11308 -2.97155
-3.11278 -2.9714
-3.11278 -2.97149
-3.1127 -2.6728
-3.1127 -2.82389
-3.11268 -2.97127
-3.11268 -2.66933
-3.11266 -2.97127
-3.11265 -2.82727
-3.11261 -2.82345
-3.11255 0.499274
-3.1125 -2.82372
-3.11248 -2.669
-3.11248 -2.8237
-3.11247 -2.50915
-3.11246 -2.82365
-3.11241 -0.500726
-3.11239 -1.50277
-3.11009 -2.3338
-3.10987 -0.915338
-2.97553 -2.97547
-2.97528 -2.82815
-2.9752 -2.82775
-2.97519 -2.97514
-2.97511 -2.82777
-2.97503 -2.82786
-2.97495 -2.828
-2.97492 -2.8275
-2.9749 -2.97469
-2.97489 -2.82744
-2.97485 -2.51069
-2.97485 -2.82766
-2.97485 -2.82715
-2.97484 -2.82799
-2.97483 -2.82773
-2.97479 -2.82801
-2.97474 -2.82749
-2.97472 -2.51049
-2.97468 -2.82746
-2.97468 -2.82755
-2.97465 -2.82716
-2.97465 -2.82794
-2.97464 -2.51027
-2.97462 -2.51042
-2.97461 -2.51027
-2.97461 -2.67312
-2.9746 -2.82769
-2.97452 -2.51046
-2.97452 -2.82753
-2.9745 -2.82744
-2.97447 -2.82781
-2.97445 -2.82732
-2.97443 -2.82746
-2.9744 -2.51053
-2.97438 -2.82663
-2.97438 -2.67311
-2.97434 -2.51045
-2.97432 -2.82742
-2.97431 -2.5106
-2.97429 -2.82723
-2.97428 -2.51034
-2.97427 -2.82682
-2.97427 -2.51018
-2.97425 -2.51034
-2.97425 -2.50997
-2.97424 -2.67219
-2.9742 -2.5103
-2.97419 -2.50997
-2.97419 -2.67278
-2.97418 -2.82732
-2.97417 -2.50999
-2.97417 -2.51045
-2.97416 -2.82751
-2.97415 -2.82697
-2.97413 -2.67287
-2.97413 -2.50998
-2.97408 -2.50962
-2.97403 -2.82733
-2.97402 -2.67293
-2.97402 -2.67202
-2.97401 -2.50989
-2.97399 -2.51024
-2.97399 -2.50963
-2.97394 -2.6728
-2.97392 -2.50983
-2.97391 -2.5096
-2.97364 -2.67219
-2.97092 -2.66938
-2.97083 -2.66919
-2.97074 -2.66933
-2.97055 -2.50636
-2.82742 -2.82732
-2.82731 -2.82725
-2.82729 -2.82718
-2.82726 -2.82703
-2.82726 -2.82724
-2.82722 -2.67354
-2.82715 -2.82704
-2.82711 -2.67391
-2.8271 -2.67287
-2.82705 -2.67343
-2.82704 -2.82703
-2.82703 -2.82684
-2.82702 -2.66938
-2.82697 -2.67327
-2.82696 -2.6734
-2.82694 -2.67306
-2.82691 -2.82684
-2.82691 -2.67327
-2.8269 -2.66941
-2.8269 -2.82668
-2.82688 -2.67297
-2.82686 -2.67302
-2.82686 -2.67313
-2.82685 -2.67336
-2.82685 -2.67373
-2.82682 -2.67321
-2.82682 -2.67313
-2.82679 -2.67267
-2.82678 -2.82665
-2.82678 -2.67271
-2.82678 -2.67272
-2.82675 -2.67271
-2.82675 -2.67315
-2.82674 -2.67279
-2.82673 -2.67333
-2.82673 -2.67323
-2.82673 -2.67284
-2.82672 -2.51013
-2.82672 -2.8265
-2.82671 -2.67309
-2.8267 -2.67329
-2.82669 -2.67349
-2.82669 -2.67302
-2.82669 -2.67264
-2.82668 -2.67273
-2.82667 -2.67252
-2.82667 -2.67307
-2.82667 -2.67266
-2.82664 -2.67285
-2.82663 -2.67281
-2.82661 -2.67226
-2.8266 -2.67338
-2.8266 -2.50995
-2.8266 -2.67218
-2.82659 -2.51015
-2.82659 -2.51016
-2.82658 -2.67331
-2.82655 -2.5103
-2.82655 -2.50996
-2.82654 -2.51004
-2.82654 -2.67179
-2.82654 -2.67279
-2.82653 -2.67252
-2.82653 -2.67325
-2.82653 -2.67242
-2.82653 -2.67264
-2.82653 -2.51025
-2.82652 -2.67288
-2.82651 -2.67279
-2.8265 -2.67289
-2.8265 -2.67234
-2.8265 -2.67275
-2.82648 -2.67258
-2.82646 -2.50989
-2.82645 -2.51017
-2.82642 -2.50965
-2.82642 -2.51002
-2.82641 -2.67246
-2.82641 -2.67311
-2.82641 -2.51007
-2.8264 -2.67315
-2.8264 -2.67272
-2.82639 -2.50959
-2.82637 -2.67241
-2.82636 -2.67189
-2.82635 -2.67221
-2.82635 -2.67253
-2.82634 -2.67236
-2.82633 -2.50965
-2.82632 -2.67305
-2.82632 -2.6723
-2.82631 -2.67222
-2.82631 -2.51004
-2.8263 -2.82621
-2.8263 -2.50974
-2.82629 -2.67242
-2.82627 -2.67262
-2.82626 -2.67223
-2.82626 -2.5096
-2.82623 -2.67249
-2.82622 -2.50936
-2.8262 -2.50942
-2.8262 -2.50945
-2.82619 -2.50952
-2.82619 -2.50952
-2.82619 -2.5096
-2.82619 -2.67237
-2.82616 -2.5093
-2.82614 -2.50951
-2.82614 -2.50999
-2.82613 -2.5099
-2.82613 -2.50991
-2.82612 -2.67256
-2.82612 -2.5098
-2.82612 -2.50907
-2.82611 -2.5096
-2.8261 -2.67208
-2.8261 -2.50959
-2.82606 -2.50988
-2.82603 -2.5096
-2.82595 -2.50946
-2.82593 -2.67223
-2.82587 -2.67225
-2.82586 -2.50959
-2.82585 -2.50907
-2.82571 -2.50932
-2.82557 -2.50918
-2.82553 -2.33747
-2.82364 -2.67299
-2.82341 -2.67264
-2.8233 -2.66924
-2.82301 -2.50628
-2.82301 -2.67169
-2.8229 -2.66866
-2.8229 -2.50621
-2.82281 -1.95725
-2.8225 -1.95476
-2.67215 -2.51045
-2.67214 -2.51074
-2.67212 -2.50992
-2.6721 -2.67128
-2.67206 -2.51053
-2.672 -2.51057
-2.672 -2.67141
-2.672 -2.51012
-2.67199 -2.51024
-2.67198 -2.67191
-2.67198 -2.51008
-2.67197 -2.50962
-2.67196 -2.50998
-2.67195 -2.51061
-2.67188 -2.50972
-2.67187 -2.51
-2.67185 -2.67177
-2.67184 -2.50989
-2.67182 -2.51057
-2.67182 -2.51007
-2.67181 -2.51025
-2.67181 -2.67167
-2.6718 -2.66889
-2.67179 -2.67149
-2.67175 -2.66919
-2.67174 -2.50954
-2.67171 -2.51007
-2.67169 -2.5105
-2.67167 -2.50975
-2.67166 -2.5102
-2.67165 -2.51004
-2.67164 -2.50981
-2.67164 -2.5098
-2.67163 -2.51015
-2.67163 -2.50966
-2.67162 -2.67157
-2.67161 -2.5095
-2.6716 -2.5097
-2.6716 -2.50965
-2.67159 -2.50982
-2.67159 -2.50931
-2.67159 -2.50935
-2.67158 -2.50901
-2.67158 -2.5102
-2.67157 -2.51018
-2.67156 -2.50923
-2.67156 -2.50952
-2.67155 -2.51006
-2.67154 -2.50995
-2.67153 -2.51028
-2.67152 -2.5093
-2.67152 -2.51013
-2.6715 -2.50951
-2.67149 -2.50978
-2.67149 -2.50931
-2.67149 -2.50946
-2.67148 -2.50978
-2.67147 -2.66877
-2.67147 -2.50909
-2.67147 -2.50894
-2.67144 -2.50934
-2.67142 -2.51012
-2.67138 -2.50924
-2.67137 -2.50939
-2.67137 -2.50952
-2.67136 -2.33738
-2.67131 -2.669
-2.6713 -2.50901
-2.67129 -2.67124
-2.67129 -2.50936
-2.67128 -2.50947
-2.67124 -2.5091
-2.67124 -2.50622
-2.67124 -2.50929
-2.67124 -2.50855
-2.67124 -2.51009
-2.67118 -2.67092
-2.67118 -2.5093
-2.67117 -2.50949
-2.67117 -2.50974
-2.67113 -2.50877
-2.6711 -2.50857
-2.67109 -2.50885
-2.67109 -2.50911
-2.67107 -2.50894
-2.67088 -2.50889
-2.67087 -2.5089
-2.67085 -2.50871
-2.67069 -2.50798
-2.67068 -2.50866
-2.67053 -0.916426
-2.66864 -2.50884
-2.66855 -2.66838
-2.66855 -2.5063
-2.66845 -2.33735
-2.66841 -2.50427
-2.66838 -2.5058
-2.66838 -2.50642
-2.66836 -2.50871
-2.66835 0.914133
-2.66832 -2.50633
-2.66827 -2.33432
-2.6682 -2.33463
-2.66815 -2.33356
-2.6681 -2.33678
-2.66796 -1.74263
-2.6675 -2.33537
-2.50956 -2.50943
-2.50955 -2.50948
-2.5095 -2.50949
-2.50939 -2.50932
-2.50938 -2.50937
-2.50934 -2.50925
-2.50925 -2.33738
-2.50924 -2.50921
-2.50911 -2.50893
-2.50906 -2.33735
-2.50903 -2.33747
-2.50903 -2.50888
-2.50901 -2.33767
-2.50898 -2.50888
-2.50892 -2.3376
-2.50888 -2.33747
-2.50887 -2.33752
-2.50884 -2.33746
-2.50883 -2.50882
-2.50883 -2.33755
-2.50882 -2.5087
-2.50881 -2.50876
-2.5088 -2.33757
-2.50878 -2.33769
-2.50878 -2.33736
-2.50877 -2.33804
-2.50877 -2.50866
-2.50874 -2.33796
-2.50872 -2.3372
-2.50872 -2.50596
-2.50872 -2.3378
-2.50871 -2.33706
-2.50869 -2.33785
-2.50867 -2.33766
-2.50866 -2.33721
-2.50866 -2.33703
-2.50862 -2.33783
-2.50862 -2.33738
-2.50861 -2.33694
-2.5086 -2.33724
-2.50856 -2.33696
-2.50855 -2.33724
-2.50854 -2.33743
-2.50854 -1.95766
-2.50852 -2.33762
-2.50852 -2.33701
-2.50852 -2.33756
-2.50852 -2.33707
-2.50852 -2.33721
-2.50851 -2.33757
-2.50851 -2.33741
-2.50851 -2.33765
-2.50848 -2.33722
-2.50848 -2.33709
-2.50848 -2.3367
-2.50847 -2.33713
-2.50847 -2.50831
-2.50847 -2.50844
-2.50847 -2.33707
-2.50846 -2.33718
-2.50845 -2.33671
-2.50843 -2.33691
-2.50842 -2.3372
-2.50842 -2.33745
-2.50841 -2.50805
-2.50841 -2.33682
-2.5084 -2.33739
-2.5084 -2.33726
-2.50838 -2.3372
-2.50837 -2.33697
-2.50837 -2.33638
-2.50837 -2.33703
-2.50837 -2.33716
-2.50835 -2.33708
-2.50834 -2.33688
-2.50833 -2.33712
-2.50832 -2.33681
-2.50832 -2.50588
-2.5083 -2.33669
-2.5083 -2.33643
-2.50829 -2.33739
-2.50829 -2.33735
-2.50829 -2.33405
-2.50828 -1.9578
-2.50828 -2.33743
-2.50827 -2.33661
-2.50827 -2.33673
-2.50827 -2.3368
-2.50825 -1.95775
-2.50824 -1.95747
-2.50824 -2.33661
-2.50823 -2.33769
-2.50823 -2.50581
-2.50823 -2.33695
-2.50823 -2.33788
-2.50822 -1.95764
-2.50822 -2.33714
-2.5082 -2.33678
-2.50819 -2.33708
-2.50819 -2.33602
-2.50816 -2.33681
-2.50816 -2.33812
-2.50815 -2.3367
-2.50815 -2.33691
-2.50815 -2.33685
-2.50814 -2.33387
-2.50813 -2.33657
-2.50813 -2.33687
-2.50812 -2.33711
-2.50811 -2.33695
-2.5081 -2.33666
-2.5081 -1.95753
-2.50809 -2.33766
-2.50808 -1.95733
-2.50808 -1.95743
-2.50808 -2.33688
-2.50807 -1.95727
-2.50806 -1.95796
-2.50806 -2.33688
-2.50804 -2.33658
-2.50804 -1.95669
-2.50803 -2.33657
-2.50803 -2.50801
-2.50802 -2.33721
-2.50802 -2.33693
-2.508 -2.33722
-2.50798 -2.33667
-2.50798 -1.95767
-2.50798 -2.33688
-2.50796 -2.33699
-2.50796 -2.33694
-2.50794 -2.33741
-2.50794 -1.95719
-2.50794 -2.33729
-2.50793 -2.50779
-2.50791 -2.33741
-2.5079 -2.33588
-2.50787 -1.95725
-2.50786 -2.33669
-2.50785 -2.33649
-2.50785 -2.33612
-2.50785 -1.95742
-2.50783 -2.33693
-2.50782 -2.50762
-2.50781 -2.33639
-2.50781 -2.33716
-2.50781 -2.3367
-2.5078 -2.33694
-2.5078 -1.958
-2.50779 -2.33694
-2.50776 -2.33633
-2.50776 -1.95735
-2.50775 -2.33681
-2.50773 -2.33664
-2.50772 -1.95764
-2.50771 -2.33627
-2.50769 -1.95724
-2.50768 -1.9571
-2.50767 -2.33649
-2.50765 -2.33615
-2.50765 -1.95767
-2.50763 -1.95705
-2.50763 -2.33663
-2.50759 -2.33634
-2.50758 -2.33641
-2.50758 -2.33633
-2.50756 -2.33607
-2.50756 -1.95686
-2.50753 -2.33638
-2.50752 -2.33566
-2.50749 -1.95718
-2.5074 -1.95734
-2.50739 -2.33574
-2.50738 -2.33577
-2.50738 -2.33601
-2.50732 -2.33592
-2.5058 -2.33729
-2.50576 -2.50571
-2.50569 -2.33645
-2.50568 -2.33388
-2.50566 -2.33689
-2.50563 -2.33688
-2.50561 -2.33429
-2.5056 -2.33655
-2.50558 -1.95441
-2.50548 -2.33385
-2.50544 -2.5039
-2.50543 -1.95582
-2.5054 -2.33404
-2.5054 -2.33419
-2.50531 -1.95437
-2.50516 -1.7423
-2.50515 -2.33409
-2.50513 -1.7419
-2.50509 -2.33337
-2.50498 -1.50381
-2.50493 -2.33345
-2.50337 -1.50272
-2.50321 -2.33328
-2.33684 -2.33674
-2.33669 -2.33665
-2.33665 -2.33665
-2.3366 -2.33641
-2.33652 -1.95766
-2.3365 -2.33626
-2.33643 -2.33632
-2.33637 -1.95744
-2.33636 -1.95717
-2.33635 -2.33635
-2.33635 -1.95734
-2.33632 -1.95732
-2.33632 -2.33605
-2.33629 -1.95715
-2.33628 -1.95754
-2.33627 -1.95726
-2.33626 -1.95743
-2.33623 -2.33389
-2.33623 -1.9573
-2.33622 -1.95714
-2.33621 -1.95726
-2.33619 -1.95778
-2.33617 -1.95781
-2.33615 -1.95778
-2.33611 -1.95725
-2.33611 -1.95689
-2.33609 -1.95727
-2.33609 -1.95715
-2.33605 -1.95715
-2.33605 -1.95741
-2.33604 -1.95773
-2.33604 -2.33596
-2.33601 -1.95746
-2.33599 -1.95708
-2.33599 -1.95739
-2.33598 -1.95688
-2.33597 -1.95673
-2.33596 -1.9568
-2.33596 -1.95615
-2.33594 -1.9572
-2.33594 -2.33572
-2.33593 -1.95666
-2.3359 -1.95736
-2.3359 -2.33404
-2.33589 -1.95692
-2.33587 -1.95746
-2.33587 -1.95728
-2.33585 -1.95734
-2.33583 -1.95744
-2.33582 -1.95702
-2.33582 -1.95734
-2.33581 -1.957
-2.33581 -1.95711
-2.33578 -1.95734
-2.33577 -1.95715
-2.33576 -1.95729
-2.33575 -1.95698
-2.33575 -1.95724
-2.33575 -1.95727
-2.33574 -1.95725
-2.33574 -1.9568
-2.33573 -1.95708
-2.33569 -1.957
-2.33569 -1.95651
-2.33568 -1.95723
-2.33567 -1.95695
-2.33566 -1.95719
-2.33566 -1.95701
-2.33565 -1.74284
-2.33565 -1.95652
-2.33564 -1.95723
-2.33564 -1.95698
-2.33562 -1.95659
-2.3356 -2.33361
-2.33558 -1.95647
-2.33555 -1.95657
-2.33554 -1.95701
-2.33553 -1.95453
-2.33553 -2.33374
-2.33552 -1.9569
-2.3355 -1.95702
-2.33549 -1.95677
-2.33547 -2.33534
-2.33547 -1.95709
-2.33547 -1.95654
-2.33543 -1.95686
-2.33539 -1.95649
-2.33538 -1.74274
-2.33538 -1.74256
-2.33532 -1.95689
-2.33528 -1.9562
-2.33523 -1.9565
-2.33523 -1.95667
-2.33523 -1.95693
-2.33521 -1.74247
-2.33513 -1.95656
-2.33513 -1.95667
-2.33511 -1.95655
-2.33506 -1.95637
-2.33506 -1.95601
-2.33499 -1.95654
-2.33495 -1.95643
-2.33494 -1.95615
-2.33492 -1.74289
-2.3346 -1.95586
-2.33389 -2.33386
-2.33351 -1.95642
-2.33338 -1.95414
-2.33326 -1.95448
-2.33312 -1.74186
-2.33299 -1.95398
-2.33297 -1.95608
-2.33287 -1.95398
-2.33286 -1.74017
-2.33273 -1.95361
-2.33267 -1.95393
-1.95672 -1.95668
-1.95654 -1.95652
-1.95642 -1.95616
-1.95634 -1.95615
-1.95631 -1.74308
-1.95626 -1.95618
-1.95621 -1.95602
-1.95618 -1.95606
-1.95618 -1.74395
-1.95616 -1.74314
-1.95616 -1.74259
-1.95612 -1.74382
-1.95611 -1.95607
-1.95608 -1.74297
-1.95605 -1.74285
-1.95602 -1.74347
-1.95602 -1.7426
-1.95601 -1.95588
-1.95598 -1.74299
-1.95597 -1.74299
-1.95596 -1.74343
-1.95596 -1.74315
-1.95596 -1.74268
-1.95594 -1.7432
-1.95592 -1.9559
-1.95591 -1.7429
-1.9559 -1.74344
-1.95589 -1.74353
-1.95589 -1.74286
-1.95588 -1.74325
-1.95588 -1.74291
-1.95587 -1.74284
-1.95587 -1.74284
-1.95584 -1.74293
-1.95584 -1.74273
-1.95581 -1.74207
-1.95581 -1.74241
-1.9558 -1.74268
-1.9558 -1.74271
-1.95579 -1.74252
-1.95578 -1.74297
-1.95577 -1.74258
-1.95577 -1.74258
-1.95576 -1.7425
-1.95576 -1.74262
-1.95575 -1.74266
-1.95575 -1.74242
-1.95571 -1.74315
-1.95569 -1.74271
-1.95566 -1.74247
-1.95564 -1.74304
-1.95563 -1.74271
-1.95563 -1.74242
-1.95561 -1.7425
-1.9556 -1.7424
-1.9556 -1.74255
-1.95559 -1.74271
-1.95557 -1.74256
-1.95557 -1.74253
-1.95555 -1.7428
-1.95555 -1.74264
-1.95553 -1.74249
-1.95553 -1.74262
-1.95553 -1.74287
-1.95553 -1.74243
-1.95553 -1.74212
-1.95551 -1.74255
-1.9555 -1.74218
-1.95548 -1.74218
-1.95548 -1.74235
-1.95546 -1.74224
-1.95545 -1.74271
-1.95543 -1.74241
-1.95543 -1.74202
-1.95543 -1.74222
-1.95538 -1.742
-1.95537 -1.74159
-1.95536 -1.74309
-1.95535 -1.74275
-1.95535 -1.74214
-1.95532 -1.74198
-1.95531 -1.74183
-1.95518 -1.74271
-1.95518 -1.7421
-1.95516 -1.74179
-1.95502 -1.74186
-1.95496 -1.23733
-1.95376 -1.74041
-1.9536 -1.74217
-1.95355 -1.74158
-1.95347 -1.74204
-1.95344 -1.50536
-1.95342 -1.74186
-1.95341 -1.95332
-1.95339 -1.74011
-1.95321 -1.7403
-1.95305 -1.7399
-1.95303 -1.73975
-1.74171 -1.7416
-1.74155 -1.73999
-1.74146 -1.74086
-1.74144 -1.23743
-1.74144 -1.50549
-1.74144 -1.23735
-1.74131 -1.23743
-1.7413 -1.23721
-1.74125 -1.50514
-1.74125 -1.50529
-1.74125 -1.50505
-1.74123 -1.50595
-1.74119 -1.50615
-1.74116 -1.741
-1.74111 -1.50537
-1.74104 -1.50585
-1.74101 -1.50552
-1.74099 -1.23702
-1.74098 -1.50497
-1.74096 -1.50507
-1.74093 -1.50499
-1.74092 -1.50572
-1.74091 -1.5052
-1.74091 -1.50534
-1.74087 -1.50551
-1.74085 -1.50545
-1.74082 -1.23722
-1.74081 -1.50463
-1.74076 -1.23651
-1.74075 -1.50528
-1.74075 -1.50505
-1.74074 -1.50529
-1.74074 -1.23704
-1.74073 -1.23654
-1.74069 -1.50544
-1.74058 -1.23689
-1.74056 -1.23657
-1.74054 -1.23658
-1.74052 -1.50481
-1.74051 -1.50493
-1.74038 -1.23687
-1.74028 -1.23601
-1.74018 -1.23607
-1.74012 -1.23614
-1.74 -1.23569
-1.7396 -1.5029
-1.73956 -1.50515
-1.73931 -1.23657
-1.73894 -1.23493
-1.73866 -1.50257
-1.738 -0.500484
-1.73798 -1.23445
-1.73793 -1.50186
-1.50452 -1.5045
-1.50448 -1.23742
-1.50444 -1.23641
-1.50443 -1.50439
-1.50443 -1.50388
-1.50436 -1.23694
-1.50431 -1.23702
-1.50428 -1.23672
-1.50418 -1.23696
-1.50405 -1.23642
-1.50388 -1.23674
-1.50377 -1.23606
-1.50376 -1.23598
-1.50357 -1.23523
-1.50337 -1.23562
-1.50306 -0.917293
-1.50291 -1.23625
-1.50278 -1.50272
-1.50258 -1.5024
-1.50245 -1.23445
-1.50237 -1.23434
-1.50234 -1.23434
-1.50175 -0.500645
-1.23701 -1.23699
-1.23565 -1.23557
-1.23557 -0.918414
-1.23538 -0.918054
-1.2353 -0.91809
-1.23514 -0.917569
-1.23508 -0.917786
-1.23494 -0.917208
-1.2349 -0.917038
-1.23391 -0.916273
-1.23344 -0.916045
-0.916725 -0.916672
-0.916536 -0.91644
-0.91652 -0.91644
-0.91643 -0.503047
-0.916388 -0.916388
-0.916241 -0.91608
-0.916225 -0.503019
-0.916131 -0.502144
-0.916094 -0.91608
-0.91596 -0.502028
-0.91585 -0.502106
-0.915824 -0.500726
-0.915689 -0.501784
-0.91549 -0.501115
-0.915234 -0.501249
-0.914992 1.94949
-0.914845 -0.500793
-0.914684 1.73607
-0.501438 -0.501276
-0.500968 1.73607
-0.500806 -0.500806
-0.500726 -0.500726
-0.500565 -0.500565
-0.500403 0.499436
-0.500242 0.499758
-0.500242 3.97214
-0.500242 4.39898
-0.500161 0.913891
-0.500081 1.73607
