1.000000000000000000e+00
8.824196794868811589e-01
7.682290545337987497e-01
6.587405808527425632e-01
5.548649264132120562e-01
4.582682876487306212e-01
3.707379422337067632e-01
2.938398129859098318e-01
2.280042054628667325e-01
1.727729830548301870e-01
1.271252347614443834e-01
9.007597659114784105e-02
6.053726253459558448e-02
3.744598324801494404e-02
1.988520837266204849e-02
7.018798412200888577e-03
-1.973393014105878293e-03
-7.921785273611040706e-03
-1.147165161217777139e-02
-1.307816401718324244e-02
-1.324932989118111221e-02
-1.238067981520105457e-02
-1.084103763853306104e-02
-9.012976704472732553e-03
-7.157804330000561849e-03
-5.323927389946417170e-03
-3.557393760235388804e-03
-2.017574671571533036e-03
-7.922395694723617654e-04
1.299394017123797274e-04
8.439387233234008729e-04
1.025109682985686412e-03
8.052229873899711867e-04
1.888609363655003866e-04
-7.935359986046978996e-04
-2.079722209052887842e-03
-3.667670092221848258e-03
-5.486475123361501775e-03
-7.344100347253267914e-03
-8.987098753987720137e-03
-1.042932708138695486e-02
-1.153746987682262304e-02
-1.231144084366652888e-02
-1.263693796205280113e-02
-1.250250781258215385e-02
-1.200046418522089306e-02
-1.129659504469282712e-02
-1.023485890819126123e-02
-8.988401425433343098e-03
-7.614881484747449206e-03
-6.121920929252427923e-03
-4.587919426438416895e-03
-3.242136717602762865e-03
-2.202296522860057188e-03
-1.413512436877418588e-03
-9.417152500477285948e-04
-7.825783651453485559e-04
-7.926653103973631005e-04
-8.809341600875619056e-04
-8.866720284276533763e-04
-8.557080098692339569e-04
-7.901197449743531907e-04
-5.569228471863237571e-04
-4.215411834278181224e-05
3.656502750604218922e-04
5.884729691861324309e-04
5.343989692019596302e-04
1.762295104453724627e-04
-5.305995308927890196e-04
-1.439304295073658407e-03
-2.193390416475706275e-03
-2.690571126357867854e-03
-2.986003628123909317e-03
-2.931061006766558664e-03
-2.524189585132502814e-03
-2.019331922301807053e-03
-1.401425813865596857e-03
-7.139425906112114835e-04
4.321714470931736063e-05
6.581502716305509841e-04
1.106644789451161504e-03
1.257928606833992515e-03
1.085648851570175091e-03
5.861925026342077209e-04
-2.117132237625923960e-04
-1.092141496179580527e-03
-2.033134095084488703e-03
-3.010786806109324362e-03
-3.949895747049146644e-03
-4.731588425751698766e-03
-5.368949247663896800e-03
-5.686191761616548636e-03
-5.665013089995999361e-03
-5.487850056358939931e-03
-5.143596163855193582e-03
-4.824438750966196683e-03
-4.537380816787351875e-03
-4.244046477677067622e-03
-3.997708424274768087e-03
-3.851306476719628703e-03
-3.659340866727357495e-03
-3.370706352641179068e-03
-3.014342048345601110e-03
-2.611957468352250032e-03
-2.297609034401413078e-03
-1.932173653591222513e-03
-1.617334718750654049e-03
-1.313015476110378828e-03
-1.178337342250771348e-03
-1.072056752745883038e-03
-9.204472518109914564e-04
-8.000726578335674377e-04
-8.338062959363207833e-04
-1.014887053867261687e-03
-1.268416138046835106e-03
-1.725477244343087430e-03
-2.349570311436518111e-03
-3.078151765213396011e-03
-3.794739770514444881e-03
-4.416889429615596802e-03
-4.946137856003352158e-03
-5.379885223680555897e-03
-5.676409929445193868e-03
-5.967584702325793612e-03
-6.172447792905525268e-03
-6.258853153958786678e-03
-6.197402310479270190e-03
-5.993893449407524353e-03
-5.481702856755015646e-03
-4.710814225161914087e-03
-3.609407937659646782e-03
-2.460726902274707958e-03
-1.325037543429397882e-03
-3.012151604834689841e-04
3.388412211289203949e-04
5.556290485498615889e-04
4.242098119760974602e-04
1.594817941547601009e-04
-5.839141981507886309e-05
-2.407105735361145065e-04
-3.628925553441407037e-04
-3.334051106414962873e-04
-1.700433782878071778e-04
3.820159647886105686e-05
1.716383734111147179e-04
2.264104692553802086e-04
2.309852122761095439e-04
-3.187263185298103813e-05
-5.680553679946081288e-04
-1.248248246070643224e-03
