9.999999999999997780e-01
8.948770471383132863e-01
7.910446860421989079e-01
6.913596030809032733e-01
5.961631383958593267e-01
5.049576902473523754e-01
4.209047523073374819e-01
3.436315267027649223e-01
2.751745700773312042e-01
2.172920818543946087e-01
1.712253713280910417e-01
1.354593816304189569e-01
1.071185928172644491e-01
8.447031791471401596e-02
6.717398005662286731e-02
5.317360451139994948e-02
4.266413465660855858e-02
3.388849967227616777e-02
2.716205026976362819e-02
2.152638721131421365e-02
1.942678780403812172e-02
2.032979322524354135e-02
2.065697879946514284e-02
2.155170235905549264e-02
2.314213775043105770e-02
