1.000000000000000000e+00
9.030294700594021506e-01
8.076189773185037390e-01
7.145493785652868857e-01
6.245860430857158585e-01
5.385884436560341992e-01
4.577842014469457044e-01
3.833794440556322902e-01
3.164979001437557837e-01
2.581121349551951938e-01
2.082768802421826049e-01
1.665742344190036528e-01
1.323454515721451952e-01
1.049288159173135393e-01
8.308475633765695367e-02
6.609812765467125428e-02
5.307170267119411949e-02
4.298075361162939645e-02
3.535325426603928151e-02
2.962339248677654108e-02
2.557929841451521066e-02
2.306874260929835455e-02
2.167943403482571613e-02
2.119224027134660598e-02
2.109666392021798675e-02
2.143032654319374994e-02
2.189964346121432009e-02
2.235696726161224071e-02
2.266502897281578999e-02
2.293061274255665111e-02
2.327798788613995654e-02
2.377786966209121181e-02
2.394948966698666817e-02
2.365271209854416523e-02
2.300347560326830923e-02
2.211206403555461900e-02
2.099327794001991723e-02
1.962136302515395114e-02
1.795804045666912763e-02
1.576793949874902290e-02
1.315991477795035343e-02
1.024681558602466742e-02
7.252262565147514495e-03
4.302383365310500501e-03
1.755780953827771294e-03
-2.805319886112331209e-04
-1.766840734533656762e-03
-2.342814037744372219e-03
-2.229245254975259147e-03
-1.519632231977161583e-03
-4.059074610115749994e-04
9.103662028773621719e-04
2.388022923138320187e-03
4.334495160651652412e-03
6.217076183245122400e-03
8.205742934511060793e-03
1.016363653135713384e-02
1.198195245151908138e-02
1.343413540002295556e-02
1.446934755382293936e-02
1.531094248464754358e-02
1.580218401483361387e-02
1.576655187138520722e-02
1.554015623920860893e-02
1.511850160063229337e-02
1.454275376509494601e-02
1.345595136267319254e-02
1.245481393033279031e-02
1.168512902338452245e-02
1.133885260838079882e-02
1.160361275421921586e-02
1.205135032124859430e-02
1.289620299668903583e-02
1.377023402524881618e-02
1.433256054585993651e-02
