9.999999999999997780e-01
8.817712719549444245e-01
7.666640080334591323e-01
6.563339624164186148e-01
5.542816394403109470e-01
4.586683584068034780e-01
3.684884554488416786e-01
2.833250028259935993e-01
2.043900787316230705e-01
1.317418910944659904e-01
6.491474916964774799e-02
6.571426234741688764e-03
-4.313300970075094332e-02
-8.680197195591159154e-02
-1.235250278780319483e-01
-1.519151454139285873e-01
-1.676896227132420314e-01
-1.779005047368925618e-01
-1.824336809404673854e-01
-1.825799124309053223e-01
-1.789871087707082531e-01
-1.717743061324488729e-01
-1.599715381789334756e-01
-1.419822047302069234e-01
-1.200388399362065789e-01
