9.999999999999997780e-01
8.839001288375220033e-01
7.717574644419701313e-01
6.641020252964628945e-01
5.627500643560267024e-01
4.674336309462502337e-01
3.811202273419491138e-01
3.063711162873871685e-01
2.433525948013001150e-01
1.884308186147532205e-01
1.403386516668798378e-01
9.797154246377744180e-02
5.976553281729616446e-02
2.548533948447541386e-02
-2.821429788338252181e-03
-2.794914807032631426e-02
-4.976112610206788467e-02
-6.805471513661474903e-02
-7.878184302726685961e-02
-8.157831490058493895e-02
-7.700932019710503285e-02
-6.734791157229885750e-02
-5.460975418573282836e-02
-4.141096471148742603e-02
-3.008056367511856635e-02
