1.000000000000000222e+00
9.085566665913483719e-01
8.183152238253458277e-01
7.301752505904236523e-01
6.448250916838943470e-01
5.631851949772277433e-01
4.862287237989096900e-01
4.153505010577980272e-01
3.512701760938691242e-01
2.948466355431968444e-01
2.460577993420506038e-01
2.046572993631455284e-01
1.701069995823299430e-01
1.416573864402656813e-01
1.186436666641386556e-01
1.004392639852636909e-01
8.618357095981714344e-02
7.493131173477358964e-02
6.637702788065336090e-02
5.995441291872938283e-02
5.481625602599404790e-02
5.083080622940773508e-02
4.743607716204754216e-02
4.440856655372303619e-02
4.146596737534520571e-02
3.853883435930219314e-02
3.551644977449892188e-02
3.246913588138255341e-02
2.937491772797649545e-02
2.635263250786514660e-02
2.353904020557736829e-02
2.109270529394463231e-02
1.938265224494187949e-02
1.839912100138901135e-02
1.782550273732616888e-02
1.750576158621259051e-02
1.723266469994078759e-02
1.686577568440792915e-02
1.638928553504879690e-02
1.583209625989860300e-02
1.524954548757313962e-02
1.430790736942097637e-02
1.261283368802198698e-02
1.050506956975460517e-02
7.944836377282165837e-03
5.295060244427397464e-03
2.674874288776936653e-03
1.990015540641214341e-04
-1.889233296123521248e-03
-3.644668191512684396e-03
-5.282565492146081183e-03
-6.530474319309603586e-03
-7.611998065805317820e-03
-8.612189138682805820e-03
-9.582800813062659559e-03
-1.042688272102676797e-02
-1.112851450734206153e-02
-1.183122355671673183e-02
-1.236710170075271988e-02
-1.258745362299889051e-02
-1.265550553047600606e-02
-1.208295992192858458e-02
-1.101086300918701667e-02
-9.469062314402771491e-03
-7.293981274828152152e-03
-4.842146992079269727e-03
-2.418364352625491844e-03
-2.793286900866833464e-04
1.605405499771787826e-03
3.260892609710467054e-03
4.855382188903830179e-03
6.469031173405983236e-03
7.942674937335070934e-03
9.466683085745752554e-03
1.141045292745310538e-02
