1.000000000000000000e+00
8.925054348090099010e-01
7.875623507323895600e-01
6.861666934394132777e-01
5.890757755881191882e-01
4.974054268685725311e-01
4.126226556599642548e-01
3.362086314844589530e-01
2.691332960132243879e-01
2.109497989852111566e-01
1.609983553972141601e-01
1.176411984553645679e-01
8.003589400712116109e-02
4.783865077681742628e-02
2.073779551846236316e-02
-1.943466963322768373e-03
-2.056938390199375410e-02
-3.561148153235989960e-02
-4.714046478971319065e-02
-5.493938577612696161e-02
-6.003198718433037234e-02
-6.258258991437959384e-02
-6.318828164630439781e-02
-6.273507818822271487e-02
-6.110496733636315569e-02
-5.831155342457708390e-02
-5.436917615611325250e-02
-4.985971654052429036e-02
-4.505260600555568984e-02
-3.904370536423125426e-02
-3.317046529607649286e-02
-2.688114588994125476e-02
-1.996269349716330022e-02
-1.309707425310563216e-02
-5.465495193667600955e-03
1.910788905425030593e-03
8.470323857513960969e-03
1.399690331801577321e-02
1.835379540264200915e-02
2.180225128269647900e-02
2.440028203931881440e-02
2.616074491239817057e-02
2.753251532205406790e-02
2.928630665856994664e-02
3.071116602549698801e-02
3.084133027450406198e-02
2.936735933367691509e-02
2.534757119913001039e-02
1.909656162502114396e-02
1.097793769321482593e-02
