1.000000000000000222e+00
8.829486205876957428e-01
7.696887762777546715e-01
6.616389140610727804e-01
5.597782071763016676e-01
4.657521832941299289e-01
3.807750595226360724e-01
3.061796325463753687e-01
2.422953532645235331e-01
1.884404722192272730e-01
1.430135737648716432e-01
1.050220455002259939e-01
7.366977698764021198e-02
4.818497128428111259e-02
2.802498696989091584e-02
1.250424384567996525e-02
8.805771964652165003e-04
-7.264783836140875639e-03
-1.244509508271723214e-02
-1.491076379594500137e-02
-1.500438735098163362e-02
-1.366650943140368391e-02
-1.132896426000874930e-02
-8.526599696076102297e-03
-5.963416416566351755e-03
-3.765782574312849084e-03
-1.733869460970014625e-03
-8.360166473951365226e-05
1.169532683123694801e-03
1.511071455259600099e-03
1.085763376174178185e-03
-4.792600250897127668e-04
-3.235060631436382887e-03
-7.310816909299801616e-03
-1.207147405328874365e-02
-1.716906593390902375e-02
-2.209971924730669973e-02
-2.615721783170673470e-02
-2.942288524769783378e-02
-3.134872280740200884e-02
-3.176280495805266363e-02
-3.116319961389708848e-02
-2.969928456295617067e-02
-2.730507265110842033e-02
-2.341860288502387033e-02
-1.843337159076347334e-02
-1.274726991372986812e-02
-7.288727436054062703e-03
-2.741526680555676256e-03
4.617788026258442960e-04
2.038871935244525313e-03
1.998764206462710306e-03
1.266408752385039371e-03
2.291670381000836449e-04
-6.764946366904503938e-04
-1.485611431885477864e-03
-1.664365147722742357e-03
-1.150386713639255532e-03
-5.584621993622310631e-04
-3.237907374665418962e-04
-5.885885738421632639e-04
-1.306943207719458251e-03
-1.768739219727903265e-03
-2.016482592684234153e-03
-2.118466729185454044e-03
-2.665240035011240145e-03
-3.572962472221122721e-03
-5.422113719144721310e-03
-7.942933389924869414e-03
-1.071444773487684188e-02
-1.288044163247012951e-02
-1.384532030935254829e-02
-1.366789698369531500e-02
-1.207883101337072461e-02
-9.553918364394618432e-03
