1.000000000000000000e+00
8.935376741693281666e-01
7.907919899934703345e-01
6.929868663588910627e-01
5.998888224398758462e-01
5.125000964046264595e-01
4.317335328650533377e-01
3.586791490887369926e-01
2.939841724349302465e-01
2.375059096876346865e-01
1.884609373097506646e-01
1.456587281755701013e-01
1.087855363123462066e-01
7.694728195213507149e-02
5.042062992498280716e-02
2.804963781828878969e-02
9.460632225164772313e-03
-4.123020097599574933e-03
-1.376443667269260443e-02
-1.975687931971367023e-02
-2.250653419604186148e-02
-2.322048300190181908e-02
-2.201668663102503490e-02
-1.974460733965721984e-02
-1.716232001415212913e-02
-1.486973905004234688e-02
-1.212941970828710150e-02
-9.007975116956628073e-03
-5.851540177106478481e-03
-3.311283399825217574e-03
-1.124000324821042892e-03
-9.119950195327162362e-04
-2.324343375065795678e-03
-5.026221177410296510e-03
-8.794153697690355875e-03
-1.303446825961635490e-02
-1.733618253878703441e-02
-2.161027998337907916e-02
-2.520813458767477352e-02
-2.743858749312262993e-02
-2.825395519305369876e-02
-2.822041254918644659e-02
-2.789324784545568064e-02
-2.705377073075982547e-02
-2.580752104341301964e-02
-2.492216235898951290e-02
-2.446371435159306121e-02
-2.590049912770194321e-02
-3.031253494381766847e-02
-3.677966477604480838e-02
