9.999999999999998890e-01
8.998248731053867244e-01
8.012825649059633903e-01
7.036252388377692846e-01
6.087562450861985219e-01
5.177514007966196319e-01
4.321847924189882173e-01
3.525475902018352925e-01
2.776614521729554030e-01
2.089289078231746921e-01
1.473721315227094486e-01
9.165371914076966831e-02
4.257183014116924791e-02
-1.197072831517102766e-03
-4.072311909295567994e-02
-7.564263521075390018e-02
-1.049837964132955548e-01
-1.281909379815069916e-01
-1.440382354875543724e-01
-1.535703367139613917e-01
-1.585051328088114553e-01
-1.585879882045184153e-01
-1.523264875860896317e-01
-1.349220322159124796e-01
-1.050888965457081881e-01
