1.000000000000000222e+00
8.865080352856713475e-01
7.758934908600687574e-01
6.691800512173020632e-01
5.675711752748655581e-01
4.728029271066498951e-01
3.863803637654330547e-01
3.097725352220670469e-01
2.438815952271050358e-01
1.883084480947991857e-01
1.419378694899163240e-01
1.036359346658090042e-01
7.212254035203423397e-02
4.655170758674086195e-02
2.606626346915885684e-02
1.001391679463653483e-02
-2.388231746358858171e-03
-1.173108055253201630e-02
-1.829484399225807592e-02
-2.281591484870743036e-02
-2.607195954607672769e-02
-2.865118614740929520e-02
-3.074133768297027114e-02
-3.287319966863978815e-02
-3.488672721288606920e-02
-3.633082141992702296e-02
-3.711814481582443453e-02
-3.719635586558593665e-02
-3.676468844752735915e-02
-3.561357769073807134e-02
-3.429435854231425995e-02
-3.307185592226725285e-02
-3.175606440433471206e-02
-3.029367804674030357e-02
-2.831662145271959807e-02
-2.570463222463311923e-02
-2.253407861667467219e-02
-1.920527141426123588e-02
-1.605137583481839464e-02
-1.289599639367047801e-02
-1.024678539125328455e-02
-7.928104383548118667e-03
-5.866399641322046256e-03
-3.933175048611107887e-03
-2.254998733052824850e-03
-1.082044456049395618e-03
-6.347293127127673568e-04
-1.626392189604520394e-03
-3.672296757772943159e-03
-6.899598798177183911e-03
-1.058237031182081463e-02
-1.482843058347033116e-02
-1.917064280022717088e-02
-2.277716633443593874e-02
-2.517707781510604773e-02
-2.574441891809411617e-02
-2.478310957630520603e-02
-2.249804880723400846e-02
-1.920016811545391042e-02
-1.567842853876857609e-02
-1.264516364072919632e-02
-1.034273362025509187e-02
-8.404706792978831539e-03
-6.993427879137630726e-03
-5.579632667488537701e-03
-4.739214771775292386e-03
-4.767450737983250364e-03
-5.191103314437766486e-03
-5.627359051482080932e-03
-5.283806518915619074e-03
-4.256856867052640457e-03
-2.947063076112967257e-03
-1.723014326074382048e-03
-1.132007871449851495e-03
-1.152493720039245552e-03
