9.999999999999997780e-01
8.817725409238478251e-01
7.669480561940686947e-01
6.568011825130879444e-01
5.523460220634008877e-01
4.552832497364023290e-01
3.672967548501910873e-01
2.898550428733572826e-01
2.232713176303042224e-01
1.668427547171135727e-01
1.194508032582812102e-01
8.017111999912916731e-02
4.825365353246129779e-02
2.274795896296903652e-02
2.966514606309666058e-03
-1.194995680993418512e-02
-2.271141913772356177e-02
-2.989963676534377821e-02
-3.391341295803920047e-02
-3.529930216902817108e-02
-3.443030698576793336e-02
-3.174688822272099531e-02
-2.764407021723000804e-02
-2.267557798013800432e-02
-1.743272604863314520e-02
-1.202457475349789223e-02
-6.523548746395714006e-03
-1.384718720653341749e-03
3.130343395948795727e-03
6.762525701868297122e-03
9.610892128509539167e-03
1.119589856451280903e-02
1.177315706796117772e-02
1.146071862848491163e-02
1.057641906408416863e-02
9.499778064023856050e-03
8.109077641853281587e-03
6.455749984196447640e-03
4.558216579249949572e-03
2.760767461012926527e-03
1.180539739688363276e-03
-2.515179752383704583e-04
-1.443726328082938848e-03
-2.207298931311136182e-03
-2.244498102352014170e-03
-1.774490119587417104e-03
-8.336618331985173143e-04
5.872185274740288931e-04
2.064709330335380653e-03
3.273791703865366887e-03
4.217480063464892209e-03
4.932625120199395953e-03
5.636194643948736968e-03
6.185391447178782871e-03
6.780148904505512754e-03
7.298561436542982603e-03
7.718664187933747638e-03
7.836157549596994495e-03
7.782636323655347209e-03
7.584187376994813885e-03
7.204773535649204932e-03
6.605059096189376706e-03
5.761272614481820036e-03
5.000007535818701797e-03
4.215990511163175344e-03
3.509617415638138956e-03
3.246236765767958592e-03
3.375177435605961496e-03
3.596565556366239889e-03
3.926915813162954079e-03
4.683895634047110373e-03
6.095926161266486919e-03
7.949967476562304000e-03
1.021438284822006291e-02
1.256713247093658309e-02
1.446295363235866084e-02
1.602937465337599121e-02
1.750796474888891355e-02
1.869644712676704276e-02
1.966989612859865524e-02
2.039412078752582402e-02
2.058635374910015858e-02
2.017623872279624211e-02
1.883756628973319927e-02
1.660051977551682545e-02
1.379245625141687498e-02
1.045533581884206670e-02
6.861641308995912979e-03
3.463858320012262130e-03
6.845229878650755653e-04
-1.154676697262268636e-03
-2.097079438558900524e-03
-2.245841465170484320e-03
-2.092829929185124286e-03
-1.601825726042431118e-03
-1.290077201604623988e-03
-1.046890149661781422e-03
-7.989810190404858081e-04
-7.639937443546966156e-04
-1.263637085208676666e-03
