9.999999999999996669e-01
8.850761481645859075e-01
7.732740450276346378e-01
6.656230459707201952e-01
5.631768800964999100e-01
4.675014039800132748e-01
3.800753112237317821e-01
3.026440245679740682e-01
2.360260994675192348e-01
1.798940703746961245e-01
1.332351632262053220e-01
9.513879777060790799e-02
6.469634800813435505e-02
4.063815961539201521e-02
2.196816888275989268e-02
7.528328998580017216e-03
-3.120489911779333186e-03
-1.089283822505668874e-02
-1.611567138967293783e-02
-1.932927868317664208e-02
-2.103898675337814023e-02
-2.138888689160593423e-02
-2.109079757012124329e-02
-2.035676898132550428e-02
-1.953716609640923987e-02
-1.865974090549298373e-02
-1.737155461613160840e-02
-1.575345992478829199e-02
-1.407371958357491598e-02
-1.267104671084587873e-02
-1.178367321263082586e-02
-1.160617962433718904e-02
-1.174141679331290773e-02
-1.151117010964548999e-02
-1.066028248534583132e-02
-9.954964834401993853e-03
-9.135959706023563318e-03
-8.084850390304931800e-03
-7.061542786044962272e-03
-6.603829249904872266e-03
-6.574719188828865440e-03
-7.049243754046872860e-03
-8.244927590319648184e-03
-1.087490470434421437e-02
-1.454392916527729764e-02
-1.900846845225474119e-02
-2.352841365431429521e-02
-2.785759995999178076e-02
-3.171829302607888368e-02
-3.486418071262083196e-02
-3.752530506983835917e-02
-3.919021341274816356e-02
-4.047850974370593991e-02
-4.154178665025018424e-02
-4.226434539380954231e-02
-4.270013635584950923e-02
-4.289549684456423623e-02
-4.286069872365330657e-02
-4.233715557920172262e-02
-4.140292152914666624e-02
-4.019747543349820595e-02
-3.861120641467169490e-02
-3.661207988728567425e-02
-3.472972909815579684e-02
-3.304837395744049389e-02
-3.156853362628382620e-02
-3.028853429632841210e-02
-2.902257982171672218e-02
-2.741678612524398734e-02
-2.628880454245306406e-02
-2.521412358126138772e-02
-2.373494723842549739e-02
-2.176645778904285483e-02
-1.954845616202565556e-02
-1.684313785446095099e-02
