1.000000000000000000e+00
8.689707552910276300e-01
7.410358874991911371e-01
6.177714152276275739e-01
5.006213897100496579e-01
3.919621487489658440e-01
2.939592166569398035e-01
2.098866726219337508e-01
1.397113213050867331e-01
8.339376973479188659e-02
3.970466969990606859e-02
7.659810147414499414e-03
-1.537206882363009904e-02
-3.112219464705169233e-02
-4.132209310718062967e-02
-4.665857219190139293e-02
-4.830288174274174895e-02
-4.846461387584896641e-02
-4.758909266528014992e-02
-4.543028495318511550e-02
-4.162205511770041694e-02
-3.734079386246506177e-02
-3.287788947352780766e-02
-2.842226641135351187e-02
-2.293592012199349370e-02
-1.713078997512395077e-02
-1.179808804380088304e-02
-7.323456582333461723e-03
-3.503091180030792201e-03
-9.173058031669242308e-04
1.588358004291914698e-03
3.229251434105312717e-03
3.523337179703292694e-03
3.555895105344615299e-03
3.844241540169734007e-03
3.829667072209339777e-03
2.992656005454311270e-03
1.684180943065956672e-03
3.543616798496279055e-04
-1.393710196875440257e-03
-3.889976295330888935e-03
-6.646266285049186144e-03
-8.984617610803683971e-03
-1.147310107115229877e-02
-1.381945721339727408e-02
-1.563961082427532331e-02
-1.842951020530772185e-02
-2.150367882597596647e-02
-2.370929270679516046e-02
-2.562938278142569068e-02
