1.000000000000000222e+00
8.889122641347764198e-01
7.806756609912538503e-01
6.763973911822441787e-01
5.771444908469289814e-01
4.843644843745441575e-01
3.999492801212009008e-01
3.255754263209589827e-01
2.614181629210556301e-01
2.067710989166581526e-01
1.606750698047914594e-01
1.222079338369876089e-01
9.027164927784743498e-02
6.398472691455391048e-02
4.235030846464968302e-02
2.478836767281469497e-02
1.122528263574132032e-02
8.901180221260223324e-04
-6.509542084735878142e-03
-1.124647101857163996e-02
-1.365509866005544873e-02
-1.467501753542835644e-02
-1.460556460422135668e-02
-1.389107226854473069e-02
-1.244786072761956339e-02
-1.052193679991429882e-02
-8.104640380939550498e-03
-5.275275605953594002e-03
-2.275277717859300677e-03
9.444360956801945567e-04
4.255240226480577759e-03
7.252121788613632124e-03
9.684449347436122763e-03
1.156014023128862020e-02
1.255988610160945450e-02
1.242650176095592453e-02
1.104480492925113445e-02
8.545610921621491288e-03
4.873923103643485778e-03
3.386173594719410788e-04
-4.718081782551785362e-03
-9.867564395071318217e-03
-1.497205122032969730e-02
-1.999704985368389379e-02
-2.450070323914802298e-02
-2.862495870261223124e-02
-3.191081069479958371e-02
-3.464271501085008226e-02
-3.626680421087844636e-02
-3.700216622065221478e-02
-3.676599659391104752e-02
-3.563849378517338490e-02
-3.430274822647448596e-02
-3.271759202005077721e-02
-3.146784773899589244e-02
-3.021937188808512462e-02
-2.944404195058572538e-02
-2.880899614285746882e-02
-2.812556438570764858e-02
-2.737775599165104962e-02
-2.646361595180803106e-02
-2.566981569560276497e-02
-2.501534401921511747e-02
-2.448349477001307214e-02
-2.431791327920878112e-02
-2.469665202813616303e-02
-2.504653436952218246e-02
-2.522672440533252000e-02
-2.512603172579273153e-02
-2.452149680601944243e-02
-2.406559785236396867e-02
-2.375450371914272080e-02
-2.357219050308284602e-02
-2.331222937160227007e-02
-2.272285327164350055e-02
