1.000000000000000222e+00
8.853000447730362543e-01
7.739031400624099000e-01
6.669524438790458420e-01
5.652545584038342064e-01
4.706372885455942234e-01
3.848414541912005271e-01
3.094982184808459102e-01
2.448929881675050713e-01
1.908852562432261923e-01
1.466460958130918757e-01
1.107882265864205823e-01
8.220284126362011057e-02
6.000829875058472790e-02
4.351169033196687630e-02
3.115535784883687043e-02
2.180160455554661786e-02
1.458104020955736969e-02
9.081379839225668660e-03
4.592036486227924971e-03
9.491830568140477518e-04
-2.383118086496445465e-03
-6.096447161066299684e-03
-1.002739832341668219e-02
-1.369250423035041526e-02
-1.681290569545457539e-02
-1.923506780907719912e-02
-2.101499140726703629e-02
-2.179941437566607423e-02
-2.142755153368336440e-02
-2.004984025032514189e-02
-1.864268366466370619e-02
-1.689131506422661411e-02
-1.443021885281537547e-02
-1.143463528377650952e-02
-7.781590592793851888e-03
-3.662266039237630898e-03
6.757058954624603356e-04
4.927392275598492868e-03
8.911748781720071205e-03
1.238160245035569394e-02
1.499143094968827770e-02
1.701192022235956808e-02
1.819567984665751079e-02
1.856669706602203859e-02
1.803758766253759152e-02
1.699445895787142502e-02
1.645071261939605109e-02
1.632379585986535458e-02
1.710413591702442462e-02
1.851203744835185072e-02
2.028485915332204487e-02
2.216069735803131990e-02
2.387456543715086102e-02
2.497693933237975575e-02
2.514711142125919743e-02
2.461812587425912802e-02
2.351231342713256192e-02
2.173763498893684087e-02
2.010081219779700015e-02
1.859604345851224513e-02
1.721936915027606416e-02
1.587520523338982123e-02
1.512609906135897395e-02
1.447925571790115683e-02
1.411221655044327811e-02
1.392803622136103148e-02
1.421516460108126698e-02
1.479685592704077512e-02
1.531435652694185419e-02
1.562256339590231344e-02
1.582249748951645302e-02
1.577323678046277031e-02
1.592199075885042392e-02
1.633813569584254000e-02
