9.999999999999997780e-01
8.876159466923192465e-01
7.773093897295576538e-01
6.702860712959333167e-01
5.677040023112062128e-01
4.718274711785320763e-01
3.845304878562454953e-01
3.079147643165285886e-01
2.425005349666300436e-01
1.879570946456675662e-01
1.425282646668680764e-01
1.054308941947988826e-01
7.552560382906689518e-02
5.171399266726151023e-02
3.267755670778665911e-02
1.686474160873116870e-02
3.968258331360471729e-03
-6.699690659379362208e-03
-1.545380030061558815e-02
-2.281958733031128755e-02
-2.872361426388597705e-02
-3.401409010278959311e-02
-3.833308375735471757e-02
-4.165384936930736220e-02
-4.475824805552995611e-02
-4.757492400482711548e-02
-4.986112752086338529e-02
-5.180002782765931457e-02
-5.286651972158255136e-02
-5.249387213589554874e-02
-5.112730969054325725e-02
-4.843861354067411501e-02
-4.397338091732482662e-02
-3.825185237985358200e-02
-3.186466255784831808e-02
-2.514282593528920084e-02
-1.760974916881205554e-02
-1.029217818923643807e-02
-4.138299594015833714e-03
1.568984061671288620e-04
2.001722759783554264e-03
1.220856940217315877e-03
-1.672878190804368221e-03
-5.875669730023061130e-03
-1.093089509977705764e-02
-1.691614216231031309e-02
-2.245805301293871473e-02
-2.810423218758382330e-02
-3.264394238807692694e-02
-3.708505778883647297e-02
