1.000000000000000000e+00
9.068349445443872892e-01
8.151489656408722473e-01
7.259617559144505572e-01
6.402921430559145310e-01
5.591010932943799583e-01
4.829432924617486078e-01
4.130416922347802666e-01
3.496364887565609481e-01
2.928778211962022593e-01
2.432230763213719671e-01
2.004627984904266969e-01
1.641131692663269082e-01
1.338020688093434218e-01
1.082447975500255427e-01
8.571918897196108278e-02
6.595697255429534833e-02
4.837609576189377120e-02
3.249807289787721293e-02
1.771802874493680000e-02
4.436093115575826147e-03
-7.986233859232807000e-03
-1.947854078343543710e-02
-2.990189924013968506e-02
-3.909911667423870280e-02
-4.659386888197594723e-02
-5.257021968966550662e-02
-5.730213403543401446e-02
-6.010192920531409744e-02
-6.108726402601925148e-02
-6.069762871683574007e-02
-5.973576080582457953e-02
-5.770515161622974398e-02
-5.480020133432568497e-02
-5.132167843457719619e-02
-4.727512421295747974e-02
-4.321266309553992158e-02
-3.915996176464264095e-02
-3.526516939064548023e-02
-3.144735780030225719e-02
-2.814736547207654857e-02
-2.449567621366798703e-02
-2.000768971500550830e-02
-1.476351431628899168e-02
-9.488114595933067399e-03
-5.254289580166543808e-03
-1.626653664147825751e-03
6.694640178745898691e-04
7.488946782732816727e-04
-9.638478126812288337e-04
