1.000000000000000222e+00
8.907127775966892091e-01
7.843767720393788334e-01
6.820711561626743302e-01
5.844525031228361422e-01
4.929300750209357207e-01
4.094697977606470141e-01
3.352766149336166568e-01
2.709981908578458221e-01
2.162264567027877837e-01
1.699050332721568912e-01
1.310109990452978379e-01
9.850384256666883109e-02
7.130457382208309214e-02
4.866006938432911044e-02
3.026609321724332141e-02
1.562992814354780338e-02
3.918691418404915937e-03
-5.533814597344921538e-03
-1.304287895256507450e-02
-1.886379148877833159e-02
-2.346044578898876659e-02
-2.651232229054615100e-02
-2.811106334292444442e-02
-2.809292038956258050e-02
-2.710994728712850729e-02
-2.556829171093724651e-02
-2.335660559754503332e-02
-2.050236904938968971e-02
-1.718526833553166849e-02
-1.322730434499617101e-02
-8.809671872560442124e-03
-4.210600521452720520e-03
2.315917215258697713e-04
4.168514865305454793e-03
7.550004086456042762e-03
1.062097877583611204e-02
1.269897558978149571e-02
1.362200945067391575e-02
1.338385425870611961e-02
1.274631377935329414e-02
1.187822568283250675e-02
1.053518768502814500e-02
8.861151378757035554e-03
7.010734061811334933e-03
5.604100138387919060e-03
4.138410272815494506e-03
2.904583910292019792e-03
2.311912314161364626e-03
2.311696915848060387e-03
3.249018831389633138e-03
5.057026746521089793e-03
7.245354621864436538e-03
9.372045037792165953e-03
1.157578765701639499e-02
1.356314458375238070e-02
1.563409749289505768e-02
1.742349250617133971e-02
1.885179859631091331e-02
1.937877044135027579e-02
1.850384629405044112e-02
1.653298816417620234e-02
1.343093602336756578e-02
9.836721172389937054e-03
5.782630346898179861e-03
1.119725729272043812e-03
-3.629984784340394011e-03
-8.126535194836373432e-03
-1.167285339026146070e-02
-1.435017635096880705e-02
-1.660439583779911230e-02
-1.845455591858667643e-02
-1.961010743109701734e-02
-2.008241252504118848e-02
-2.001968779635161788e-02
