1.000000000000000000e+00
8.879794846976545308e-01
7.790305044875552865e-01
6.743116551195411645e-01
5.747779534437211790e-01
4.818538310270518155e-01
3.973151270233088450e-01
3.226945524158676415e-01
2.585132123577845165e-01
2.042792435730030609e-01
1.590666428048556347e-01
1.217460432199955478e-01
9.120732206228024386e-02
6.647835837976037721e-02
4.686780862833837824e-02
3.184922730214982678e-02
2.072430740308074323e-02
1.260051656580186107e-02
6.801239608238140999e-03
2.721920740169686461e-03
-8.971023076487696772e-05
-1.935210894006091737e-03
-2.671732580356973429e-03
-2.521487273242634889e-03
-1.756182999023652878e-03
-7.783015465823755119e-04
1.670621248163166187e-04
1.258401488719098531e-03
2.248429166379931239e-03
2.974954049944541698e-03
3.450504816179224537e-03
3.539172019397244812e-03
3.390496137002877580e-03
3.010830825788846522e-03
2.546795903266172497e-03
1.970940553832193232e-03
1.674249979023831238e-03
1.338086103511561568e-03
8.986232364557889549e-04
3.921580742251956869e-04
-2.285720724684385034e-05
-8.427660330915997199e-05
2.449835479935192777e-05
1.479455299928410575e-04
3.378281984941103409e-04
6.418622677419012290e-04
8.468999608603496434e-04
1.007580897201849164e-03
1.326825168848294297e-03
1.704174356992202216e-03
2.163736429790784430e-03
2.737266509466205252e-03
3.454559061859861693e-03
3.980107077831845225e-03
4.493566134952540515e-03
5.046476167852516001e-03
5.904753401303496942e-03
7.093767668995065896e-03
8.496375387117914568e-03
9.964740401348480200e-03
1.135499762074941403e-02
1.274349823294111672e-02
1.422618973816421398e-02
1.553867636833228261e-02
1.669560938207902828e-02
1.755523874284160846e-02
1.842847674636421962e-02
1.922701506775776822e-02
2.013167995150839593e-02
2.097292718000613732e-02
2.147811480730463587e-02
2.179466382248205006e-02
2.193119043410473798e-02
2.168551964522580713e-02
2.106676252553720680e-02
2.015023892501051003e-02
1.890266996380703460e-02
1.772215548336020935e-02
1.679073104592168283e-02
1.591804132120553522e-02
1.484567531800189133e-02
1.367552798570403211e-02
1.244488855640059691e-02
1.105592957378401589e-02
9.534227950045029779e-03
8.206451134747404230e-03
6.898380622605617199e-03
5.591156513929721600e-03
4.485019094399213951e-03
3.471707388000152064e-03
2.826827819563278426e-03
2.528943838077594812e-03
2.586728474585242143e-03
2.879535795824999557e-03
3.035194064594828357e-03
2.820326038266313898e-03
2.071805861572803900e-03
8.348472048759398873e-04
-6.635955698628161203e-04
-2.013059017003759714e-03
