1.000000000000000000e+00
8.852524165860591321e-01
7.735139368487429223e-01
6.664694086874582979e-01
5.650198450972385711e-01
4.703539047133997730e-01
3.835824313032651922e-01
3.068977853192243477e-01
2.401991335279491102e-01
1.833583434101208609e-01
1.352196335293607277e-01
9.409830639964336663e-02
5.882898206641642980e-02
2.918292226228686934e-02
4.533605155459740146e-03
-1.503564219355904910e-02
-2.972984196761312842e-02
-3.984913870910691824e-02
-4.667263863920754347e-02
-5.101339664319730349e-02
-5.352223239667034532e-02
-5.490925900299550161e-02
-5.557418860682240142e-02
-5.506730219984212055e-02
-5.459088514197946163e-02
-5.332489351496335489e-02
-5.097861079241323284e-02
-4.735371170607725194e-02
-4.296338836579143006e-02
-3.865455330666216910e-02
-3.402046389978175683e-02
-2.958379107545475173e-02
-2.499214667286153366e-02
-2.094050789409450039e-02
-1.707507461445230065e-02
-1.395507964126694450e-02
-1.149191183345204571e-02
-1.019908947730273352e-02
-8.817575062430395294e-03
-7.602266617057970577e-03
-6.401938612621442537e-03
-5.358430874376243248e-03
-4.738173675764303060e-03
-5.235173159036026619e-03
-5.764786210223225155e-03
-6.177453417262167810e-03
-6.428142564888784591e-03
-6.272111261987582155e-03
-5.229697100899681136e-03
-4.358574362463802504e-03
