1.000000000000000000e+00
9.043424370961331560e-01
8.099120843456817376e-01
7.175281414228499299e-01
6.279839551754755611e-01
5.423298371751349434e-01
4.618979657970440633e-01
3.878762784923756035e-01
3.212829864707988925e-01
2.627584474203467635e-01
2.123608957276870435e-01
1.697083192763250148e-01
1.341764591477930535e-01
1.049614935394048848e-01
8.116100547957608158e-02
6.184066310553832518e-02
4.628559826246943926e-02
3.374251957723338469e-02
2.376192800499154004e-02
1.582388563874320350e-02
9.456003393815982580e-03
4.438123899543523418e-03
3.459188397174549844e-04
-2.998200388039921720e-03
-5.781191983176174783e-03
-8.027408422122971760e-03
-9.700620975901533272e-03
-1.074326510745013397e-02
-1.126986565544660715e-02
-1.125673071024183708e-02
-1.060169311222558704e-02
-9.548243676023525014e-03
-8.246337846794658116e-03
-6.728360629993956378e-03
-5.117325678121187500e-03
-3.429240325887605596e-03
-1.722476482924908741e-03
2.058621577541012201e-05
1.487077922821218806e-03
2.784566241132952619e-03
3.814709147093007374e-03
4.826323211627023615e-03
5.922035783920923807e-03
7.162578984117768353e-03
8.350830817348225618e-03
9.383498482558441656e-03
1.036523687206336933e-02
1.132504197369541867e-02
1.233796072857275272e-02
1.350658488491151069e-02
1.487366232589717313e-02
1.651038837402124884e-02
1.833061453429543283e-02
2.025578141197817775e-02
2.210159227134699672e-02
2.363478864668235035e-02
2.473514240912290732e-02
2.513173037391067122e-02
2.481115325529700474e-02
2.399412038660973107e-02
2.233474533222249217e-02
2.015550942172948320e-02
1.745795981000665756e-02
1.447132037968785166e-02
1.125210055742951847e-02
7.839169418028498967e-03
4.313030704424187199e-03
7.283779059677454809e-04
-2.761250024512894568e-03
-5.778676782316689679e-03
-8.081139809610509914e-03
-9.834738138064990851e-03
-1.107142390330730780e-02
-1.198265785785810993e-02
-1.259462984543528556e-02
-1.270490908648358452e-02
-1.236023655150139504e-02
-1.128919131627842409e-02
-9.410648181508609114e-03
-7.082995135187489591e-03
-4.441023601153990842e-03
-1.693296591074740969e-03
1.077136944393544075e-03
3.751405200663141676e-03
6.403447435220105226e-03
9.067147991111815242e-03
1.191847582762481719e-02
1.465320598953367102e-02
1.711549119124999158e-02
1.905648203804302318e-02
2.022681365423549885e-02
2.048662269742644593e-02
1.972370070033368020e-02
1.817353314454511412e-02
1.597717630461398253e-02
1.373103747471811874e-02
1.132236107512844814e-02
8.547940341408669096e-03
5.400085716916849451e-03
2.007115206097710366e-03
