1.000000000000000222e+00
8.870727188529249352e-01
7.777271685006335034e-01
6.731371565139808721e-01
5.743528612698697300e-01
4.828360235529151057e-01
4.002186885074139333e-01
3.276923311141082817e-01
2.650807683927016711e-01
2.119405221690795482e-01
1.668512206071093296e-01
1.286456264861642607e-01
9.642684872133969187e-02
6.946347796385857198e-02
4.682311218065042524e-02
2.813061598966002524e-02
1.298723597452934933e-02
1.215808600679298048e-03
-7.680000964911413118e-03
-1.428085116199523733e-02
-1.914686049612539590e-02
-2.252438065581558943e-02
-2.451577008184768758e-02
-2.539696996816341243e-02
-2.597368476464487902e-02
-2.602262090915825193e-02
-2.536845939986632700e-02
-2.384371049559041653e-02
-2.159975989589697776e-02
-1.901306721681072370e-02
-1.606273594287774276e-02
-1.339847138400239446e-02
-1.097426454676046076e-02
-9.330482507673492840e-03
-8.445861203306110482e-03
-8.496180364542211400e-03
-9.776934464072829789e-03
-1.260880605387302948e-02
-1.628871191610956060e-02
-2.042641852566920782e-02
-2.421236033888383987e-02
-2.727549939545373392e-02
-2.976355512157879274e-02
-3.178483546637325685e-02
-3.351453830413773233e-02
-3.441599155742652155e-02
-3.494538275793403898e-02
-3.491054636377709935e-02
-3.455595020151627783e-02
-3.435361938581579094e-02
-3.410840886887372969e-02
-3.399833509808114496e-02
-3.423321062966602074e-02
-3.464259731892466165e-02
-3.474460883364835495e-02
-3.477090713729864141e-02
-3.454399253982856632e-02
-3.393241724844697771e-02
-3.314272733043829855e-02
-3.205728637105683537e-02
-3.064979871763166830e-02
-2.851048150642094409e-02
-2.496716792037527444e-02
-2.001395451025556396e-02
-1.425317725855730459e-02
-8.258953773388462080e-03
-2.731804588738206627e-03
1.440261516507441390e-03
4.169331372557924693e-03
5.689613154831966307e-03
7.220164063857521103e-03
9.285702639334106334e-03
1.178589645748650931e-02
1.497303216802284287e-02
1.855305000789620948e-02
