1.000000000000000000e+00
8.816612783333416248e-01
7.661142733289914020e-01
6.548183697120687485e-01
5.488385371611900210e-01
4.490436261750179736e-01
3.571453007255505074e-01
2.752107891493745240e-01
2.037278607188731661e-01
1.422178131509730103e-01
9.010205226036945014e-02
4.773465095987843021e-02
1.445945601872707618e-02
-1.023284760802608412e-02
-2.765443598864428948e-02
-3.847903321688274370e-02
-4.291201014381421097e-02
-4.373605994296542870e-02
-4.178352300853468981e-02
-3.789187474730212196e-02
-3.274276760211820847e-02
-2.693119484869737137e-02
-2.094926363231218100e-02
-1.567139109243294998e-02
-1.130608902531713908e-02
-7.334922048418545878e-03
-3.082070650740559217e-03
1.036434748954875472e-03
4.396471530378265498e-03
7.182886584171915140e-03
9.293801158234639773e-03
1.061539854887791519e-02
1.039674083362998429e-02
9.519296569199722086e-03
6.578387640651618337e-03
2.919482163424040513e-03
-1.582120499379020351e-03
-7.706466387108167060e-03
-1.376656629714130900e-02
-1.939081801485413592e-02
-2.469616368099463236e-02
-2.969460493030279952e-02
-3.271262871703917163e-02
-3.340504253464627454e-02
-3.270263367862008552e-02
-3.206549075170393726e-02
-3.293853746763214518e-02
-3.470834824114610306e-02
-3.784286311127606911e-02
-4.083099188835119520e-02
