9.999999999999997780e-01
8.837404706799029119e-01
7.709728179906210066e-01
6.630443701514052712e-01
5.605720272694212358e-01
4.651649696533203815e-01
3.785078266398745339e-01
3.018576649948201407e-01
2.355394949898053647e-01
1.789928772157740600e-01
1.316300802244117774e-01
9.278752012560215201e-02
6.153976012132359591e-02
3.718612917970391674e-02
1.892158137110253047e-02
5.866835606341204608e-03
-2.851363460315622846e-03
-8.289090768325655528e-03
-1.118597056197134613e-02
-1.221665386930795294e-02
-1.210641243948912607e-02
-1.109925131695112081e-02
-9.632481053481797145e-03
-7.929961104906624314e-03
-6.254687464988565107e-03
-4.754313704446674199e-03
-3.391977225079151944e-03
-2.328075402104197791e-03
-1.733459417650039464e-03
-1.233333183747235395e-03
-8.732727416706324852e-04
-1.078785658209895299e-03
-1.738567634149693151e-03
-2.840633906157927734e-03
-4.424644192825807551e-03
-6.239395362012708016e-03
-8.364111852613431708e-03
-1.062132167017361753e-02
-1.236385900490424156e-02
-1.341039434660855519e-02
-1.394105992754165677e-02
-1.399306863124300318e-02
-1.360723703977077294e-02
-1.255756634120060167e-02
-1.080972461260976472e-02
-8.494672242418403046e-03
-6.030767385699791795e-03
-3.511978832405437782e-03
-1.068639861630566075e-03
1.440481042413183392e-03
3.824656191852791529e-03
5.955774524403600889e-03
7.536748750053680855e-03
8.357528092386660307e-03
8.328322790651002117e-03
7.766523107914020604e-03
6.571232046106584464e-03
5.155573986199996767e-03
3.640016612354235286e-03
2.110418226677955242e-03
6.070293305588541927e-04
-8.302539948338482018e-04
-1.837361287901765391e-03
-2.535329900878850479e-03
-3.133791320442765125e-03
-3.628197982118509888e-03
-4.240609088910263051e-03
-4.817962771400412583e-03
-5.432736930038218823e-03
-6.407608494746776934e-03
-7.362703253202944678e-03
-8.277186626974670711e-03
-9.137786488925894735e-03
-1.010217154293534779e-02
-1.105349501787680072e-02
-1.207470893655581898e-02
-1.297843399216928179e-02
-1.373701709837579603e-02
-1.428915210122890661e-02
-1.495207103248607193e-02
-1.590464161368814258e-02
-1.713914695756243653e-02
-1.884718349068076684e-02
-2.125924662416892388e-02
-2.389597384623159959e-02
-2.625035874470242614e-02
-2.823381579965894561e-02
-2.986440884037751958e-02
-3.123500329207942738e-02
-3.223628039596662664e-02
-3.316496567668729412e-02
-3.342298484077355081e-02
-3.305887671229253838e-02
-3.247671385513777043e-02
-3.151758421070841726e-02
-3.041903192388047128e-02
-2.911840320629980813e-02
-2.766799284982468174e-02
-2.631385991933045745e-02
-2.503180014621352381e-02
