1.000000000000000000e+00
9.003231773959685658e-01
8.017846250180400425e-01
7.050073811226889031e-01
6.112950975532737141e-01
5.217522134753637131e-01
4.382873018949444699e-01
3.620183399046779105e-01
2.937771397949410779e-01
2.342719987063665021e-01
1.838126165463750128e-01
1.420538806102908114e-01
1.084410781876032626e-01
8.101143098150510868e-02
5.903207329473592752e-02
4.070738378864155460e-02
2.543457513203536968e-02
1.262192601642930269e-02
1.973692553286381102e-03
-7.467901684100965859e-03
-1.532984734953150505e-02
-2.207372945240146031e-02
-2.788599115052226712e-02
-3.249791012946249419e-02
-3.608115899298735413e-02
-3.806185026308167574e-02
-3.893745275500196112e-02
-3.814372265252949368e-02
-3.613135899476382917e-02
-3.337059029271002147e-02
-3.038229832377875930e-02
-2.694547297798632543e-02
-2.370747598825209343e-02
-2.088220594493758048e-02
-1.854517820711994863e-02
-1.648841424367864308e-02
-1.568752236218918378e-02
-1.568039982946959135e-02
-1.641147337021373748e-02
-1.857887974468982323e-02
-2.252496796779487540e-02
-2.738784910136575490e-02
-3.319341569330133690e-02
-3.957507911663316058e-02
-4.666032040633272260e-02
-5.319350154898656868e-02
-5.874316383537354913e-02
-6.360701684531173961e-02
-6.748936933525684356e-02
-6.941847011928028999e-02
