1.000000000000000444e+00
8.783563779357727030e-01
7.596996275165868173e-01
6.447569270663495722e-01
5.350130625305854482e-01
4.313749955544486925e-01
3.362075988211165045e-01
2.515874882684021041e-01
1.775875890569773297e-01
1.135908921731001719e-01
6.286931442018751925e-02
2.269383305258683078e-02
-7.651363302962960709e-03
-3.073146001548377262e-02
-4.832261559752690921e-02
-5.860945517871173766e-02
-6.065081244968616170e-02
-5.986119653560156850e-02
-5.555492426221687874e-02
-5.113351678595908639e-02
-4.518452912606814309e-02
-3.720211828025771217e-02
-2.834933563250253627e-02
-1.958795475272110190e-02
-9.312062621288447195e-03
