9.999999999999997780e-01
8.818318003355613000e-01
7.669151173885850881e-01
6.567763942935662680e-01
5.521899455317742511e-01
4.547650538457917446e-01
3.667646297327141203e-01
2.898520159498099713e-01
2.244313079414950451e-01
1.699567344588452100e-01
1.256425761643415462e-01
9.005370899766899917e-02
6.159418883552058438e-02
3.937751151865501870e-02
2.287052249783960364e-02
1.106171175244773965e-02
3.358642277638907315e-03
-1.205996190860306053e-03
-3.499935750995557867e-03
-4.030635032989730165e-03
-3.298156048063736589e-03
-1.613712587941779899e-03
8.711906065834543493e-04
4.138658453067058617e-03
7.962492007930758314e-03
1.156182867801297705e-02
1.495686899979601497e-02
1.779454606387823046e-02
1.956156673322078862e-02
1.987136771242271893e-02
1.886513258683279737e-02
1.715541052050139834e-02
1.476234245973835624e-02
1.241945139499762117e-02
1.029565627826932624e-02
8.760842481038462123e-03
8.055192139889612996e-03
7.801976080604282326e-03
8.053376404364697219e-03
9.111054220337875056e-03
1.071315632176048777e-02
1.246643750094712268e-02
1.431277644774131726e-02
1.581446009851206549e-02
1.661073900900378320e-02
1.696457292687527860e-02
1.696926410262838622e-02
1.713741138689605856e-02
1.683595132151150670e-02
1.600280629350806644e-02
1.453976239174924537e-02
1.263169052097557962e-02
1.053396399193067337e-02
8.718723612745853460e-03
7.679730248005133854e-03
7.463145214548571639e-03
7.578086133513173978e-03
7.910605932494608680e-03
8.567377261499146274e-03
9.587853144783701001e-03
1.098207970985795763e-02
1.210303589316188283e-02
1.244638077759728512e-02
1.189504257295194087e-02
1.081782352494090570e-02
9.123577813570810449e-03
6.494245309622589772e-03
3.630361104275966252e-03
1.433074679101039185e-03
-5.676793319622248636e-05
-6.467086487150911552e-04
9.738310577034923826e-05
2.073411400070802706e-03
4.943308986061867999e-03
8.284794825617350367e-03
