1.000000000000000000e+00
8.558542258136883074e-01
7.153978341764721804e-01
5.841127633936089580e-01
4.644846427239695541e-01
3.600304127606557270e-01
2.682721917255962429e-01
1.910649567999625764e-01
1.323008850157634808e-01
9.150826914733101169e-02
6.178659497057218536e-02
4.897434422312381408e-02
4.887709086795993807e-02
5.750401133260928804e-02
6.858788533259735365e-02
8.080126632312770174e-02
9.444811076417752860e-02
9.939759911956648486e-02
9.950119711105769038e-02
9.697872128444180728e-02
9.318829728034810911e-02
9.266934335690672764e-02
9.633053477283387567e-02
1.022566844297150557e-01
1.113102297015870767e-01
