1.000000000000000000e+00
8.850857877027840104e-01
7.732894836803506644e-01
6.658974894250838661e-01
5.637725072125240322e-01
4.686259563711703824e-01
3.820691905106578523e-01
3.057149783438237178e-01
2.400741766145332856e-01
1.848566139631968586e-01
1.390788531745185685e-01
1.017521421021445466e-01
7.210318855190896159e-02
4.902887302163334154e-02
3.164026832685931656e-02
1.903262016279760188e-02
1.040374629365140718e-02
4.880193652599027453e-03
1.782566557651590238e-03
6.389791998843700376e-04
7.177264158330081290e-04
1.501606961361759678e-03
2.561710529762784450e-03
3.814061878957226981e-03
5.074106040601535257e-03
6.373658366016818344e-03
7.632233029148076733e-03
8.365349510485948006e-03
8.406919972577956215e-03
8.114330208364901181e-03
7.629375384832426214e-03
6.883643099498076498e-03
6.134014727248404859e-03
5.330931629140524090e-03
4.537079200834330354e-03
3.940298683893880827e-03
3.537178176044048893e-03
3.007809063712361519e-03
2.590726785082222115e-03
2.372495579255520792e-03
2.323497794149872921e-03
2.412054764471737930e-03
2.599726737103383225e-03
3.091641069182466620e-03
3.876212700961979406e-03
5.051572346094754251e-03
6.533624587796469513e-03
8.234707916737379549e-03
1.003388232284957785e-02
1.205918918377254026e-02
1.440023821543898186e-02
1.704723798061187623e-02
1.951300206317983441e-02
2.132911234914397144e-02
2.221924858705024916e-02
2.241172186153068957e-02
2.199443328933026187e-02
2.098751154551849532e-02
1.958330972096740050e-02
1.803825194772769314e-02
1.663925356611895695e-02
1.557386071622706737e-02
1.483416406234872552e-02
1.444256793667524422e-02
1.387213635051534957e-02
1.285154510913178068e-02
1.146440130631220557e-02
9.833795832403572496e-03
7.876526572768860132e-03
5.902951364008856942e-03
4.117900743898864242e-03
2.530624830598432028e-03
9.839322599717009298e-04
-4.017757025167046346e-04
-1.498954410082246631e-03
-2.408642094592629637e-03
-3.079900759231393031e-03
-3.422712546888556640e-03
-3.477878510001443206e-03
-3.296194384237312661e-03
-2.755790352935336054e-03
-2.025205239605403634e-03
-1.073006835523841783e-03
1.297350838489342694e-04
1.621065037131172578e-03
3.354839238072787264e-03
5.207127579615015468e-03
6.982955546308338736e-03
8.874560549459752090e-03
1.096895239098998401e-02
1.305196960420505065e-02
1.477586133610596895e-02
1.600085148092673243e-02
1.657802780759767836e-02
1.622455703864693344e-02
1.499554878259044301e-02
1.350048003783504980e-02
1.152846506954402842e-02
9.351629514915199212e-03
6.896562950620122728e-03
