9.999999999999997780e-01
8.791067669555684416e-01
7.614878126659457847e-01
6.484884744784327193e-01
5.412041668711211617e-01
4.416908238809647003e-01
3.517562518804045468e-01
2.732071550487278899e-01
2.070258907604888565e-01
1.529959143430344448e-01
1.096752003530838543e-01
7.568517744113392731e-02
4.997799321519779542e-02
3.083215216900782665e-02
1.716509583641604927e-02
8.747727927551299937e-03
4.601836279157636884e-03
3.430616972257258691e-03
4.668716202685192253e-03
7.656866745585043377e-03
1.132348512208774388e-02
1.537005596086631586e-02
1.943841065988658259e-02
2.318296836673146982e-02
2.641859125821398313e-02
2.908911077892768413e-02
3.080499601166841739e-02
3.125338600907446446e-02
3.015774997627056545e-02
2.822980710979512003e-02
2.583082218854522091e-02
2.329280928868777620e-02
2.051911066534772496e-02
1.738385532929986529e-02
1.404591779270364209e-02
1.087233569692860197e-02
7.820900785447063713e-03
4.894855903859589644e-03
2.138157730772858364e-03
-1.151998522585905699e-04
-2.089172311023384382e-03
-3.581398309381426687e-03
-4.685504354902021024e-03
-5.094913364920294029e-03
-4.881118140957770024e-03
-4.098487100364638092e-03
-2.716037870500375047e-03
-7.365333346290502082e-04
1.956030515209779882e-03
5.424101610005924862e-03
9.653053684489303760e-03
1.418177479347209995e-02
1.801802378512840433e-02
2.092553538324902832e-02
2.254176255665286260e-02
2.323076847990647453e-02
2.318063546006995587e-02
2.261809301307062328e-02
2.138845771544358940e-02
1.982783282543299982e-02
1.848092710170038885e-02
1.751885715443713201e-02
1.706884741799962260e-02
1.717250952660053995e-02
1.676528497202015716e-02
1.524071002430291318e-02
1.245287337874853052e-02
8.100461597285033705e-03
2.655328609067154986e-03
-2.390964574102682257e-03
-6.424302390627053064e-03
-9.377439839783580783e-03
-1.162660863887965586e-02
-1.334368079454401404e-02
-1.462232408403970653e-02
