1.000000000000000444e+00
8.990271330697808816e-01
7.991352200416997897e-01
7.013245167616098952e-01
6.065735130299741984e-01
5.159639517378304951e-01
4.309974331281546389e-01
3.530749201896938305e-01
2.833262455434656935e-01
2.225241170940566726e-01
1.708599168376101207e-01
1.279753856498469511e-01
9.311555281809225093e-02
6.564976147878948121e-02
4.434810270984379521e-02
2.804854072520872321e-02
1.599488111526188930e-02
7.295456797237272369e-03
1.267848579396959902e-03
-2.968143668594139164e-03
-5.993104595747332508e-03
-8.095419070791675872e-03
-9.493524425985345669e-03
-1.041020320053150094e-02
-1.095081579732332284e-02
-1.122552280445741207e-02
-1.145346920777248756e-02
-1.156670022990973282e-02
-1.163500821055675830e-02
-1.139445583968715960e-02
-1.086298447927585946e-02
-1.006453309334253907e-02
-9.430989166674496119e-03
-8.868813637099032948e-03
-8.294191237903907749e-03
-7.809006448180074930e-03
-7.509971585551359838e-03
-7.445453452247158439e-03
-7.663721145616817290e-03
-8.166794038215116625e-03
-8.834434987834177688e-03
-9.533509593995995526e-03
-1.024540720908671300e-02
-1.117900171238542066e-02
-1.255053517942942252e-02
-1.430502008193017434e-02
-1.646826383676717326e-02
-1.870219154515861612e-02
-2.066396243071285527e-02
-2.199195140642925053e-02
-2.256743983170339529e-02
-2.214982761747968584e-02
-2.092686558677404537e-02
-1.916189045081172215e-02
-1.704374240762610015e-02
-1.489926536245844181e-02
-1.282238441225892929e-02
-1.085257136591987609e-02
-8.983981709458301393e-03
-7.531227866718026055e-03
-6.495745769440039279e-03
-5.889552727231250201e-03
-5.991941843527943436e-03
-6.497611750321897854e-03
-7.473937944319428150e-03
-8.574802106848031583e-03
-9.759259034324944959e-03
-1.100952365758653059e-02
-1.204248157420194712e-02
-1.263028065937266999e-02
-1.291317970815889123e-02
-1.289220024682677553e-02
-1.227407406880673228e-02
-1.113863107662471479e-02
-9.604779096607058211e-03
-7.885646618101900887e-03
-5.791929707726240807e-03
-3.374047761305163685e-03
-5.631279772814515826e-04
2.373820136862411171e-03
5.423378070253065918e-03
8.537379964676796232e-03
1.149575299765083318e-02
1.433475580083440164e-02
1.673826024922187364e-02
1.896334961551046291e-02
2.081439261204130059e-02
2.221200236633561614e-02
2.316552349774520653e-02
2.341500455670781841e-02
2.314578313620254887e-02
2.247511269885843141e-02
2.142381756912951213e-02
2.017682920376104305e-02
1.845316847128499263e-02
1.646346123209345425e-02
1.437008557980795458e-02
1.235188552428251145e-02
1.042543552224949738e-02
8.677386205785867987e-03
