1.000000000000000444e+00
8.802915137406746027e-01
7.642426115092599836e-01
6.532742239678214213e-01
5.482340221729978813e-01
4.508204903195294211e-01
3.630093329834135907e-01
2.861817247624292571e-01
2.206499039580318844e-01
1.658099948760554387e-01
1.206466458360623134e-01
8.404882156773434143e-02
5.485679910091376121e-02
3.194536757395798066e-02
1.429508373379597200e-02
1.212345204819198800e-03
-8.257223300494179186e-03
-1.470686503535351478e-02
-1.878196070678951266e-02
-2.093228001531837607e-02
-2.182397606263065254e-02
-2.155989489655943045e-02
-2.044919793573935635e-02
-1.881217190712543286e-02
-1.708816555164895459e-02
-1.530977302876604905e-02
-1.369677909309704490e-02
-1.233613302803006871e-02
-1.154131201427407126e-02
-1.122065498163218704e-02
-1.115661361326442461e-02
-1.162062581202649020e-02
-1.230942381261919925e-02
-1.310798542614453888e-02
-1.419417811686471929e-02
-1.558655033887780539e-02
-1.738067443521933500e-02
-1.938813143166212213e-02
-2.121753618287749305e-02
-2.231503304651039771e-02
-2.272707117702178065e-02
-2.231698300364851409e-02
-2.128044091440848412e-02
-1.936151866819307149e-02
-1.698531686539085650e-02
-1.428138995618137216e-02
-1.163612232454529390e-02
-9.132056807752539709e-03
-6.827746498065155080e-03
-4.716071543995696211e-03
-2.937624313655729652e-03
-1.400085058771930163e-03
-2.921776027217295318e-04
4.200434054344982467e-04
6.976265243771366748e-04
4.124973808270867215e-04
-4.339862348828404741e-04
-1.476722910501870271e-03
-2.467083055659718711e-03
-3.435866113601824656e-03
-4.680108178875413277e-03
-6.274264774492961834e-03
-7.662513456113667805e-03
-8.748683072560084831e-03
-9.863137265688879871e-03
-1.079565884586731681e-02
-1.154061278892867110e-02
-1.194191105756459148e-02
-1.183873567394218979e-02
-1.142403618140328675e-02
-1.046120360491792529e-02
-9.236831758081747584e-03
-7.769317618873590806e-03
-6.129549448703595742e-03
-4.448803540948301216e-03
-3.055945979500017135e-03
-1.834727577876792614e-03
-6.208773842908093914e-04
5.614059109552019602e-04
1.654259093991989043e-03
2.625796230420340913e-03
3.512531592077804913e-03
4.352217222728471321e-03
5.037210169700620174e-03
5.722285580442354469e-03
6.510273345931246770e-03
7.268023268817025255e-03
7.815071921858915416e-03
8.182215345061218809e-03
8.526748030915295290e-03
8.622585097134894197e-03
8.838269330336046004e-03
8.992058423572316800e-03
8.956052949863147275e-03
8.958857825610186745e-03
9.045434287357307854e-03
8.899224584518538456e-03
8.127369645281962152e-03
6.644780879524227191e-03
4.326735797601889873e-03
