1.000000000000000222e+00
8.994993677745395377e-01
8.038769678088399928e-01
7.133745627422752866e-01
6.278281746530276486e-01
5.486224683299490978e-01
4.753717998021905755e-01
4.097090703963897629e-01
3.513193619542130386e-01
3.006550454552250895e-01
2.581728308178382059e-01
2.225306094897430698e-01
1.932351642915518808e-01
1.715969547624043023e-01
1.558910791262024531e-01
1.445226892481659420e-01
1.352281529881405597e-01
1.292866200694576528e-01
1.238939499233088215e-01
1.167812983008494065e-01
1.072858891451407282e-01
9.724844669347694481e-02
8.590978465085186144e-02
7.464006969637988764e-02
6.432814069027176229e-02
