1.000000000000000222e+00
9.036058768116034257e-01
8.089210740989463133e-01
7.166812224149153865e-01
6.283616289022748713e-01
5.419697011148898458e-01
4.585663744228680172e-01
3.795014998545079288e-01
3.072272513719698783e-01
2.442754368493946782e-01
1.895457198329846826e-01
1.436286225318203214e-01
1.044646336781851481e-01
7.445830010033996360e-02
5.014661663000712089e-02
3.220465914661434920e-02
2.056896103910743970e-02
1.492049514291649351e-02
1.525821479010430574e-02
1.957560916701095791e-02
2.876142365591619413e-02
4.151412779738940240e-02
5.891699963893094055e-02
7.712425417559139185e-02
9.402649622786307670e-02
