1.000000000000000000e+00
8.970773256734663192e-01
7.952993701522099723e-01
6.954969145270977204e-01
5.986996188576575451e-01
5.059616925656210684e-01
4.188842052591743026e-01
3.389566529079302559e-01
2.675110398814778412e-01
2.051189887298511538e-01
1.519532097706067786e-01
1.079554578424431893e-01
7.215036405162418565e-02
4.417874778166044902e-02
2.259948073607015440e-02
6.345556202311329608e-03
-5.341209931322141342e-03
-1.349958079805284143e-02
-1.889489753705054023e-02
-2.235854091911775379e-02
-2.450238023902723966e-02
-2.566548872528801387e-02
-2.607234680675314664e-02
-2.558038286994650592e-02
-2.466359112811357390e-02
-2.315973241444202468e-02
-2.144979826731018349e-02
-1.974993177081588863e-02
-1.812452604802456888e-02
-1.634598253660575137e-02
-1.474120423375306632e-02
-1.348054423487669504e-02
-1.284592648086466810e-02
-1.250304379817104503e-02
-1.210606117967928663e-02
-1.188364136926200500e-02
-1.152165990821230404e-02
-1.102630511941128828e-02
-1.062025941296636418e-02
-1.048219236006925174e-02
-1.015359353718627532e-02
-9.695886614348869434e-03
-9.400503912549222976e-03
-1.002427238654273779e-02
-1.164066654572430172e-02
-1.410414138924337944e-02
-1.749108866390121364e-02
-2.154077374058345831e-02
-2.570639922522169676e-02
-2.959292616213282309e-02
-3.244667130325806781e-02
-3.381851276402556006e-02
-3.385511762425641447e-02
-3.298004838747461975e-02
-3.159181592605991157e-02
-2.992134428751043809e-02
-2.774554735049294604e-02
-2.515030393568323114e-02
-2.216244243465466737e-02
-1.920719632370813598e-02
-1.620698114061911582e-02
-1.338848001157187488e-02
-1.108607834523304449e-02
-8.728606208715123174e-03
-6.435472121462791455e-03
-4.171681323574428536e-03
-1.978209126721809999e-03
5.260641223506522707e-05
1.962532476922667496e-03
3.760893721842450358e-03
5.003307575261202629e-03
5.751212301447531337e-03
6.391686874919916619e-03
7.239964401724494590e-03
8.284634201291961320e-03
