9.999999999999997780e-01
8.820004415100830553e-01
7.671859550998125776e-01
6.568915853375228986e-01
5.527657506731280534e-01
4.557669690899138204e-01
3.676351626150780039e-01
2.889675193085637361e-01
2.208430451776204340e-01
1.623050759981226332e-01
1.132164982802944114e-01
7.372147977455646706e-02
4.321775462587523070e-02
2.099823832121643780e-02
4.674678157125613555e-03
-6.798054323053731758e-03
-1.464965791565656442e-02
-1.959812408466017966e-02
-2.304600355592800048e-02
-2.530532810889980083e-02
-2.714932766293117611e-02
-2.884889860303333983e-02
-2.987694311142664871e-02
-3.012015288783674583e-02
-2.913919907185413480e-02
-2.786368009440584950e-02
-2.578859339416500474e-02
-2.297300002123587107e-02
-1.953749011032895194e-02
-1.634780146065281312e-02
-1.260565536152079974e-02
-8.572699959896307870e-03
-5.204391364382237976e-03
-4.495965798908365882e-03
-6.021855688102728012e-03
-8.581863779056656330e-03
-1.235552217157894102e-02
-1.616243948356849841e-02
-2.048448847286723704e-02
-2.384134262166795470e-02
-2.726815340984962630e-02
-3.105991498100936846e-02
-3.512704246466569202e-02
-3.878505382170811810e-02
-4.195960899314180037e-02
-4.400669793031430216e-02
-4.498794583921107704e-02
-4.493006426314396368e-02
-4.388601476736005147e-02
-4.183890364963337161e-02
