9.999999999999997780e-01
8.853358819873448082e-01
7.741841637114956765e-01
6.676689426564037522e-01
5.665814119245896618e-01
4.725558714765845103e-01
3.874462735171192440e-01
3.124065292764056645e-01
2.477922202872449020e-01
1.928637763524543303e-01
1.470966533422199685e-01
1.096343147103790161e-01
7.956640272810143466e-02
5.611238716282046513e-02
3.832766002553350537e-02
2.532179876030471108e-02
1.622366782583309353e-02
1.031736745004903019e-02
6.948252093657636581e-03
5.518267704692972689e-03
5.534578489755089849e-03
6.625357682007888653e-03
8.515576497388627208e-03
1.072608305144258888e-02
1.297240326758296140e-02
1.491038142801216423e-02
1.640068829982297902e-02
1.731044402645235541e-02
1.740823147663795450e-02
1.698372019175721157e-02
1.625527837225771918e-02
1.486173826177973958e-02
1.304641440202772285e-02
1.074975981687219945e-02
8.110476291083867223e-03
4.995587310652067556e-03
1.302665764073646093e-03
-2.923757093208383638e-03
-7.333388483047769899e-03
-1.170492234255742121e-02
-1.582785842445752836e-02
-1.956926465093074968e-02
-2.301388855891820656e-02
-2.583570031197935865e-02
-2.773382513874892222e-02
-2.885161954644671276e-02
-2.913925323023721856e-02
-2.825991556751920181e-02
-2.648913821880932717e-02
-2.407304965637740296e-02
-2.127270707361661808e-02
-1.846284746020108308e-02
-1.595626994488532485e-02
-1.421015011081374312e-02
-1.319069553289879855e-02
-1.288409481921287333e-02
-1.350343916037312353e-02
-1.464330812843503068e-02
-1.597228126955503591e-02
-1.740613117887618994e-02
-1.873349142767766901e-02
-1.982116787183885523e-02
-2.058514648839825795e-02
-2.094430308824738948e-02
-2.126645360539407975e-02
-2.180328366706377544e-02
-2.274532157058121312e-02
-2.389021632669184950e-02
-2.517682836563797308e-02
-2.658685131123542447e-02
-2.755284519460569556e-02
-2.806205198662837033e-02
-2.803105956090091305e-02
-2.744299052684840562e-02
-2.613935033632696150e-02
-2.454799898600629540e-02
-2.269233364813450990e-02
-2.074358514983987156e-02
-1.865832376490255198e-02
-1.671402447740201469e-02
-1.492379657385304627e-02
-1.349099080442681294e-02
-1.263471270658408051e-02
-1.237510740985026982e-02
-1.272490180934155585e-02
-1.328900269837536563e-02
-1.399508370259156670e-02
-1.508010606281143598e-02
-1.673814445303528631e-02
-1.887540941430729258e-02
-2.139945397052498560e-02
-2.397556720795492036e-02
-2.638638104432922127e-02
-2.853442177639209376e-02
-3.011631038246639566e-02
-3.120350751338637346e-02
-3.164902459704821425e-02
-3.120676584034080478e-02
-3.010075891803439679e-02
-2.837237175795270794e-02
