1    6.401999999999997828e-17    2.3345334529876709718e-06    0.039838466337819511409    0
2    6.3762605932266313553e-17    2.3348252773284909938e-06    0.029918208730695731307    0
3    2.7111927889726000543e-16    3.5116863250732421227e-06    0.038920690879228579673    0
4    2.5094692536663787397e-16    3.511662483215332022e-06    0.03019546816459429267    0
5    3.4683961045086965666e-16    3.5117330551147457845e-06    0.033259055214062895056    0
6    3.1696127497354514952e-16    2.8259496688842770751e-06    0.018398658963968913399    0
7    1.0562277551888688978e-15    4.5155758857727050596e-06    0.029717712188191622302    0
8    3.6233999999999998711e-16    3.5122559070587155377e-06    0.030006481192098862637    0
9    1.1222704414221417864e-15    4.2051963806152338972e-06    0.026980084338982468495    0
10    6.2058775690708228487e-16    4.0973281860351562088e-06    0.028305887593534702351    0
11    1.7778007341491347083e-15    5.2637882232666015618e-06    0.017881768035999411059    0
12    1.626239999999999186e-15    5.9254961013793941028e-06    0.030380780194631844954    0
13    4.233016859544169423e-15    6.2317595481872556913e-06    0.026131359610876470773    0
14    8.4148166650582168926e-17    1.5031335353851317454e-06    0.036659545581785073221    0
15    8.3028000000000005327e-16    4.5158505439758294872e-06    0.013736076843859771832    0
16    1.9731431133628526884e-15    6.2311992645263670546e-06    0.014267643479535626477    0
17    1.5999999999999998063e-17    5.0110286474227907924e-07    0.038000944131941591375    0
18    4.118108197998822886e-15    7.5283436775207519681e-06    0.022566692470645900032    0
19    1.5371275208239212808e-15    5.6856412887573237833e-06    0.024756867112073900616    0
20    1.4878481347418419639e-15    4.6157383918762205885e-06    0.034165467457598977519    0
21    5.8919112705109591058e-15    7.7761998176574710509e-06    0.022040872656259088286    0
22    1.9999999999999997579e-18    5.0015753507614138481e-07    0.059999999999999879818    0
23    6.3301704249302015812e-15    7.208334922790526878e-06    0.021818584421346678276    0
24    8.359380490346451612e-15    8.9688558578491209592e-06    0.01835652598674479552    0
25    3.0765362755900829196e-16    3.1149072647094723738e-06    0.0092085349123156440276    0
26    1.7954999540253774345e-15    5.2630214691162104877e-06    0.017913522599495326076    0
27    4.964275067155691381e-15    7.7758574485778799383e-06    0.019734608006084255333    0
28    1.3999999999999999461e-17    5.008665323257446027e-07    0.036205058303400101949    0
29    1.8041637470777738659e-15    3.8724381923675538786e-06    0.014997803447422096423    0
30    1.2473999999999999168e-15    7.0107836723327635915e-06    0.024493318932556941425    0
31    2.4931973371810474147e-15    6.2318067550659180464e-06    0.028466414454654677402    0
32    6.0415974266113594986e-15    6.2319626808166498169e-06    0.018688400648354679817    0
33    4.8965290051124845567e-15    7.652848243713378354e-06    0.013798702181895692448    0
34    3.5144099951819443072e-15    6.8057742118835450076e-06    0.028075551315013064918    0
35    2.160164684487547205e-15    4.9030117988586425124e-06    0.025984843652263302921    0
36    1.4362788855446285274e-15    5.1754326820373535209e-06    0.009971805284688935872    0
37    6.8495927348478262067e-16    3.5124251842498775914e-06    0.034212328177670683904    0
38    3.1051078106967662089e-15    6.0027103424072260899e-06    0.031510724363706436868    0
39    2.6151449972304158752e-15    4.9033651351928708652e-06    0.017263676617360654286    0
40    2.7213319894136026353e-15    5.263410568237304415e-06    0.026511259438049130516    0
41    1.5866296227644991221e-15    3.8729557991027826642e-06    0.032904030662560666831    0
42    6.1359472051235343885e-15    7.1423988342285153123e-06    0.016109554660122874653    0
43    5.2241664729325285789e-15    6.2317914962768551076e-06    0.012981302684677429454    0
44    8.8716712362122122085e-16    4.7133560180664056514e-06    0.014536980333296853352    0
45    1.2392386404719591556e-15    5.263706684112548865e-06    0.024267996341024746648    0
46    3.5484200978254541944e-15    5.2634611129760742351e-06    0.024568880471675352828    0
47    1.2999999999999998619e-17    5.0063019990921023203e-07    0.014224047541650410367    0
48    6.5168536090249966364e-15    8.8074722290039055743e-06    0.022400073623411547591    0
49    2.1740848163713032783e-15    4.902868270874023215e-06    0.0333299759604137949    0
50    3.9378974400841375566e-15    6.5247993469238280685e-06    0.019745566447586213737    0
51    3.3543826707932317869e-15    6.5956640243530274045e-06    0.027490131927143623275    0
52    1.263371366399253871e-15    3.7561259269714355612e-06    0.033090895804615244602    0
53    1.9999999999999997579e-18    5.0015753507614138481e-07    0.041666666666666671293    0
54    3.3569032319885566137e-15    5.3508667945861810187e-06    0.026220892856186211323    0
55    9.3488999999999969616e-16    5.1755485534667965594e-06    0.022634650054566381877    0
56    4.9007399014793240861e-15    5.603212833404540664e-06    0.01974365356345289188    0
57    3.1417336629433094628e-15    6.5245814323425288503e-06    0.024669286261127847115    0
58    1.390064546230755857e-15    4.9948740005493160563e-06    0.034709426130850123959    0
59    1.5214518460506104409e-15    4.9025149345397948621e-06    0.014066501346879695458    0
60    4.2545789657853409993e-15    6.5240340232849122271e-06    0.034596238505965902499    0
61    1.5413002867176209344e-15    5.9237470626831053558e-06    0.02438553262920613654    0
62    6.7104027726095461884e-15    6.5245823860168453899e-06    0.013503924431576812965    0
63    2.6177394692962732693e-15    6.5236940383911128869e-06    0.021187626718829000866    0
64    2.6576606963357479497e-15    4.6160101890563962445e-06    0.013554653314832600802    0
65    1.9852618894205563167e-15    6.2316346168518059505e-06    0.021064919946282369828    0
66    1.6522886486836314759e-15    5.2631845474243158813e-06    0.032215161715271160847    0
67    1.7132775731446393311e-15    6.0028152465820310411e-06    0.029658215546854691663    0
68    3.0577997229904882302e-15    6.0805521011352538582e-06    0.02114834548314024204    0
69    2.9758961400390470411e-15    6.6666002273559570425e-06    0.02474293757937716734    0
70    9.8512416785234586784e-16    3.6351528167724608951e-06    0.029762926390658518    0
71    8.8238816034794560368e-16    5.5198626518249512395e-06    0.029984461593306466903    0
72    4.4999999999999991664e-17    5.0094532966613767181e-07    0.055075070358272255888    0
73    7.9949415937207484579e-16    3.6348011493682858512e-06    0.030644881930531379932    0
74    8.7193500357330436399e-16    3.6352698802947998198e-06    0.024827268632649189539    0
75    1.4104518778129351353e-15    5.5204391479492185074e-06    0.013201769741645752107    0
76    2.0846100000000001636e-15    7.6534714698791501307e-06    0.023774885784370983904    0
77    2.3840118998386628705e-16    3.5114033222198486093e-06    0.032304778776068951429    0
78    5.8721498332664696866e-16    3.8720903396606445694e-06    0.030596540220938432675    0
79    4.5899117177430178282e-15    8.3071241378784183175e-06    0.011422809572265451086    0
80    4.8263397148710722225e-16    2.5075616836547852204e-06    0.042239531021672334365    0
81    3.0784926238791998134e-15    5.6853280067443841625e-06    0.014941435160795416351    0
82    1.5873294614976486794e-15    3.7562508583068844549e-06    0.02549279668317038644    0
83    1.038302501831397738e-14    8.4770364761352534524e-06    0.013493031422376303152    0
84    2.1936169067892620618e-14    1.1206451416015623661e-05    0.019381045888119275561    0
85    5.755599238165616007e-15    6.5238184928894039344e-06    0.0085953774877642226404    0
86    3.6069832108979306921e-15    5.5203170776367183853e-06    0.028550164552755618458    0
87    1.4748018648862816403e-15    4.6150159835815430978e-06    0.025049507592908110132    0
88    6.1797957495881435426e-15    5.603209495544433199e-06    0.011834646919643828852    0
89    7.1431027504846891047e-16    6.0797109603881837104e-06    0.031339427314076122311    0
90    1.0234000136126955073e-14    7.4017786979675285995e-06    0.020482197316362634604    0
91    1.0726429972082779204e-15    4.9029855728149414863e-06    0.010393683551217565431    0
92    4.822945850904391916e-15    8.5330667495727535835e-06    0.0089893853633581741885    0
93    4.5019747205886385444e-15    5.9251265525817871187e-06    0.024240546633630850881    0
94    1.829999999999999661e-16    1.9553638696670533352e-06    0.037852999301176082358    0
95    1.3999999999999999461e-17    5.008665323257446027e-07    0.050503541649315218665    0
96    7.3940984318717518378e-15    6.5241346359252923268e-06    0.023449271760951045929    0
97    1.1139621490292392757e-15    4.515700340270996107e-06    0.025413280203161164872    0
98    2.0070450552230794576e-15    4.9030694961547851085e-06    0.028225454565041503685    0
99    2.1048187062159135068e-15    5.350963115692138808e-06    0.024516607591420210704    0
100    6.6191686213349402881e-16    3.6366333961486814511e-06    0.032199460184876439739    0
101    6.3599999999999988218e-16    1.9551048278808591722e-06    0.036804226703503008233    0
102    3.2605277271435494199e-15    6.2317781448364252479e-06    0.024655485060297722966    0
103    4.6679053442787995028e-15    7.5911297798156738485e-06    0.026838820993768389839    0
104    4.4878567976740405669e-15    5.9251589775085443813e-06    0.010030216617597153758    0
105    1.8236274739353119803e-15    4.5164341926574703783e-06    0.025541559722803433563    0
106    9.7057109499734180687e-15    8.5327272415161129366e-06    0.01607533290793061384    0
107    7.028605588745364498e-15    7.010094642639159903e-06    0.014986961817791464788    0
108    9.3984218612477506054e-15    8.5334873199462890809e-06    0.021885043162706164371    0
109    7.8825291651762126617e-17    1.5031447410583496028e-06    0.0093294905031226400827    0
110    2.6817165895629796789e-15    7.5287795066833495573e-06    0.024573040214855745161    0
111    1.267860000000000056e-15    6.0799026489257810554e-06    0.032153787576540131254    0
112    9.4999999999999990619e-17    1.5028566122055052186e-06    0.010568747316812655834    0
113    9.820799999999993842e-16    6.6670212745666503862e-06    0.024100992900678241959    0
114    6.6894269480053991938e-15    7.1433906555175775337e-06    0.021280262681161964816    0
115    7.6163999999999969127e-16    5.2638812065124510392e-06    0.026503203027106854439    0
116    1.1263165092463461203e-15    5.1758036613464348909e-06    0.02893214958063242831    0
117    1.1064486941736836844e-15    4.6161274909973145158e-06    0.02773206052119589482    0
118    7.5149437922451493148e-16    5.6848835945129394114e-06    0.024919728260414213128    0
119    2.9612316765785902415e-15    8.5329923629760736628e-06    0.030289562657026057602    0
120    3.5059429769758245945e-15    4.9954800605773926623e-06    0.0093832867869700284369    0
121    1.1048400000000002193e-15    5.3504924774169921838e-06    0.028851589936934589342    0
122    3.6333483268181382835e-15    5.4363403320312497191e-06    0.01982994689558866333    0
123    4.9791391822951506073e-15    7.8970799446105958161e-06    0.0080033193757185969175    0
124    1.0466744166481327933e-14    7.3377594947814938722e-06    0.016187253920419884812    0
125    3.7094934461743721266e-15    6.0036334991455076279e-06    0.007620711010972339855    0
126    7.6230277811824322348e-15    7.836894989013671765e-06    0.021000598714263477018    0
127    2.9999999999999994443e-18    5.0023633241653445392e-07    0.027777777777777720725    0
128    5.0261139073385892225e-15    6.6659870147705076605e-06    0.016895923258337532114    0
129    2.3112128322520292883e-15    5.9250717163085932942e-06    0.027008648297537664329    0
130    1.6647795405945864435e-15    5.6851987838745112643e-06    0.02830299211856949701    0
131    1.8182938610965544294e-15    6.3058757781982421989e-06    0.028077695265968205529    0
132    1.8241031884335884991e-15    4.9030241966247558325e-06    0.030285446261555701297    0
133    4.3680576117976482049e-16    3.6352388858795165195e-06    0.032857384216626921158    0
134    1.1772205327931746038e-14    9.5377655029296864048e-06    0.022348770699288682956    0
135    6.9390875725908365021e-16    3.5120699405670165829e-06    0.0090577624970795290321    0
136    3.328901499083089854e-15    6.231759071350096998e-06    0.021796908171537489329    0
137    3.8264152156446954275e-15    7.5286641120910643651e-06    0.019804403372722084037    0
138    4.0551684169745907029e-16    3.7553372383117674654e-06    0.038494263068339515388    0
139    3.1999999999999996126e-17    9.1614234447479243629e-07    0.036413453614607113606    0
140    9.4011797719001252138e-16    4.6153259277343744067e-06    0.012590614837472122872    0
141    9.8409907114461895729e-16    4.2049779891967768329e-06    0.020394133908070280481    0
142    2.4074493768381825951e-15    7.836950778961181282e-06    0.027791893799927008118    0
143    6.6432748403450164889e-16    3.7557201385498043092e-06    0.023719167549026722724    0
144    1.0440908547987738255e-15    4.0964694023132321968e-06    0.025241560899455933037    0
145    1.8999999999999997507e-17    5.0070899724960330114e-07    0.03865737530177742326    0
146    5.5974242330508613473e-15    7.0769920349121086595e-06    0.018982588675321696026    0
147    2.2968992168539344094e-15    4.4146385192871091409e-06    0.022993380580011137104    0
148    7.4680578306760146534e-16    3.7557697296142575897e-06    0.035476014579263130677    0
149    1.1999999999999997777e-17    5.0094532966613767181e-07    0.020595624521973460858    0
150    2.7177562792765156353e-15    4.9028296470642088688e-06    0.030721289977235183982    0
151    4.8403313716805183289e-15    7.4020290374755859272e-06    0.024697082687272040036    0
152    7.8267927628003803036e-15    7.4022741317749018639e-06    0.020150492539813078668    0
153    3.9755055965814671149e-15    6.0807175636291501772e-06    0.012865796876609334257    0
154    1.130700843155741277e-15    4.5160527229309079203e-06    0.030310496500855318297    0
155    1.6402633036716307616e-15    5.9255418777465820721e-06    0.022075152288280101842    0
156    9.5417936147073587581e-16    5.6852970123291012857e-06    0.027415127589291606036    0
157    5.4321790671669441269e-15    6.8067336082458491193e-06    0.023829913309208521077    0
158    2.4251905478538902697e-15    6.8742661476135251265e-06    0.025658713094728165943    0
159    1.7602657524519574643e-15    4.9018487930297847347e-06    0.022674835633808201191    0
160    6.8062728131419765268e-15    8.1917657852172850682e-06    0.016736930600865736196    0
161    3.2627599254804630353e-15    5.6855034828186028762e-06    0.021944670776556644831    0
162    9.2193011969115933094e-16    3.6346223354339596726e-06    0.029712840373476556016    0
163    5.0883350538608064289e-16    2.3349320888519286006e-06    0.0078301991858884777142    0
164    2.2180083953727101706e-15    6.5240249633789063719e-06    0.023584828822807015619    0
165    1.602942731156053679e-14    8.8083534240722644542e-06    0.014564876122539123851    0
166    7.6444581962530273571e-15    6.0799922943115230678e-06    0.0076944232185751897796    0
167    1.3749213199674975739e-15    5.1754217147827145866e-06    0.025437113925095854866    0
168    1.0772637808274774075e-15    4.9023871421813963498e-06    0.029142685491044595381    0
169    6.8485119603861460044e-15    6.0031824111938470999e-06    0.017717081970356398507    0
170    7.4359135743555849659e-15    9.2318506240844721655e-06    0.017677704229375913042    0
171    7.6927334086748904298e-15    6.5251989364624022368e-06    0.0059117782756406712236    0
172    1.2423060357156011578e-14    8.6988458633422839736e-06    0.013527014572248755725    0
173    3.3916853651521828484e-15    6.1560020446777341595e-06    0.021099171939308811186    0
174    5.2299755171126569245e-15    6.8052296638488763089e-06    0.010130336528056648956    0
175    3.7347686753059036776e-15    5.9249010086059564312e-06    0.023418578345411587144    0
176    6.5877862072846748913e-15    7.5906815528869629392e-06    0.019023544450990078486    0
177    1.7921143504728493911e-15    5.8464665412902827636e-06    0.011562479389917376671    0
178    7.9999999999999990316e-18    5.0063019990921023203e-07    0.045552057297323922391    0
179    5.2949712325977003321e-16    3.1155691146850584968e-06    0.028429699600322346636    0
180    3.5825841948660221937e-15    7.0763783454895014312e-06    0.02354377215455936978    0
181    8.7459433610422973264e-16    3.511192083358764321e-06    0.006107143018735673376    0
182    1.7576827765716510227e-15    4.4144277572631835459e-06    0.028348943091346324313    0
183    2.2963142755422448956e-15    6.5237593650817869524e-06    0.017197090182251448254    0
184    1.0010923313130607885e-15    3.6361579895019529762e-06    0.011522140078709908542    0
185    6.9167999999999983242e-16    4.5153822898864746355e-06    0.026768132014811148872    0
186    6.2577912431388231504e-15    8.1340484619140627907e-06    0.021202320652011653196    0
187    8.1961305457279579097e-16    4.5156507492065428266e-06    0.031186914432066586977    0
188    3.2408981777412322832e-15    5.4359817504882808223e-06    0.019904749385452995269    0
189    3.4735917815194551453e-15    7.5283913612365721695e-06    0.024305836145560671957    0
190    1.3507693232333134428e-15    5.5205416679382325333e-06    0.02492119401612631277    0
191    2.1971285878761889573e-15    6.1565299034118646865e-06    0.025217758656094890063    0
192    1.0831060024778179139e-15    5.2633523941040039727e-06    0.025544750682650538276    0
193    7.7854505328375242236e-15    7.4023494720458983241e-06    0.016676171153774919931    0
194    4.6887350999665403025e-15    7.337945461273192827e-06    0.02328762480854022765    0
195    5.6158822376325050121e-15    7.4018487930297845157e-06    0.018400682740179818281    0
196    1.9773599999999994562e-15    5.8465976715087887409e-06    0.013705625074340511971    0
197    6.7016924229921679517e-16    3.6356620788574218655e-06    0.027027066081124300617    0
198    1.89088648903686324e-15    5.8461909294128417964e-06    0.023551318565046230197    0
199    3.0406200000000000925e-15    7.7760071754455554723e-06    0.026909886815976936242    0
200    6.3123132159534405874e-15    7.0099906921386714913e-06    0.011990876485699887566    0
201    1.6793114440702422294e-15    5.6850419044494629543e-06    0.026079464980973340871    0
202    3.8661060342454655358e-15    5.6029953956604001391e-06    0.01887807475663570364    0
203    6.1604672492213264418e-16    3.8724622726440424789e-06    0.031795486652659250837    0
204    6.9513530944992688393e-15    8.5323905944824210613e-06    0.025161740674492543562    0
205    5.1608491520127628124e-16    3.7562880516052244152e-06    0.033197838616427555181    0
206    1.5610898117093721697e-15    4.9027171134948724482e-06    0.034220714828246560912    0
207    8.849421963772065206e-16    5.3507752418518067741e-06    0.026661787193382691097    0
208    3.8936300173349564158e-16    3.6354374885559081411e-06    0.044296422272612698268    0
209    8.3951999999999988392e-16    4.902647018432617379e-06    0.029143997643842883133    0
210    1.4222999999999994654e-16    2.6706457138061521879e-06    0.046492350909897055267    0
211    8.3522999999999976885e-16    4.9031100273132325338e-06    0.043075529092305622769    0
212    5.7894341048964593787e-16    4.6161971092224117388e-06    0.034066509482118367824    0
213    9.6388562175862237705e-16    4.2046799659729001508e-06    0.028005550381368024548    0
214    3.458399999999998176e-16    3.6349279880523678241e-06    0.037691309453272647811    0
215    5.5082375992481116085e-16    3.6360187530517576832e-06    0.032411232586103837228    0
216    3.5423006591944408543e-16    3.9861941337585449495e-06    0.014024341634333062703    0
217    4.458299999999999889e-16    3.6353280544281002622e-06    0.024720847941617021121    0
218    2.0635851591055656477e-16    2.5075757503509518495e-06    0.031995925777119953171    0
219    5.5659999999999594437e-17    1.503444671630859364e-06    0.016449401926732925422    0
220    5.9764171205741843592e-17    1.5035829544067381173e-06    0.029507873035942461248    0
221    3.872499999999944843e-17    1.5030068159103392341e-06    0.039828259705236221389    0
222    2.5409999999999996525e-17    9.1649568080902100088e-07    0.032501544133821516636    0
