1    -1    5    0    7.9103519601622956545e-06    1.6240217391304346607e-05    1.6240217391304344996e-17    0
2    -1    8    0    4.6097722286464283873e-08    4.563674506359978503e-06    1.2960835598062335748e-15    0
3    -1    15    0    1.0939436619718308703e-06    1.4060563380281689106e-06    1.7575704225352113523e-16    0
4    -1    21    0    1.5214605958737859081e-06    1.6801015228426396306e-06    1.8481116751269033269e-16    0
5    -1    22    0    1.6156505654422670067e-05    3.7243896976483762713e-06    3.3147068309070547072e-16    0
6    -1    29    0    1.1164001363326516946e-05    6.3359986366734815207e-06    1.6917116359918193671e-15    0
7    -1    39    0    1.7222458031888627106e-05    5.5865314240254578543e-06    1.3742867303102622379e-15    0
8    -1    39    0    2.2346424022901384659e-05    5.5865314240254570073e-06    3.4077841686555287465e-16    0
9    -1    40    0    1.3548595648909899374e-06    3.2549126637554587787e-06    6.7376692139737988826e-16    0
10    -1    41    0    9.5385882416020071164e-06    3.0013479623824452068e-06    8.1036394984326013866e-17    0
11    -1    43    0    8.300000000000076175e-07    6.700000000000000438e-07    8.7099999999999991055e-18    0
12    -1    55    0    9.7107952595536665893e-06    2.9481936416184972216e-06    4.8940014450867050663e-16    0
13    -1    55    0    1.4494569900893909204e-05    2.9481936416184972216e-06    1.0908316473988438157e-16    0
14    -1    60    0    1.1085471484772656148e-05    6.1554681647940068901e-06    8.4945460674157284232e-16    0
15    -1    60    0    3.7060732968639944484e-06    6.1554681647940077372e-06    7.7558898876404500916e-16    0
16    -1    66    0    3.9248921078370859833e-06    2.4193966623876760085e-06    8.9517676508344006043e-16    0
17    -1    72    0    3.8932003024004677388e-06    5.0650361311839904702e-06    4.0165736520289043364e-15    0
18    -1    72    0    2.1753800532623781969e-05    5.0650361311839913172e-06    2.0766648137854364956e-16    0
19    -1    78    0    1.5170991728844843952e-05    3.1115135699373691931e-06    9.2411953027139872193e-16    0
20    -1    82    0    9.9881780639015667046e-06    4.2332845894263215124e-06    1.3885173453318335646e-15    0
21    -1    82    0    1.0093264192468079843e-05    4.2332845894263215124e-06    4.2332845894263217494e-18    0
22    -1    83    0    2.8064876593014560194e-05    8.0356774193548368476e-06    5.0624767741935476587e-16    0
23    -1    90    0    4.2078232125781242327e-06    3.1576367187499994502e-06    9.2518755859374972664e-16    0
24    -1    106    0    2.4553191489361738728e-07    1.2544680851063826507e-06    5.1433191489361688605e-17    0
25    -1    109    0    1.118033988749903018e-08    1.1068536488623931881e-06    5.755638974084445242e-17    0
26    -1    117    0    6.4730598243578085996e-06    5.32736389684813782e-06    1.2679126074498565018e-15    0
27    -1    117    0    1.5726139374579163838e-05    5.32736389684813782e-06    5.0077220630372492552e-16    0
28    -1    120    0    1.141433149683488145e-05    3.6272774596564285708e-06    2.9344674648620505104e-15    0
29    -1    124    0    4.4803398874990456239e-07    6.6999999999999993792e-07    2.0100000000000000899e-18    0
30    -1    125    0    2.4087178607390530012e-05    5.2257878068091824657e-06    1.2698664370546313338e-15    0
31    -1    131    0    1.2489540272090663861e-06    2.3911009174311919766e-06    4.0887825688073370544e-16    0
32    -1    154    0    1.6562330533479169422e-05    9.1135336194563671113e-06    2.0961127324749640264e-16    0
33    -1    163    0    1.779925568037658338e-05    1.0347680209698555419e-05    8.7955281782437708924e-16    0
34    -1    163    0    5.846454531003092699e-06    1.0347680209698557113e-05    5.7947009174311913139e-16    0
35    -1    168    0    1.2957980348331683422e-05    4.0787446890691376043e-06    5.0576434144457298175e-15    0
36    -1    169    0    1.2392802978810184221e-05    8.7318271954674203688e-06    1.1176738810198298798e-15    0
37    -1    169    0    4.5816997602269350371e-06    8.7318271954674220629e-06    2.8989666288951834057e-15    0
38    -1    169    0    1.7673664657554361771e-05    8.7318271954674203688e-06    6.8981434844192621698e-16    0
39    -1    174    0    2.4221256048737807513e-06    3.168044338875692834e-06    2.0719009976247029547e-15    0
40    -1    180    0    1.1758683744477131193e-06    2.5990488431876604221e-06    6.6275745501285331518e-16    0
41    -1    184    0    1.7162421726260703646e-05    3.6041379310344822786e-06    4.7214206896551713317e-16    0
42    -1    191    0    1.9375702783649507703e-06    4.3274117647058818573e-06    1.7396195294117643111e-15    0
43    -1    215    0    6.637941921191788092e-07    1.3977586206896552985e-06    8.1070000000000003882e-17    0
44    3    0    2.2258562418599444e-06    0    5.6003816793893123515e-06    1.1760801526717554255e-16    0
45    3    0    5.4109760933833052178e-06    0    5.6003816793893115044e-06    3.9202671755725174686e-17    0
46    3    0    5.3654744203413386948e-06    0    5.6003816793893106574e-06    1.1200763358778621339e-17    0
47    12    0    1.737495724730663197e-05    0    7.5298615635179150273e-06    4.0811849674267093768e-15    0
48    13    0    2.6260668116048968616e-05    0    8.2827827827827830997e-06    6.6262262262262273644e-16    0
49    27    0    1.171420069153040237e-05    0    4.2310180275715779196e-06    2.1155090137857887114e-16    0
50    27    0    7.6958424143049902917e-06    0    4.2310180275715787666e-06    8.4620360551431575571e-17    0
51    33    0    7.1618521283949536501e-07    0    2.9238697318007663858e-06    5.993932950191570548e-16    0
52    36    0    4.5948059509224538404e-06    0    3.6058037825059101372e-06    1.13222238770685555e-15    0
53    37    0    1.2816936916457821868e-05    0    3.833888888888889263e-06    5.2140888888888895044e-16    0
54    37    0    8.8645362103114043136e-06    0    3.833888888888888416e-06    7.284388888888886631e-17    0
55    37    0    3.1942304257014910769e-07    0    3.833888888888887569e-06    5.3674444444444422358e-16    0
56    49    0    5.0000000000001638864e-09    0    4.9500000000001198959e-07    9.9000000000002400628e-19    0
57    52    0    1.6382804303027347434e-05    0    4.3596642096642085405e-06    1.6392337428337419349e-15    0
58    57    0    1.597355034545780566e-05    0    2.6610948081264103884e-06    2.0224320541760713522e-16    0
59    67    0    2.7840000000000046005e-06    0    2.7160000000000003387e-06    6.436919999999999488e-16    0
60    69    0    7.5434986780720150978e-06    0    7.17857142857142715e-07    3.0149999999999994415e-17    0
61    76    0    2.3395849735082108195e-05    0    6.7910679611650488272e-06    2.1731417475728156359e-16    0
62    84    0    4.0904044038419378626e-07    0    3.3658767772511848374e-06    3.4668530805687202541e-16    0
63    85    0    1.7204939681828734137e-05    0    4.7096673189823865004e-06    1.4599968688845398633e-16    0
64    89    0    1.1239584109844533128e-05    0    9.1380997624703078433e-06    1.0965719714964366248e-15    0
65    89    0    5.7027223171855247874e-06    0    9.1380997624703078433e-06    5.2087168646080751016e-16    0
66    92    0    3.363673220832311651e-07    0    7.8166666666666655894e-07    9.3799999999999993923e-18    0
67    95    0    1.9543375724846934241e-06    0    2.1989743589743584991e-06    3.3864205128205116403e-16    0
68    98    0    2.3781352059921049771e-06    0    1.8938666666666665787e-06    4.261199999999999112e-16    0
69    101    0    2.0413243305819910455e-06    0    2.6756662354463131786e-06    1.2441847994825356039e-15    0
70    102    0    1.1164620119690323846e-05    0    9.0158159509202460096e-06    4.8685406134969325456e-16    0
71    102    0    5.8887040522904077113e-07    0    9.0158159509202460096e-06    5.1390150920245388684e-16    0
72    112    0    8.2595826114145415271e-06    0    2.1447434119278780188e-06    2.445007489597780752e-16    0
73    121    0    2.0770054844873853909e-05    0    1.0330588235294119087e-05    2.0867788235294119831e-15    0
74    123    0    1.1699977874398765954e-05    0    7.4637900223380483351e-06    2.6720368279970211302e-15    0
75    139    0    1.9902651505408328955e-06    0    2.0408637236084453962e-06    5.7960529750479836861e-16    0
76    144    0    3.7749172176353680357e-08    0    3.7371680454590232492e-06    1.1174132455922479299e-15    0
77    151    0    3.288575010664056395e-06    0    2.814702797202796423e-06    8.7537256993006954541e-16    0
78    160    0    2.6925824035672563458e-08    0    2.6656565795315803942e-06    1.9192727372627376833e-16    0
79    162    0    2.7918385985621190773e-05    0    8.223694751381213793e-06    3.9473734806629821246e-16    0
80    162    0    2.2569973428944425291e-05    0    8.2236947513812120989e-06    7.1875092127071789925e-15    0
81    166    0    3.366723948269004132e-05    0    7.2259139784946225811e-06    2.7313954838709666871e-15    0
82    166    0    9.9569262989449683929e-06    0    7.225913978494621734e-06    6.3588043010752668362e-16    0
83    175    0    4.6033988749909724185e-08    0    1.0720000000000000701e-06    5.3599999999999999829e-18    0
84    176    0    5.59016994374951509e-08    0    5.5342682443119775874e-06    2.4904207099403896444e-16    0
85    182    0    8.2050272850117457896e-06    0    7.0347233691164315892e-06    8.934098678777867502e-16    0
86    182    0    7.3961463205453948825e-06    0    7.0347233691164315892e-06    1.1888682493806767898e-15    0
87    182    0    1.4137191990623699893e-05    0    7.0347233691164307422e-06    1.0481737819983481056e-15    0
88    187    0    1.356965564299102992e-05    0    3.6131846344485746069e-06    2.4208337050805449249e-16    0
89    187    0    8.2295346478784533653e-06    0    3.6131846344485746069e-06    6.14241387856257616e-17    0
90    187    0    1.0955617649884907757e-05    0    3.6131846344485746069e-06    4.8416674101610898498e-16    0
91    187    0    6.3993075628018318649e-06    0    3.6131846344485746069e-06    3.6131846344485747102e-18    0
92    187    0    6.5480160820022229598e-06    0    3.6131846344485746069e-06    3.6131846344485747102e-18    0
93    194    0    1.0098804436496128565e-05    0    3.7305122494432065719e-06    4.8496659242761677773e-16    0
94    199    0    1.8888071115191385385e-06    0    1.7891233333333329077e-05    1.0376915333333331617e-15    0
95    199    0    3.0904138986795977231e-07    0    1.7891233333333329077e-05    6.9775809999999977237e-16    0
96    205    0    3.8173238345604898773e-06    0    2.9094881889763776115e-06    9.1648877952755874874e-16    0
97    2    34    8.5783934995386868308e-06    1.5006947960618839479e-05    7.0614069446464424674e-06    1.2710532500363597055e-16    0
98    2    44    8.6769080880992362616e-06    2.5708100188124803338e-05    6.845443030715069613e-06    1.5744518970644659288e-16    0
99    3    36    6.915063622110239266e-06    8.6109879403647028411e-06    6.5014485955699577885e-06    6.5664630815256566446e-16    0
100    4    23    9.3262439975522502334e-06    2.2024548785339750039e-05    6.7181171106467830486e-06    8.733552243840816654e-17    0
101    4    31    5.0252090292214019276e-06    1.0071833846754499708e-05    1.0615295306744390713e-05    1.5922942960116583492e-16    0
102    4    31    4.8111842375148919363e-06    5.0939127102319754252e-06    1.3770698714139054355e-05    9.6394890998973372844e-17    0
103    5    20    5.1976361557433018801e-06    5.2817210211556707796e-06    2.6546468101829504531e-05    5.0438289393476048841e-16    0
104    5    20    5.8765206697143451236e-06    7.5307870809606409238e-06    2.3820384787732224206e-05    1.7150677047167201469e-15    0
105    5    29    1.5905702574927622461e-05    1.9398219828242062085e-05    1.1531243907755050199e-05    4.2665602458693679147e-16    0
106    5    41    8.2710252769509586858e-06    1.3858367337704920034e-05    4.7926285841805382971e-06    4.3133657257624839827e-17    0
107    6    10    3.6252892149495848014e-06    2.4682054508487901264e-06    1.1232103822054872587e-05    1.9094576497493285006e-15    0
108    6    22    9.7001874679597910962e-06    2.0570671528864309342e-05    5.4806414670781848015e-06    3.343191294917692483e-16    0
109    6    35    7.496530956750164765e-06    1.1961527912839852844e-05    1.0504077967419038375e-05    1.260489356090284672e-16    0
110    6    39    6.671856105738447487e-06    9.3884477078464791176e-06    9.5565736451833920733e-06    2.427369705876581737e-15    0
111    7    12    5.1166946511898360087e-06    1.2021353232499239075e-05    1.0734825400874692738e-05    9.1246015907434884976e-16    0
112    7    13    6.0304768809647782529e-06    2.0721527241763567772e-05    1.0693277409885067552e-05    9.4100841206988578975e-16    0
113    7    13    6.6609357096737375033e-06    1.0078566000205314713e-05    1.3443692284971507078e-05    8.0662153709829040676e-17    0
114    7    53    5.6141102163469243261e-06    1.7494651934978243325e-05    5.7780000011129703665e-06    6.9336000013355650772e-17    0
115    8    23    2.243642522315173382e-05    1.2919512541279196669e-05    1.070165040662687495e-05    7.5981717887050797358e-16    0
116    8    29    1.0160338286142327918e-05    1.471750463475381929e-05    1.0710102204279796275e-05    1.060300118223699684e-15    0
117    8    40    1.4338399563436506588e-05    1.0931348295355638024e-05    7.5243071662473252084e-06    3.7621535831236627343e-16    0
118    8    40    7.3096989967125544353e-06    6.3497736923938182611e-06    7.0018858607908769827e-06    2.1005657582372631355e-17    0
119    8    40    6.7772157841532153097e-06    7.8017595299925350364e-06    6.0823832357515145795e-06    2.4329532943006057531e-17    0
120    8    48    2.3395787428047918591e-05    1.228490864621701929e-05    1.0357089106129568499e-05    1.1392798016742525328e-16    0
121    9    25    9.0691785736084326759e-08    8.7891979156234651804e-08    1.7679792724339677134e-05    9.1934922166566321775e-16    0
122    9    32    7.0966813540132536091e-06    5.0325272572535048664e-06    1.3062466841900358938e-05    1.5021836868185411392e-15    0
123    10    14    3.5209099040756411912e-05    7.7166382463434413482e-06    9.3315641672236978845e-06    1.4930502667557915554e-16    0
124    10    20    1.5524598673459346959e-05    1.9610375826242821136e-05    1.7322511417211047547e-05    6.9290045668844190956e-17    0
125    10    20    2.0563846819505752421e-05    2.0040674361639912102e-05    1.5113380937899252311e-05    1.5869049984794212001e-15    0
126    10    34    7.393772137267168891e-06    9.3000621847525686029e-06    8.0651360018446414761e-06    2.4840618885681492533e-15    0
127    10    44    2.9685407019040878384e-05    2.119261913837383623e-05    1.2287061499171792524e-05    3.5632478347598193298e-16    0
128    10    58    7.8741694786208001468e-06    1.0614337968718300713e-05    1.3641291481761623293e-05    2.5918453815347080298e-16    0
129    12    13    1.3606953030105185814e-05    2.7734574144121225436e-05    1.2346426799749903237e-05    1.1111784119774912078e-16    0
130    12    30    1.6682738462088584751e-05    6.7947067586254471025e-06    1.0596696266550467569e-05    2.0663557719773412791e-15    0
131    12    31    3.6370594014983772917e-05    1.6282294783457136242e-05    1.0900810787094317275e-05    4.3603243148377268084e-17    0
132    12    42    7.2095414094657503162e-06    4.516218463197629529e-06    1.224673575662997789e-05    1.7757766847113467623e-15    0
133    12    42    1.7455133933780056488e-05    6.4125219510294645907e-06    1.0296119487831365005e-05    1.2561265775154263588e-15    0
134    12    45    9.6529787139216674763e-06    6.7705580479761207571e-06    1.2811274308735743016e-05    7.1743136128920151168e-16    0
135    12    52    9.945935085985270458e-06    7.0091527912378588289e-06    1.0545994928580624715e-05    2.9528785800025747741e-16    0
136    12    52    1.4379632373004871233e-05    1.0581888587819728481e-05    1.0283972340906289e-05    4.3192683831806411893e-16    0
137    13    28    1.4218646295197071133e-05    1.8208051783547840054e-05    8.1938045077260467325e-06    9.0951230035759108388e-16    0
138    13    28    1.6338993068445962446e-05    1.5554706698380120294e-05    9.4338599636604114022e-06    2.8301579890981230246e-16    0
139    13    37    1.1600378959540885959e-05    1.2111329830213085097e-05    7.5060342786492607534e-06    6.2300084512788866268e-16    0
140    13    46    9.7502897533587134214e-06    7.6263070141387138973e-06    9.6071264445563156676e-06    5.0629556362811784772e-15    0
141    13    52    1.3552360122954450295e-05    1.6018019662650629043e-05    8.0482437362764212835e-06    5.2313584285796744362e-16    0
142    14    20    5.7128431913016634151e-06    9.6041163709321605689e-06    1.5863958583396332082e-05    2.5223694147600167886e-15    0
143    14    28    7.9766218925618608839e-06    2.0583382846559815902e-05    6.3839264277759501804e-06    6.064730106387151576e-16    0
144    14    44    6.6551021694753512465e-06    9.4507771888615672357e-06    8.7220651903381457538e-06    9.5070510574685792182e-16    0
145    15    22    4.3873786345715218402e-06    1.6005029959300475634e-05    4.7453379762728384412e-06    8.0670745596638245301e-17    0
146    16    20    1.2884119475803512017e-05    1.5177389922050873877e-05    1.5348335793888154494e-05    8.9020347604551296978e-16    0
147    16    28    1.6873500112393906617e-05    2.2310955609229532102e-05    8.0805699970199583036e-06    8.8886269967219532775e-17    0
148    16    38    4.4171044700925780964e-06    1.8123311687779111408e-05    8.1836197855956970649e-06    1.4730515614072251642e-15    0
149    16    50    6.3783924644695624286e-06    7.6899047061943226749e-06    9.0906917305082760088e-06    1.8181383461016551492e-17    0
150    17    23    3.0246394414903444562e-06    3.78039054470709024e-06    8.4957052681702899179e-06    5.4882256032380070307e-15    0
151    17    23    1.2219002498475619784e-05    1.6757122139621617138e-05    8.1610667201831082682e-06    2.5299306832567638783e-16    0
152    17    30    2.1021447931469843602e-05    8.8907198369151096409e-06    1.0214869977898757925e-05    9.2955316798878680514e-16    0
153    17    31    9.4720964324094312581e-06    8.1697226290951824985e-06    1.3370413360187163046e-05    2.6740826720374326306e-17    0
154    17    31    2.1145288703599799285e-05    1.0901927162850263349e-05    1.0879884076597248914e-05    1.0879884076597249402e-17    0
155    17    47    1.7353318887237980631e-05    1.4727779206725384619e-05    9.7195810776221388649e-06    9.3307978345172538827e-16    0
156    17    50    2.0914864202822991418e-05    7.1504099433862583935e-06    9.6330057857003006369e-06    2.7068746257817845266e-15    0
157    17    50    2.6824946898901304992e-05    1.1944491623905642067e-05    1.0375241678758368913e-05    8.300193343006694799e-17    0
158    17    61    2.9080785434560441668e-05    1.3444048477411480914e-05    1.0143348820278779297e-05    5.6802753393561160772e-16    0
159    19    26    2.0528993434507385426e-06    3.6414184021156390877e-06    3.1861527189503141018e-06    1.7173363155142192656e-15    0
160    19    27    1.7643829300037756853e-05    8.6076710221775583267e-06    7.8801538144933017403e-06    1.3790269175363276458e-15    0
161    19    28    1.3971538674126518219e-05    6.0776287857527418423e-06    7.6002087152385380809e-06    2.0824571879753593319e-15    0
162    19    36    1.5757193077556132048e-05    1.0159170116921629958e-05    8.7110120374477683486e-06    7.8399108337029913094e-17    0
163    19    44    1.0617520268968382941e-05    8.7818293458796093797e-06    9.6769274290797311266e-06    2.6708319704260054923e-15    0
164    19    63    1.7555560474779607937e-05    1.4431988753284510132e-05    4.9179056778116956967e-06    1.15570783428574837e-15    0
165    19    64    1.801152774631861812e-05    1.486578785634338126e-05    9.2740094273948910536e-06    8.4393485789293497158e-16    0
166    20    28    2.1767192197502708239e-05    2.2808002474965239221e-05    8.9919181939202009991e-06    6.6540194635009478324e-16    0
167    20    35    6.0689137534108658791e-06    2.7069158152220807706e-06    1.9347496556592511878e-05    3.695371842309168233e-15    0
168    20    38    1.3587836534957744729e-05    6.3183513970015984772e-06    1.9601321392348712818e-05    1.8033215680960814422e-15    0
169    20    38    1.7853000107617457019e-05    1.556166285919238963e-05    1.412869845043576036e-05    2.2888491489705927869e-15    0
170    20    65    1.486151708960464386e-05    8.4912863542901813828e-06    1.0358285181161371556e-05    3.8325655170297070548e-16    0
171    20    81    2.1542201628791860348e-05    3.7391560550110568978e-05    1.1627529352347182518e-05    6.0463152632205341805e-16    0
172    21    39    3.910068420906833743e-06    1.1327057225572874312e-05    6.5471790379714111071e-06    5.4996303918959847037e-16    0
173    21    39    7.1090963927808329613e-06    1.7539998866446589339e-05    5.8253510985974898547e-06    1.7476053295792470242e-17    0
174    22    35    1.1116432382007451277e-05    1.5041621639493335226e-05    8.7638536861782436707e-06    1.9280478109592133882e-16    0
175    22    39    4.7057867273862450508e-06    1.042127916955666391e-05    8.1091608440396945636e-06    2.2056917495787970219e-15    0
176    22    39    9.4901668587107970698e-06    1.9157154639291782132e-05    8.3540152374459248149e-06    3.5922265521017469514e-16    0
177    22    41    6.0352209503231856513e-06    3.7741905307806835457e-06    6.0534769747345472377e-06    2.3548025431717385886e-15    0
178    23    29    1.3590223968307647067e-05    1.4625069983990566933e-05    9.7985999665403720435e-06    1.7147549941445647515e-15    0
179    23    31    2.0780390544707082483e-05    8.9733456841455306761e-06    6.7576215439199965862e-06    1.0204008531319192165e-15    0
180    23    38    1.8480606060947453039e-05    1.5056024369982316097e-05    8.5646432567463879828e-06    8.5646432567463884704e-18    0
181    23    47    8.1266145472443645375e-06    1.0612751576011232452e-05    7.8788436890409373561e-06    4.1285140930574510827e-15    0
182    23    48    1.6166989118912508683e-05    1.1513386015144910763e-05    8.0806982207915161695e-06    5.3332608257223998267e-16    0
183    23    56    1.7979509470339415653e-05    4.4278596792122202393e-06    5.8819197198301596509e-06    1.5763544849144827915e-15    0
184    25    44    1.2226407317476098289e-05    2.3046669115543418028e-05    7.8331705754797420022e-06    3.9165852877398709738e-17    0
185    25    44    7.9298868506248295566e-06    1.9032544255994744074e-05    7.250444143596129724e-06    4.7852931347734446005e-16    0
186    25    80    2.2572802219533400159e-05    2.1525136868637742408e-05    1.3200812205847778345e-05    1.4520893426432554293e-16    0
187    26    28    7.6707539757891711886e-06    8.1444515436164525735e-06    4.2008024641123395648e-06    1.3610599983723977973e-15    0
188    26    44    5.5288830315261434923e-06    7.3163057642058000932e-06    4.733676376729225861e-06    1.7987970231571054611e-15    0
189    27    36    4.7689332485021953504e-06    5.2964431248765223611e-06    6.8524803049444101363e-06    1.6240378322718249946e-15    0
190    27    37    1.1588273991984789161e-05    5.7796480085824810351e-06    6.3412369380188569719e-06    6.341236938018856873e-18    0
191    27    57    1.7082123458375531705e-05    9.9218950732698799972e-06    6.6885413574416391561e-06    1.1504291134799616724e-15    0
192    27    63    1.2959627730164009277e-05    1.8667761522143215682e-05    3.7592093218981951952e-06    2.8569990846426275181e-16    0
193    27    64    1.729222522245930406e-05    1.3805054405014170713e-05    7.6088038999969897098e-06    1.6130664267993616024e-15    0
194    28    44    1.4821986927188787804e-05    1.4322449596441286587e-05    9.0468124550484141881e-06    1.2575069312517295347e-15    0
195    28    50    2.087944694011555728e-05    1.793882827249304872e-05    8.5538886788628345283e-06    6.8431109430902674484e-16    0
196    28    51    7.3627784526838641405e-06    8.6858675707387287949e-06    3.9583377657741673146e-06    1.0964595611194442622e-15    0
197    28    64    7.5258885984351120934e-06    1.9092931348187495381e-05    5.8462219731103319827e-06    2.3384887892441326178e-17    0
198    28    81    1.8295568611344383654e-05    2.5895424639948077606e-05    1.1113073878615773322e-05    4.3785511081746144412e-15    0
199    29    38    1.4188377115100308674e-05    1.1510615409761512957e-05    1.1476209032258680542e-05    3.9019110709679513003e-16    0
200    29    38    9.0993504037596482063e-06    6.9314884639860088338e-06    1.1162486188992317457e-05    6.217504807268721049e-15    0
201    29    47    1.1135406572982665637e-05    7.6015889143316968393e-06    1.0661270164218348658e-05    2.4520921377702197506e-16    0
202    29    47    1.2827769260063319215e-05    6.4639004226839834528e-06    9.5287021719034795071e-06    9.5287021719034791779e-18    0
203    29    47    1.0700726400727338659e-05    6.8011690767483631875e-06    1.0363033473778977567e-05    1.3471943515912670569e-16    0
204    29    47    1.4004235635389838748e-05    1.0678942074056614299e-05    1.031355587194504772e-05    1.2376267046334058438e-16    0
205    29    55    1.609680520465018547e-05    1.6163321211997891923e-05    5.8842547476425905275e-06    5.8842547476425905823e-18    0
206    29    55    1.044516453503680883e-05    6.6042929456528995095e-06    7.6109740363198141253e-06    1.8875215610073139111e-15    0
207    30    31    1.2034449002813841974e-05    5.676719804014252656e-06    7.4911221934173573611e-06    1.0337748626915953275e-15    0
208    30    45    1.0442129780279197699e-05    5.6747647176111030225e-06    7.8563015771858269208e-06    5.8136631671175114301e-16    0
209    30    52    1.6336478353061335275e-05    1.6164711542109568102e-05    8.7656543692944190757e-06    1.1833633398547466023e-15    0
210    30    53    7.477929248291414292e-06    1.5380470471487609434e-05    6.501032901508666911e-06    1.3717179422183284456e-15    0
211    31    70    1.2159998453239908361e-05    6.6355249298307025178e-06    1.094635802182323556e-05    8.2097685163674256495e-16    0
212    32    33    7.3385296897612146782e-06    4.9023681894485060358e-06    7.3007145558995208305e-06    3.7233644235087555996e-16    0
213    32    76    7.0730080879088520453e-06    1.7545119086110851141e-05    9.5287683084304832757e-06    1.4102577096477112676e-15    0
214    33    67    8.9590087022609290497e-06    1.2124822079655825092e-05    4.7228473974697193706e-06    2.3614236987348594627e-17    0
215    34    44    2.1720308585896739727e-05    3.0522541678921569501e-05    8.7600902155199613058e-06    7.0080721724159690138e-17    0
216    34    44    1.5726466254494169073e-05    2.6932715925602793253e-05    8.1065261131906243201e-06    2.756218878484812132e-16    0
217    34    58    1.0812175825632816916e-05    1.4360836272278129275e-05    1.0460767117359143569e-05    1.5691150676038710862e-16    0
218    34    80    4.0219504745624640871e-06    2.3527223468035170321e-05    7.5451205816735826136e-06    2.4747995507889350423e-15    0
219    35    39    9.3620794760023642726e-06    6.8058617187753559299e-06    1.1151350824778650275e-05    2.2079674633061727793e-15    0
220    35    44    2.1106293669794476728e-05    1.9483804104813184005e-05    1.0662247368150291646e-05    5.011256263030636346e-16    0
221    35    65    1.7244582019478676239e-05    2.2122822614158159951e-05    6.7022183689729669469e-06    3.150042633417293894e-16    0
222    35    80    1.6351644811806711945e-05    2.5103987435438472495e-05    1.0640673449484046474e-05    6.0651838662059052126e-16    0
223    36    63    1.4696418407827668059e-05    2.6785472972484147331e-05    3.4362491070740825258e-06    6.3226983570163117803e-16    0
224    36    63    1.2122183204306676975e-05    2.0633952711990682341e-05    3.5223754298530723534e-06    3.5223754298530726076e-18    0
225    37    52    1.1959277576799719352e-05    2.8431340654474985044e-05    6.193500856998215418e-06    6.193500856998215302e-18    0
226    37    52    1.2624991203999012465e-05    2.8825422802426034377e-05    6.2691148594138311243e-06    1.2538229718827662672e-17    0
227    37    57    5.5039453266742460947e-06    1.3656074063954302933e-05    3.7336227004351143641e-06    2.9495619333437404757e-16    0
228    37    57    7.0105319563198781061e-06    1.567602601276582477e-05    3.8511725852348945658e-06    2.6958208096644259606e-17    0
229    38    47    5.4720438269018154692e-06    2.7336663194597877822e-06    9.8670579362284928848e-06    3.9369561165551681684e-15    0
230    38    55    2.1336250503888249449e-05    1.209341531487282381e-05    8.1496521571614487857e-06    1.8744199961471331265e-16    0
231    38    59    1.6601514946500970017e-05    1.1825702035404923244e-05    9.4477306352774986244e-06    6.3299795256359244901e-16    0
232    38    59    1.4827070954636352323e-05    1.2539419870816804922e-05    8.5775203606978947876e-06    8.5775203606978946593e-18    0
233    38    65    2.0238909697515645092e-05    8.9689459254346619988e-06    9.495845364862175796e-06    1.2249640520672206029e-15    0
234    38    75    1.4873510986632802879e-05    7.1125879925137974277e-06    9.7264812381199355093e-06    5.3495646809659633771e-16    0
235    38    87    2.1354498161502604635e-05    2.4866952696886036726e-05    1.1706280608251479856e-05    9.3650244866011825864e-16    0
236    39    58    6.3403290178511061218e-06    8.0137834684466599522e-06    1.2647561387260136998e-05    3.0354147329424328259e-16    0
237    39    83    1.2790054277150239716e-05    2.4201723220274900985e-05    1.228234817960541731e-05    8.8432906893159004608e-16    0
238    40    48    1.086068154973764111e-05    6.9779181036185007633e-06    5.3461731337454834414e-06    4.3838619696712963978e-16    0
239    40    60    5.9781799925542391191e-06    6.0824584366988540584e-06    6.566601341084574167e-06    7.3545935020147225716e-16    0
240    41    59    7.2136237777864734998e-06    1.0707031947120648082e-05    6.5781669050553346351e-06    1.4011495507767861875e-15    0
241    42    45    8.8023980994802843901e-06    4.3569223884848857646e-06    1.1050424023677177124e-05    8.5088264982314256159e-16    0
242    42    45    1.0030022779215851358e-05    9.3300491828884040823e-06    1.2194617087913110767e-05    9.7556936703304878509e-17    0
243    42    54    7.1770656431120796726e-06    4.3577794049933556169e-06    1.1879860242705090503e-05    1.0335478411153428199e-15    0
244    42    77    2.0985190606104050658e-05    5.0292522629633645704e-06    9.1632196326257293439e-06    3.2071268714190043602e-16    0
245    42    85    1.590033747794079562e-05    1.1014517874534000483e-05    1.1508448766673926391e-05    5.7542243833369625376e-16    0
246    44    80    1.7673377797310608556e-05    2.5747241532383495906e-05    1.0866597669930005095e-05    3.8033091844755012904e-16    0
247    44    80    1.7181078025505856479e-05    1.7775460036874956004e-05    1.0413109048715600628e-05    1.145441995358716074e-16    0
248    44    81    8.0902980510355754771e-06    1.3413332658210602524e-05    1.1826928381030061771e-05    7.9358689436711704161e-15    0
249    45    54    4.3776070955945707862e-06    6.3647517562017661506e-06    8.1465579501736826173e-06    1.3278889458783103961e-15    0
250    45    70    1.9247831909945089921e-05    3.9250552617421551651e-06    7.0752772640947969086e-06    4.8819413122254093172e-16    0
251    45    77    1.8561841676842731586e-05    7.6047540962439589835e-06    8.2845952438635755586e-06    6.6276761950908602033e-17    0
252    46    51    1.2144359716035884675e-05    8.4051752117493806163e-06    5.2377272812074104373e-06    1.7284500027984455183e-15    0
253    46    52    9.3205741024925712961e-06    7.9777021757148998599e-06    7.8253403187298791789e-06    6.7297926741076955241e-16    0
254    46    53    1.5257929825962149957e-05    8.0760181777335191255e-06    6.4481581544989362653e-06    1.5153171663072498605e-15    0
255    46    57    8.3235239357961424833e-06    4.2110931487665550051e-06    6.3496078896465210618e-06    1.3842145199429413346e-15    0
256    46    62    2.0967908250737756051e-05    1.3482878411904703021e-05    6.9276685969852354552e-06    4.156601158191141401e-17    0
257    47    56    2.4731259298319904246e-05    1.1530332581007235232e-05    6.5423868634790578242e-06    5.3647572280528283335e-16    0
258    47    93    2.2412647445083272218e-05    1.3401998021650168185e-05    7.1302225140081282065e-06    9.982311519611378584e-17    0
259    48    56    7.7375459767917284179e-06    5.5710043497934074003e-06    1.2448358131710715656e-05    3.4855402768790003955e-16    0
260    50    53    9.7160066210529421053e-06    9.01415204534509692e-06    9.0891388622596652362e-06    9.1800302508822617921e-16    0
261    50    61    4.732114349180668991e-06    9.4126521361887279551e-06    4.8189517489793155949e-06    8.6259236306729733827e-16    0
262    50    81    1.0485183122548912476e-05    4.9369956401160654713e-05    8.9440778987262330532e-06    2.3254602536688202752e-16    0
263    51    64    3.5365720026851467656e-06    6.2663573977710890168e-06    5.9382848440930881162e-06    1.6567814715019714473e-15    0
264    52    53    1.4194311105615251418e-05    1.2222504916101349946e-05    8.1137046022333129941e-06    2.3529743346476605627e-16    0
265    52    54    5.1060069014677631995e-06    7.3900288362726704601e-06    8.1617274931972331304e-06    9.5492211670407618379e-16    0
266    52    57    2.5786101854405975758e-05    1.7984728013936152481e-05    6.4765131849518093601e-06    3.8859079109710857536e-17    0
267    52    57    1.991480797821251319e-05    1.0860638066141305906e-05    6.7372284383966219958e-06    1.2800734032953579052e-16    0
268    52    62    1.3192441361360665467e-06    1.2563864623413320098e-06    8.5116046605188579996e-06    2.2555752350374972521e-15    0
269    52    84    2.1179521368580064942e-05    5.7604678394091068163e-06    5.5454183649800090761e-06    2.772709182490004535e-16    0
270    53    61    3.1610567092249652645e-06    3.445290019889814224e-06    6.1489984265771105711e-06    2.5825793391623862783e-15    0
271    54    71    1.8566612243981232486e-05    7.1098805248864508673e-06    6.675118795295940119e-06    1.8690332626828629629e-16    0
272    54    85    5.4094464991545153745e-06    1.5171228033088669156e-05    6.3889442592067807253e-06    4.9833765221812881317e-16    0
273    54    103    2.8116369933460322544e-05    2.0962497162527963385e-05    8.4254139057002478368e-06    8.4254139057002460512e-17    0
274    54    121    1.8927184153841464795e-05    2.6152214831105592187e-05    1.149603492004496407e-05    2.2992069840089927657e-17    0
275    55    60    7.1104613680908853495e-06    1.6521612776103127213e-05    8.8046174446746910865e-06    1.0565540933609630222e-16    0
276    55    72    9.3094570305127596091e-06    1.4712194637080772494e-05    7.6073696323482433633e-06    9.8895805220527166211e-16    0
277    55    78    6.2831586284217458521e-06    1.1284666478950599965e-05    4.8439647124563258901e-06    3.6329735343422439311e-16    0
278    56    93    7.4704748604146647197e-06    2.2411424581243968748e-05    1.4344789333333335016e-05    6.7420509866666666576e-16    0
279    56    96    1.9067681796252649624e-05    1.2227685308181977732e-05    1.2905014953726380339e-05    7.7430089722358288309e-17    0
280    57    64    4.9824688832838128261e-06    1.1046419957925635166e-05    6.0847253553524801843e-06    7.4842121870835486781e-16    0
281    57    89    1.3471170996775248715e-05    1.9174245076131463518e-05    6.4487747384050151986e-06    7.7385296860860181041e-17    0
282    57    89    6.3527833805335543501e-06    9.7720467562260718058e-06    6.7544726757623893296e-06    1.175278245582655583e-15    0
283    58    66    1.846010487329139614e-05    5.2659636290141540808e-06    1.0065565147964263703e-05    2.818358241429993336e-16    0
284    58    80    1.3365501572527755276e-05    2.256071435129010361e-05    1.0260934378168074489e-05    4.1556784231580689511e-15    0
285    58    82    1.8173278470913270251e-05    7.2709907949692943074e-06    1.0964864005351527586e-05    2.7631457293485850154e-15    0
286    58    82    1.8057658155020819076e-05    9.6206706764014995382e-06    1.2003972324710636662e-05    6.8422642250850621859e-16    0
287    58    88    1.1827563175736897477e-05    1.1727666427386292596e-05    1.0781031043722231797e-05    2.6952577609305580215e-15    0
288    58    88    1.8624748093634504363e-05    1.8947978261683184079e-05    1.0643743281692202981e-05    4.2574973126768810045e-16    0
289    58    117    2.7949052548651268405e-05    1.6258818525521056815e-05    1.2387368547956003435e-05    2.7252210805503203516e-16    0
290    59    65    5.5401414870473279106e-06    9.1274326403865467489e-06    6.0524607520430191119e-06    2.6872925739071001301e-15    0
291    59    72    1.0741151529937405858e-05    6.4762176579791014006e-06    6.2999345696817632238e-06    1.4993844275842593294e-15    0
292    60    78    1.9281844856964262163e-05    2.049462969828838273e-05    6.0389010274859168851e-06    7.8505713357316911617e-17    0
293    60    90    9.9266376860821508449e-06    8.3423632812500009824e-06    6.914931216071856569e-06    9.1968585173755698021e-16    0
294    61    71    7.8498948658127699505e-06    2.584326289185386229e-06    4.262505983390100657e-06    6.8200095734241602511e-16    0
295    61    87    1.1734775469548712734e-05    1.5732095469837149008e-05    7.5059074821081976932e-06    2.9948570853611705464e-15    0
296    61    103    8.5085971859247655871e-06    1.9218891985739954388e-05    1.0450122586993744657e-05    2.1945257432686861451e-16    0
297    62    119    1.4440655610533388706e-05    1.9305901162130742791e-05    1.0792946392363583151e-05    1.1548452639829033778e-15    0
298    62    121    1.309445543446464719e-05    2.4067812890339613781e-05    1.5951100073042365408e-05    1.5951100073042364362e-17    0
299    62    121    1.7818577058418418561e-05    2.7372814672921010016e-05    1.5743306890049636032e-05    3.9358267225124088789e-16    0
300    63    64    3.7798922503437014688e-06    8.3466055077819126511e-06    6.0923467916591001614e-06    2.9426035003713451201e-15    0
301    63    68    1.8426985770000373305e-05    9.5817000525899854145e-06    3.3725922762641595569e-06    3.0353330486377429277e-16    0
302    63    81    3.8990228051479333449e-06    1.3049407987734306641e-05    9.5815452308001043978e-06    3.9284335446280433767e-15    0
303    64    81    1.4574993682920928055e-05    2.2697361152149709949e-05    1.072352503540378334e-05    2.3591755077888323769e-16    0
304    64    87    1.528101139794791843e-05    2.15499846104724015e-05    1.0106958375449032764e-05    1.0106958375449033199e-17    0
305    64    94    1.2577179135045889554e-05    9.2232646990336520011e-06    7.2684398734177217661e-06    1.0175815822784809765e-16    0
306    64    97    6.1628268924014582844e-06    7.5800779426286520678e-06    9.3509919564308788438e-06    3.272847184750806962e-16    0
307    65    72    1.4163581008882677727e-05    2.3311891116141428997e-05    8.1423947718679808635e-06    1.3842071112175568051e-16    0
308    65    74    1.5081712507129685515e-05    6.0012936520725414761e-06    5.2650706657685379734e-06    1.4215690797575049089e-16    0
309    65    83    1.648826478268801914e-05    1.3056547406789607152e-05    6.7488318433969095517e-06    1.1607990770642683571e-15    0
310    65    86    7.3611961302942423811e-06    4.1315304030225620172e-06    5.4848328600158155526e-06    1.0695424077030839384e-15    0
311    65    87    9.5288221156887894104e-06    2.267188048613314117e-05    8.944904933805938833e-06    1.6279726979526805458e-15    0
312    65    132    1.7828113475270649367e-05    3.8960189603493543004e-05    1.0122441236932527302e-05    8.5028506390233225446e-16    0
313    66    82    2.7556563732247900163e-06    8.3464610359828020033e-06    5.6309401476605685962e-06    1.3063781142572520416e-15    0
314    66    83    1.2820353991740491206e-05    2.3558596795856847066e-05    6.8652637964117246161e-06    1.0229243056653468613e-15    0
315    67    76    5.173866919029755937e-06    1.0373674550206365703e-05    8.1616174693499970576e-06    6.3660616260929964181e-16    0
316    67    102    9.9824250992003004377e-06    1.6019207213607556924e-05    7.0744766587072712571e-06    1.0611714988060903978e-16    0
317    68    73    3.4589545465094237331e-06    7.2685222954903203074e-06    3.9016275248280631637e-06    8.2714503526354940285e-16    0
318    68    76    2.4918583853185287965e-06    7.6051120877229144016e-06    9.0162001418748204432e-06    9.557172150387308869e-16    0
319    68    81    7.201710725202428018e-06    2.1918550281168775595e-05    9.5054091011134536659e-06    5.3230290966235339258e-16    0
320    70    103    5.2123411169598904703e-06    2.0411385145616728652e-05    1.0916867266738396826e-05    1.200855399341223582e-16    0
321    71    87    9.156110766640900467e-06    3.108187599552252186e-05    8.1531783937405295673e-06    1.4675721108732953666e-16    0
322    72    78    9.539776480271967813e-06    5.9023646187226027452e-06    8.14053937399886765e-06    2.2223672491016905233e-15    0
323    72    86    2.8865039023463106346e-05    1.0701858063315873831e-05    6.9429236932772384609e-06    4.1657542159663434928e-17    0
324    72    99    2.5825901051102987386e-05    1.2180026912360047937e-05    7.45381150315740118e-06    1.0957102909641378674e-15    0
325    72    100    2.7725968732955198032e-05    1.8986939080760752212e-05    8.5336086233088565499e-06    4.8641569152860477709e-16    0
326    72    106    2.3417414606068244042e-05    4.1313527815814073084e-06    5.9586211601630145629e-06    5.95862116016301408e-18    0
327    72    132    1.5722891847775161801e-05    4.0502736055326260349e-05    9.6404517832218722005e-06    9.6404517832218714092e-18    0
328    72    132    2.0567346025365995296e-05    2.978753534196021944e-05    1.1739630855181975734e-05    3.8740781822100512792e-16    0
329    72    132    2.4042523024471773075e-05    2.3757057005514356241e-05    1.0069933162208947515e-05    6.2433585605695485115e-16    0
330    73    76    1.3875373688400854545e-06    2.8016310818763978638e-06    7.981370721482643107e-06    3.8789461706405640774e-15    0
331    73    81    1.2398017451182148947e-05    1.6531260736171234798e-05    6.1685018892695223599e-06    2.9608809068493710315e-16    0
332    73    81    1.5666241918291374087e-05    2.3482806827021300512e-05    6.606185021514793738e-06    5.6482881933951481316e-15    0
333    74    83    1.8372603655078666376e-06    8.1893033202331109473e-06    9.8384719984872321725e-06    1.28883983180182722e-15    0
334    75    79    1.7524021591703318061e-06    2.7719599634125715627e-06    1.53488356984733432e-05    1.2125580201793941554e-15    0
335    76    102    5.6540932889360230796e-06    1.1435345385297313869e-05    1.3473596870062561775e-05    2.4252474366112608072e-15    0
336    78    120    1.8619800242163366227e-05    1.925937525886427899e-05    6.32990510406210365e-06    5.063924083249682927e-17    0
337    78    132    4.7576030609338610983e-06    3.0180186387089972015e-05    8.039350069029122355e-06    2.3474902201565034656e-15    0
338    79    93    7.5562829495879406633e-06    7.229504489490125096e-06    1.9513270535128463093e-05    1.170796232107707904e-16    0
339    79    103    5.3739177569791412355e-06    1.7690375593878483219e-05    1.133786602400060129e-05    6.6893409541603533873e-16    0
340    79    103    8.1943368604444355723e-06    1.6705597581722041585e-05    1.2961772943971716128e-05    3.8885318831915150323e-17    0
341    79    132    1.4276392100669698922e-05    2.4918384758106466241e-05    1.0923347337462160835e-05    3.7139380947371347881e-16    0
342    80    81    9.9882954496790786491e-06    1.955317579090927536e-05    1.1145811270599704078e-05    8.7606076586913663413e-15    0
343    80    88    1.9973758348108196795e-06    1.3437925109883958546e-06    1.07787115080681248e-05    9.2804706084466553697e-15    0
344    80    105    1.4371062623242397089e-05    7.6025707395860270602e-06    9.8523827064428335352e-06    1.842395566104809687e-15    0
345    81    87    3.3576952531369269519e-05    1.8116049656088798261e-05    1.1357620365976738654e-05    1.6809278141645571351e-15    0
346    81    87    2.3204567138664878244e-05    1.5027650606126197636e-05    1.2154941942293337012e-05    1.2519590200562135514e-15    0
347    81    87    1.9371220987799617875e-05    2.0164305857189671609e-05    1.2348158037581510063e-05    1.3953418582467104601e-15    0
348    81    94    1.4445862614714011669e-05    6.0033538071429340827e-06    1.0443114994546775844e-05    3.8639525479823067354e-16    0
349    81    100    2.5195499835813704677e-05    2.7875032245761284316e-05    7.9500208132416467653e-06    1.3594535590643214131e-15    0
350    81    104    1.4628390856584198902e-05    4.2173989289773802878e-06    9.5041800693285606995e-06    6.7479678492232783517e-15    0
351    81    126    2.1471453245422115347e-05    8.4942180187696504059e-06    1.0295784419824868721e-05    5.7656392751019260347e-16    0
352    81    128    1.9459863414130781331e-05    1.3345932500309379775e-05    1.0838671922123772358e-05    1.311479302576976348e-15    0
353    82    117    1.0973621736319227581e-05    1.3252111898677606343e-05    9.3455403629556676906e-06    1.7756526689615765212e-16    0
354    83    88    1.2431199786155396189e-05    2.2956363506644620546e-05    8.2743164339150415638e-06    8.2743164339150415664e-18    0
355    83    99    4.8642140026902875121e-06    4.469769607863276007e-06    1.072297522577914145e-05    3.4313520722493250074e-16    0
356    84    101    6.0838429770946894236e-06    7.9191438147622331199e-06    4.7312335564014740063e-06    2.7441154627128546267e-16    0
357    85    95    1.0854715097290991015e-05    3.1383331912185648876e-06    6.0713341277638107154e-06    6.6784675405401909251e-16    0
358    85    121    7.1975573147899855712e-06    2.3540490873585765211e-05    1.348918850910814333e-05    3.2643836192041704397e-15    0
359    86    87    4.9268044655146821953e-06    2.0743703178371112667e-05    7.7937432114266900557e-06    1.1300927656568699644e-15    0
360    86    100    2.8901905942920957703e-06    7.496908754615341009e-06    5.7855181810213161269e-06    1.3422402179969453479e-15    0
361    87    100    5.8434213318614860961e-06    1.5349915414453235891e-05    5.7653218171111785128e-06    3.4015398720955948672e-15    0
362    87    103    1.0863760961811854203e-05    2.2259439374289170869e-05    1.2940357977965316166e-05    3.882107393389595004e-17    0
363    87    111    2.7395539790054076524e-05    1.5687417682567149878e-05    9.9042950866163955597e-06    4.3578898381112135004e-16    0
364    87    111    1.388250468300176332e-05    1.0751141265650829989e-05    1.1175289730045753525e-05    4.8053745839196737135e-16    0
365    87    128    2.2861115236037861696e-05    7.8106890804834269162e-06    8.4496717297110070889e-06    6.9287308183630261858e-16    0
366    87    132    3.1746769749507709139e-05    3.9231689444012281351e-05    1.2564262208162233332e-05    2.5128524416324464875e-17    0
367    88    105    2.0482877339528657903e-05    1.4594237474062779703e-05    9.1921575522235523484e-06    1.0203294882968142496e-15    0
368    88    122    1.4055270029662558852e-05    1.3999272715258466356e-05    1.0713923976787111055e-05    1.135675941539433547e-15    0
369    88    126    1.9757034482909750062e-05    1.007798601588193631e-05    8.1056741719868329466e-06    9.6457522646643292195e-16    0
370    89    119    1.2516811762121701117e-05    1.451971863622381779e-05    1.1497234463140617615e-05    2.2994468926281235116e-17    0
371    89    123    9.8097330299688834321e-06    1.3565950822475048178e-05    1.2860963318114705526e-05    6.6877009254196464076e-16    0
372    89    123    1.4258939449391234595e-05    2.5418576072576718958e-05    1.1650717318643523577e-05    4.6602869274574095999e-17    0
373    90    120    8.7080236314424486736e-06    1.9744714325384060205e-05    5.2270178922581207894e-06    3.1884809142774534318e-16    0
374    90    125    1.4229177528864202172e-05    2.925971639423157749e-05    7.7671201091934010497e-06    1.9417800272983501578e-16    0
375    93    110    6.538097067347123183e-06    7.1774138677261678022e-06    3.6150234594643872773e-06    1.037511732866279019e-15    0
376    93    116    6.9996885748683819185e-06    9.5175338932375037562e-06    6.39140023381199608e-06    1.0865380397480392653e-15    0
377    93    125    1.6088727493088311976e-05    7.9745909756349026888e-06    1.5768808284892425964e-05    9.7766611366333049345e-16    0
378    93    125    8.0710707108665337141e-06    4.2214340070364056342e-06    1.5217108964131098969e-05    5.9346724960111273944e-16    0
379    94    97    3.1607330545697202048e-06    2.6374842311058780851e-06    1.3895474424700793303e-05    1.0421605818525592258e-15    0
380    94    123    7.7332836619792379081e-06    2.1609393497875213484e-05    1.013483238370121642e-05    5.4728094871986562908e-16    0
381    95    101    1.2375553762167173307e-05    1.7603633555226927925e-05    4.5566899026624118826e-06    6.379365863727376522e-17    0
382    95    121    7.8633315397746962415e-06    1.8347773592807616093e-05    7.3299145299145274834e-06    5.3508376068376049642e-16    0
383    96    103    6.335543255583396107e-06    6.3657486390008849729e-06    1.6298626100653786959e-05    2.1188213930849921592e-15    0
384    96    125    1.3871549575609047215e-05    2.927421219319081502e-05    7.7020209554719515181e-06    1.0859849547215449618e-15    0
385    96    138    1.3417917068575359383e-05    1.4006607110808272327e-05    8.6919396133853756074e-06    1.8253073188109288676e-16    0
386    97    123    6.0865874964462303491e-06    7.4106847583054629748e-06    1.3593994248762427153e-05    1.8080012350854028391e-15    0
387    99    100    2.6978164698376832202e-05    1.4088887018040577995e-05    7.8165395614938315121e-06    1.1412147759780993554e-15    0
388    99    105    8.9096551569021459604e-06    1.4046275764216514594e-05    1.3230230809554007228e-05    6.8797200209680830957e-16    0
389    99    108    3.6289498662993841565e-06    3.5835862097375007171e-06    5.3967347372587122869e-06    1.4787053180088870469e-15    0
390    99    127    1.5568584098257344728e-05    9.5805319486653040001e-06    7.7685040293766318608e-06    3.651196893807016514e-16    0
391    99    134    1.9385482922192464342e-05    1.1381417359951217117e-05    8.1496794372227475683e-06    2.632346458222947351e-15    0
392    100    103    1.7509539666888035615e-05    2.5676722863313548493e-05    1.02991431443155579e-05    2.4717943546357337967e-16    0
393    100    105    1.6373013812721109116e-05    1.6756284282633078704e-05    8.4491653374934164638e-06    2.0277996809984194323e-15    0
394    100    114    6.6524951385404597329e-06    4.6889554338451770228e-06    7.1189221027051054414e-06    1.4166654984383159533e-15    0
395    100    115    8.6026246825525221106e-06    4.1219409094711268571e-06    6.116451418700199325e-06    1.425133180557146194e-15    0
396    100    132    1.0765844022170531591e-05    1.6669811448791900489e-05    1.0641367929040050584e-05    4.256547171616020297e-17    0
397    100    134    1.1646744385209308812e-05    1.4539579899739387472e-05    7.1815051083560275141e-06    1.2783079092873726806e-15    0
398    101    119    9.9040793899628048314e-06    1.4329142348763245762e-05    6.5467986098843668533e-06    6.7432025681808973338e-16    0
399    101    121    1.3824333764553699521e-05    2.6003378358993016093e-05    7.7085569821302747244e-06    2.312567094639082091e-16    0
400    101    123    1.5688701436760637225e-05    3.0122447285909445834e-05    7.8129693740648366264e-06    1.5625938748129674106e-17    0
401    101    144    1.0372322115253564879e-05    1.147162495867746934e-05    5.634910966430658875e-06    5.6912600760949652602e-16    0
402    102    104    1.6618338103373568246e-05    1.1118481940824973312e-05    1.4396336832584669056e-05    1.382048335928128528e-15    0
403    102    104    1.3487668878325942962e-05    2.0118323118769661933e-05    9.6397498926134021389e-06    1.9279499785226804159e-16    0
404    102    112    1.6731694734793053225e-05    5.4216295632829002025e-06    8.7636375348060571304e-06    1.6650911316131505382e-15    0
405    102    113    1.8410828547640424124e-05    1.3402346372206268261e-05    9.5226472752326763138e-06    9.5226472752326777577e-17    0
406    102    139    1.5247002164045975783e-05    4.3034250466163280306e-06    9.2716283525514851772e-06    1.1404102873638324256e-15    0
407    102    139    2.0577669642472945217e-05    1.1235054323743305101e-05    5.7788269127111627747e-06    6.9345922952533955538e-17    0
408    102    150    1.6776624802137612779e-05    9.042154046678088804e-06    1.3875100678700002916e-05    8.0475583936460009677e-16    0
409    103    107    7.3739846699491531598e-06    3.4107367956996898468e-06    1.2718471587998609308e-05    6.1684587201793249324e-15    0
410    103    111    1.507881284589843965e-05    8.9074905715965640844e-06    1.3833255343630623308e-05    1.2588262362703864073e-15    0
411    103    116    1.7521197635282868404e-05    2.339574443889543489e-05    6.4409470445969494392e-06    6.9562228081647047947e-16    0
412    103    129    9.8038259899609658571e-06    6.1172675377673781238e-06    1.412230285288685202e-05    7.7672665690877686641e-16    0
413    103    143    1.9074480306441162289e-05    2.1723964768951958273e-05    7.4218197127334070405e-06    8.9061836552800862751e-16    0
414    103    143    1.9803825989960958205e-05    6.3401037204358217671e-06    1.1480214085050550037e-05    4.3050802818939557192e-15    0
415    103    149    1.9785502534661806966e-05    1.2691668621074036992e-05    1.1268665784015764733e-05    3.3580624036366972314e-15    0
416    104    113    1.9650583824542746666e-05    1.0262182711012062008e-05    8.7845991495692653435e-06    3.7773776343147833782e-16    0
417    104    122    9.2374672065740570063e-06    1.0248405178184824218e-05    1.2173284440391472661e-05    8.7647647970818599195e-16    0
418    104    126    1.0317130945710966202e-05    1.3488591506055760405e-05    9.4119878218399581296e-06    1.6376858810001527089e-15    0
419    104    147    1.929405190575898978e-05    1.40942375558486538e-05    9.9864596809814700732e-06    4.2941776628220316798e-16    0
420    104    150    1.2591897224134600074e-05    2.4215909650296119071e-05    8.594971755066050791e-06    8.5949717550660497384e-17    0
421    104    150    1.6257526958681118196e-05    1.2616792795185198956e-05    1.0249392015323139694e-05    1.1991788657928070836e-15    0
422    105    108    2.1434496268625669301e-05    1.5491386012052916799e-05    6.3914814860679825394e-06    6.9028000049534198037e-16    0
423    105    126    1.0490104884514850429e-05    7.9805882370313959968e-06    1.2342833834148098977e-05    1.4811400600977714526e-15    0
424    105    133    1.8302827741532988768e-05    8.5673454040937996551e-06    1.2584281780535711413e-05    2.4539349472044638291e-15    0
425    105    134    1.3935556437274740517e-05    7.9394330279670365634e-06    1.0986292392093109771e-05    3.5265998578618881458e-15    0
426    106    120    3.8241685672563407181e-06    1.553649043708036666e-05    4.5200994584283899592e-06    2.2600497292141948951e-17    0
427    107    119    1.934770023790641268e-05    1.2050967163502420879e-05    6.7386137668955885984e-06    2.0889702677376325669e-16    0
428    107    119    8.4884493750000008215e-06    1.3756647977643687869e-05    9.9844079515999113034e-06    1.158191322385589876e-15    0
429    107    121    1.2103468444915286564e-05    1.1298015434846449292e-05    8.028275232740642866e-06    3.7732893593881014436e-15    0
430    107    141    1.4880566548580706813e-05    1.0868635413486040246e-05    7.1851031230653626046e-06    1.0849505715828696254e-15    0
431    107    156    2.1736887169905667671e-05    9.1687078275260884596e-06    5.9037567684882645208e-06    4.7230054147906113835e-17    0
432    108    117    7.3310963639170618558e-06    1.1675008846006632409e-05    6.951605706428673015e-06    8.5504750189072654988e-16    0
433    108    127    7.6263682307108170285e-06    3.3293987740668205708e-06    3.8519970592665055245e-06    1.2557510413208808811e-15    0
434    108    133    1.5764470912363384703e-05    1.2184160456856847388e-05    4.7538128058597391693e-06    6.1324185195590630743e-16    0
435    110    116    7.502382408145616058e-06    9.3220213980660954363e-06    4.2423608377450065094e-06    1.1454374261911517667e-15    0
436    110    120    2.6326799107032571295e-06    5.4419011139520951612e-06    5.3820797426492339126e-06    2.6049265954422292406e-15    0
437    110    125    1.080666039331793807e-05    8.7721512537477621053e-06    3.4273775161787427636e-06    2.7419020129429941482e-17    0
438    110    132    9.8236098079776318278e-06    1.6983970324935763742e-05    5.1624234814756791526e-06    2.0649693925902716013e-17    0
439    110    132    1.1937551980056976242e-05    1.9574996989052715702e-05    4.9938486577267662847e-06    4.9938486577267658538e-18    0
440    111    119    1.7437465254782937832e-05    1.2567181363640251857e-05    1.4741825443459796702e-05    2.2407574674058887081e-15    0
441    111    135    4.1298864076009575685e-06    2.8837778709574570407e-06    1.6472256365294892649e-05    6.5889025461179562928e-16    0
442    111    140    7.4011977927629979659e-06    7.1015299158962090267e-06    9.5960698887955743692e-06    1.1515283866554690744e-16    0
443    111    143    1.781843001873608496e-05    1.7384688909368294237e-05    8.0023970938765191899e-06    7.8423491519989885988e-16    0
444    111    143    2.0490464563222623171e-05    1.7779414428117152925e-05    8.5063943934973437392e-06    1.4460870468945480571e-16    0
445    111    152    1.7049844619770013909e-05    1.2969240012525776372e-05    8.2425044346214706742e-06    3.379426818194803e-16    0
446    111    152    1.6500905404826173462e-05    6.501270656458299225e-06    1.2599315415708846642e-05    1.7765034736149469542e-15    0
447    112    113    5.2207165194002359232e-06    8.1204462637487957619e-06    5.4807363855686666367e-06    1.359222623621029473e-15    0
448    112    162    5.3009300829237842971e-06    2.4383819719979516806e-05    1.0011488107836350107e-05    1.6919414902243429351e-15    0
449    113    123    4.1888813383666387359e-06    6.8388250810457993804e-06    1.0561331153011809157e-05    6.5480253148673227476e-16    0
450    113    162    5.2558202988308134093e-06    1.9852095531351701674e-05    1.0400908826209659562e-05    1.2793117856237877668e-15    0
451    114    115    8.8473017500538363297e-06    7.6233494577535582787e-06    4.2807835531458613025e-06    3.1249719937964788067e-16    0
452    114    143    7.2475133578477797389e-06    1.6742302702591301466e-05    5.6626224597202431781e-06    4.0204619464013717591e-16    0
453    114    148    8.5080712056032275977e-06    2.0080184720143546764e-05    8.1049568458937378744e-06    4.1335279914058060482e-16    0
454    115    132    3.4242115750426467628e-06    1.4855626181988471049e-05    8.5453294101209731522e-06    2.0252430701986702694e-15    0
455    115    134    1.0029075251068587165e-05    1.8713841712506767094e-05    5.6784300169039291675e-06    2.2713720067615717006e-17    0
456    115    134    9.6912806315330272548e-06    1.8156845727656753688e-05    5.6934188993680040914e-06    1.7080256698104014071e-17    0
457    115    143    6.0172895116669322863e-06    1.2698926421363128635e-05    5.824476791346392509e-06    1.1532464046865855728e-15    0
458    116    120    1.0713335159681391148e-05    8.4931009876930630342e-06    6.6024561120268398609e-06    3.4332771782539562395e-16    0
459    116    125    1.1491146016286934138e-05    9.6164191675484433734e-06    6.7648508208584316016e-06    5.4118806566867452212e-17    0
460    116    132    3.9493238720303032587e-06    6.2363841062208357448e-06    9.4984315761796833883e-06    6.0220056192979187338e-15    0
461    116    149    1.1326762532053536453e-05    1.5224134050185801037e-05    7.6799717106614067655e-06    1.2057555585738407575e-15    0
462    117    127    1.4568129530469314364e-05    8.2321103874805455226e-06    8.1965770451881955408e-06    5.1638435384685636798e-16    0
463    117    131    2.260559155007871147e-05    7.8982609776122638388e-06    7.1887135672074418331e-06    7.907584923928185831e-17    0
464    117    133    7.9108383980255891649e-06    7.1272113425873224654e-06    1.0127012996137379331e-05    1.2962576635055845745e-15    0
465    118    119    7.1587306250330370221e-06    6.0635728567702354972e-06    6.4334730337531006067e-06    9.7788790113047099066e-16    0
466    118    123    5.1347735924000082131e-06    1.1804058845659642034e-05    1.0710543737058144507e-05    3.2774263835397919885e-15    0
467    118    140    4.717442031565014635e-06    5.1852788044840402766e-06    7.3117670860392788867e-06    8.0429437946432055106e-16    0
468    118    153    1.2493377606807108869e-05    8.3584374257279130203e-06    5.8135094393514173984e-06    2.674214342101651994e-16    0
469    118    166    1.3959595840649072329e-05    1.9377555040803548124e-05    8.3182126866662988801e-06    2.495463805999889117e-16    0
470    119    121    1.5921896343633297678e-05    1.2753201044336234926e-05    1.1120152426442675371e-05    5.8936807860146173256e-16    0
471    119    140    1.2189884221855902443e-05    6.3059018515998959347e-06    9.3685815987511597482e-06    1.311601423825162217e-16    0
472    119    141    1.1804671146014154739e-05    3.2992506997426068086e-06    7.9001705611688911873e-06    1.2166262664200090824e-15    0
473    119    144    1.039699576535439555e-05    1.1574595711687143946e-05    9.1766505773640652711e-06    1.0369615152421391936e-15    0
474    120    125    1.9701888834919985499e-05    1.7021794082754895821e-05    6.7611277476479034553e-06    7.4372405224126914757e-16    0
475    120    132    8.9524681657526928273e-06    1.0561579794853566107e-05    7.9065197444586955179e-06    3.0677296608499738773e-15    0
476    120    155    1.4165198771920561562e-05    1.8215738421925423591e-05    5.1288497335851555744e-06    5.1288497335851557854e-18    0
477    120    155    1.5376750388596203538e-05    1.669156252636812412e-05    5.5431478323590083491e-06    1.6629443497077025208e-17    0
478    121    129    1.592298295035603594e-05    9.3222758831012589331e-06    1.6378738501132250848e-05    3.275747700226450116e-17    0
479    121    151    1.9611101914890002195e-05    5.8021411726042493328e-06    1.2328332640734189534e-05    4.8080497298863329831e-16    0
480    122    126    5.1843389840672972184e-06    7.3260501825092132956e-06    9.1068361681801136235e-06    2.2676022058768480887e-15    0
481    122    137    1.1724631152719563673e-05    7.439846932073005664e-06    1.1773427295419432317e-05    6.8285878313432703666e-16    0
482    122    150    1.3613813938926983064e-05    2.8157335713201847973e-05    8.3886131975364216731e-06    7.5497518777827792887e-17    0
483    122    157    1.1229675163450919721e-05    1.4987374748585054286e-05    9.5148761687934802433e-06    9.5148761687934779755e-17    0
484    123    130    1.2290956242800348745e-05    3.0638682638273506256e-06    9.324350659408754265e-06    4.1959577967339386053e-16    0
485    123    162    1.7392917463309130055e-05    2.3339733452792046247e-05    1.4352044260750240816e-05    1.8657657538975311582e-16    0
486    123    162    1.20362099776619547e-05    1.2668497241476043072e-05    1.5319668532635802234e-05    1.2255734826108641727e-16    0
487    123    166    1.2740097671487688456e-05    3.7319007168590156878e-05    9.6927226327524916891e-06    1.8222318549574682601e-15    0
488    123    166    1.7114817434595438274e-05    1.8057479781046438305e-05    1.4074610476542695901e-05    4.5038753524936628625e-16    0
489    123    166    1.380534860463908499e-05    3.3642778195344265313e-05    1.0191075205103959194e-05    8.7643246763894036926e-16    0
490    125    138    2.0663399125190046581e-05    8.1883124351107642989e-06    7.2966176360400161329e-06    8.1722117523648174448e-16    0
491    125    149    7.5358531197012221643e-06    2.2452445627786842767e-05    5.8816774451634614497e-06    1.7409765237683843797e-15    0
492    125    169    1.3859546877183133326e-05    1.9583536260355747507e-05    1.2609824666777036118e-05    2.7615516020241703279e-15    0
493    127    131    9.8175280838614900392e-06    5.2255430003273887248e-06    4.5345965093594830088e-06    3.2195635216452321873e-16    0
494    127    134    9.825976760032922481e-06    1.6970864501225165378e-05    6.2961117533881972333e-06    5.225772755312203151e-16    0
495    127    154    5.998832178265313274e-06    1.3678622512502517674e-05    9.7074799586321323795e-06    1.1163601952426952512e-15    0
496    128    147    9.3837658198784100569e-06    5.1475737060891186387e-06    6.8281476733769766024e-06    1.0515347417000543014e-15    0
497    128    148    5.4521930574026792365e-06    6.0627402650879578529e-06    9.3124642388980152953e-06    3.6784233743647158253e-15    0
498    129    145    1.4221462653327796737e-07    9.2870878105034645501e-08    2.3273464959192928346e-05    2.3273464959192926779e-17    0
499    129    158    9.4827264100046609565e-06    1.9337893295128610828e-05    7.1726689286603781203e-06    2.9407942607507551063e-16    0
500    130    135    4.5960834580027069612e-07    5.0053997373051738672e-07    1.0903418464695973657e-05    4.1432990165844692104e-16    0
501    130    166    7.0818319236672844832e-06    4.1274086021505373848e-05    8.4657405433739501237e-06    1.4391758923735715286e-16    0
502    131    154    6.89598689307215653e-06    1.4422199530856045748e-05    7.3918259861301848683e-06    5.3221147100137328417e-16    0
503    131    168    1.1343829690969627885e-05    2.9851330465577949894e-05    5.6287119563271331867e-06    1.1257423912654265783e-17    0
504    132    134    2.177379448564098881e-05    1.5817874906428834169e-05    9.4762446886997088344e-06    4.7381223443498537161e-16    0
505    132    143    1.4031570945523526924e-05    1.8099177687216371521e-05    7.0156494357388008513e-06    6.7350234583092491157e-16    0
506    132    155    7.897279775499251996e-06    6.4018783864195885809e-06    6.4443688859741168735e-06    2.8161892031706886138e-15    0
507    132    167    9.5445002415061811477e-06    1.1995580741571049594e-05    9.8327630010367655152e-06    6.4896235806842641373e-16    0
508    132    167    2.0423376685050834693e-05    1.9308242994702361369e-05    1.1267901240870934086e-05    6.9860987693399796908e-16    0
509    132    168    2.7762730018636953963e-05    2.5045987069352260667e-05    8.5999115851480465534e-06    1.2039876219207262736e-16    0
510    132    168    2.6538401273679566649e-05    1.7790183039559902685e-05    1.0163188171786890988e-05    8.3338143008652520655e-16    0
511    133    137    1.5533530831730231491e-05    5.5552888742047508078e-06    8.1318257032662270828e-06    7.1560066188742792314e-16    0
512    133    157    1.4056852541631643206e-05    1.5447275106974977707e-05    1.0389048734347015784e-05    3.1167146203041050606e-17    0
513    133    157    2.018873348139343425e-05    1.9263915186840809099e-05    1.1139776917836249017e-05    3.3419330753508750671e-17    0
514    133    157    1.5761100505839525053e-05    1.7127244725563080854e-05    1.0444782618686110009e-05    1.1384813054367858486e-15    0
515    133    163    5.8781485577353689682e-06    1.5269696705200440931e-05    1.4331073113621197953e-05    1.2897965802259078219e-16    0
516    133    163    1.167141341948459035e-05    2.1136442773163764317e-05    1.6061605440927678875e-05    2.4092408161391512657e-16    0
517    133    163    8.3368363635937576433e-06    9.9139290955996936565e-06    1.3112508360101773623e-05    3.2781270900254425519e-16    0
518    133    163    1.1652566346076704483e-05    1.4092624541746989411e-05    1.3233676169905525104e-05    8.0725424636423699598e-16    0
519    134    148    1.0752158161898814934e-05    2.2275869324317805638e-05    8.440705055677375369e-06    2.8613990138746300563e-15    0
520    134    148    1.5893467938161524855e-05    1.226161136408105913e-05    7.0636777000064220126e-06    8.4764132400077063561e-17    0
521    134    154    1.3282488625261026775e-05    1.2573265416628397946e-05    7.761944721552937264e-06    7.5290863799063479098e-16    0
522    134    167    1.7743886398191214784e-05    1.8516116951650078969e-05    8.1483914031565766176e-06    5.7038739822096025552e-16    0
523    134    167    1.8468084158976103584e-05    1.6939860009548474476e-05    7.6448973284070305726e-06    7.6448973284070303231e-18    0
524    135    140    3.5008289265812819819e-06    6.1293101085441108297e-06    7.3827233171549556164e-06    1.0335812644016936413e-16    0
525    137    157    4.0334685117605146966e-06    1.0599691465114995082e-05    7.5091327633367804836e-06    6.1574888659361607618e-16    0
526    137    157    9.5189194544481296479e-06    1.8628289625887039973e-05    8.2187778890311603619e-06    1.6437555778062319145e-17    0
527    138    149    5.0607403651115664012e-06    2.7808252933568679758e-06    6.8785875959868320148e-06    4.553624988543282269e-15    0
528    138    158    9.7889632677463940519e-06    1.1163869252332438213e-05    9.0326385147135357693e-06    1.716201317795571706e-15    0
529    138    158    7.4876008069881239251e-06    5.4459016885045690663e-06    7.6680337328326080487e-06    7.668033732832608336e-18    0
530    139    150    6.7483341920150185137e-06    1.2575266654950221956e-05    5.843936422817428565e-06    5.8439364228174284679e-18    0
531    139    150    6.0368834870933071242e-06    1.5192490277524808916e-05    7.1769247963397546624e-06    6.531001564669175932e-16    0
532    139    160    1.2250742204348007372e-05    6.4858830567060701163e-06    3.1213536421131458778e-06    3.1213536421131458031e-17    0
533    140    153    5.7540042588717555904e-06    4.9770773799091775949e-06    8.2193169932933227856e-06    6.0822945750370579633e-16    0
534    140    166    7.1978473191268399592e-06    2.368120494255655304e-05    9.4222137733957567272e-06    9.4222137733957559774e-18    0
535    140    166    7.4611170920389137287e-06    2.2459941239100172743e-05    9.6263383481137245905e-06    9.6263383481137241806e-18    0
536    141    156    1.0131129230196595309e-05    8.3411399472707047661e-06    6.4111774136109977261e-06    3.397924029213828781e-16    0
537    141    164    6.3250790782062249216e-06    1.4162601888831659943e-05    7.23470831401076223e-06    1.0128591639615065582e-16    0
538    141    173    1.1324607245896247133e-05    1.8061595968369718645e-05    9.1242196224791191622e-06    1.7336017282710323453e-16    0
539    143    149    6.8417520140653791612e-06    1.8839626222134200136e-05    6.0028718702064104667e-06    2.7313067009439162545e-15    0
540    143    152    7.7615577158819700604e-06    9.2939248898916995792e-06    6.5349328032007175689e-06    1.9212702441410106555e-15    0
541    143    155    1.4585885266709395277e-05    1.2934082595472606308e-05    6.1388869322856443148e-06    8.5944417051999017126e-17    0
542    143    158    1.5001992037041297429e-05    1.5064500607937319582e-05    7.9202650867205311017e-06    9.1083048497286097885e-16    0
543    143    167    1.4248375339217715671e-05    1.8380685526767354522e-05    9.0499276209640143215e-06    8.5974312399158123017e-16    0
544    144    151    9.1108099547822827635e-06    8.5980094133105254973e-06    5.7972794648683514989e-06    6.3770074113551858573e-17    0
545    144    164    1.1756416653302261967e-05    8.6570210866384543865e-06    8.3940140059669536457e-06    8.3100738659072849531e-16    0
546    144    166    1.5567962393368382377e-05    1.1401195280092016606e-05    8.374600887126705729e-06    1.507428159682807075e-16    0
547    147    148    7.7449701570134309988e-06    1.3313714591172024973e-05    9.004565254310747271e-06    6.21315002547441522e-16    0
548    147    162    6.3809200667657405682e-06    1.4254072041607808124e-05    1.1905080583364527542e-05    2.9048396623409444861e-15    0
549    147    162    2.1514963912105059408e-05    2.1862001850051994065e-05    1.0240344765530679368e-05    4.8129620397994185497e-16    0
550    147    165    1.5735449914659294606e-05    5.9164735291734622119e-06    6.9889727739151451309e-06    1.0064120794437808206e-15    0
551    147    172    2.2493422976085115786e-05    1.048692276918965685e-05    7.4472457448321374018e-06    8.6388050640052792864e-16    0
552    147    183    3.2937235428701375163e-05    7.4655856791956887235e-06    6.2304666724507046591e-06    9.3457000086760553681e-17    0
553    147    189    3.4773645970138999733e-05    2.3835977583941397325e-05    8.5608075571934060417e-06    2.3114180404422196022e-16    0
554    148    165    8.3517086876119616914e-06    4.0001485838206239263e-06    8.4195266572924127706e-06    1.3302852118522012708e-15    0
555    148    167    2.7128623646976429283e-05    1.7084825405736206341e-05    9.2780644204343663822e-06    1.1783141813951644559e-15    0
556    148    170    8.0466308822266213025e-06    1.3144785259364936432e-05    8.9799903680109430265e-06    2.0923377557465495668e-15    0
557    148    170    2.2772027437404380453e-05    1.7928838338272643947e-05    1.0174959710318508691e-05    1.6279935536509613774e-16    0
558    148    189    1.261697020602437527e-05    1.8338507019229755143e-05    1.3967322962688951348e-05    1.5364055258957847583e-16    0
559    149    155    1.8710196286447716523e-05    1.0053531999656282927e-05    6.769862724922661198e-06    3.3104628724871810418e-15    0
560    149    158    3.9778749309153876265e-06    2.653096036554981573e-06    7.3407262833992070763e-06    2.5031876626391290139e-15    0
561    149    169    3.1236914398188749236e-05    1.4776574316013371804e-05    6.4867933602787101948e-06    2.0173927350466786065e-15    0
562    150    161    2.4081696990206932329e-05    1.0720833879533585536e-05    8.1720128275317282244e-06    1.6344025655063455449e-17    0
563    150    162    7.8132799199832442217e-06    1.3369128130307967426e-05    1.3029844295521928591e-05    7.5051903142206305953e-15    0
564    150    162    1.142696156010050335e-05    1.7684798064682015928e-05    1.3537402234063915021e-05    2.7074804468127830324e-17    0
565    150    171    1.8824938917595718691e-05    8.1836803867212331957e-06    8.1128623523667251215e-06    4.1537855244117630014e-15    0
566    151    164    8.2419693965452117917e-06    1.3002350145629918188e-05    7.2551161940852702603e-06    5.6589906313865099777e-16    0
567    151    182    9.8837223019974899539e-06    1.3260404962798265154e-05    6.5910228718053544126e-06    8.7660604195011216237e-16    0
568    152    167    1.4353249765415358765e-05    2.6947161205661837542e-05    8.3924907418402989155e-06    6.2104431489618200213e-16    0
569    152    173    5.726052568212607814e-06    6.8726460471668772656e-06    7.8351375999278444158e-06    2.0293006383813114038e-15    0
570    152    189    1.026828144364858428e-05    1.7337835535234685818e-05    9.5737885647272999169e-06    9.4780506790800262045e-16    0
571    153    166    1.8830508239135235891e-06    5.4330749226775348771e-06    9.7303453482771750158e-06    2.0920242498795922611e-15    0
572    153    166    7.7402982422608984376e-06    1.505075543145084151e-05    1.0942054973623317841e-05    1.1270316622832016868e-15    0
573    153    173    7.4756470810459321096e-06    1.7054785392470703953e-05    1.1001010094408455152e-05    1.1001010094408452919e-16    0
574    154    163    1.5555625340191124302e-05    1.7674632328705551022e-05    1.9454779779784478803e-05    1.6342015015018960425e-15    0
575    154    163    1.7983514190222085131e-05    1.4784370727705278245e-05    1.6605832301696551263e-05    8.8010911198991719336e-16    0
576    154    167    9.4585919396155253313e-06    1.8778041203184702416e-05    8.2340242513401983401e-06    1.4821243652412357007e-16    0
577    154    168    7.9967591742357722119e-06    1.7490909921053845457e-05    5.9435269764913743542e-06    7.1916676415545626282e-16    0
578    154    174    1.9653861478002499814e-05    1.9331955661124306889e-05    6.3888413282689385982e-06    7.4110559407919691263e-16    0
579    155    167    7.4225546399603729196e-06    7.6292546093473986429e-06    5.8507648649449173222e-06    2.2876490621934626337e-15    0
580    155    169    2.1919024085541142805e-05    1.6632224259712219806e-05    5.0745153890902700973e-06    1.6238449245088864351e-16    0
581    155    184    1.5424623999516778199e-05    1.4178005882317252362e-05    5.5372362214733441399e-06    8.9149503165720832104e-16    0
582    156    177    9.0866351072821262817e-06    1.6954664212087434814e-05    8.1397742067748828987e-06    4.6396712978616825461e-16    0
583    156    198    3.5985751597196933383e-06    7.7785688512197120133e-06    2.4843180220529762609e-05    2.1861998594066187596e-15    0
584    157    161    9.7272825780041921075e-06    1.1923413030177016432e-05    5.5410752465613350576e-06    2.5821410648975817865e-15    0
585    157    170    1.5590417377582644834e-05    1.1151110391354390064e-05    9.3298220323673771418e-06    4.1051216942416456535e-16    0
586    157    170    1.2623068400957994302e-05    1.2149903543410846727e-05    1.0674758574533311982e-05    7.4723310021733172118e-17    0
587    157    171    1.2664166052484050434e-05    1.6987063235038802684e-05    7.7554350128844462396e-06    1.9388587532211114519e-16    0
588    157    179    7.4886303587107393948e-06    8.0399846578316320144e-06    5.0253971111535183591e-06    2.5177239526879124809e-15    0
589    157    196    1.8060676532769557104e-05    2.215807261875178162e-05    1.2112657335155642315e-05    2.0228137749709923403e-15    0
590    158    177    9.7561262279954390718e-06    7.1890917833382904186e-06    8.359039549791673552e-06    2.9256638424270855804e-15    0
591    158    185    1.7283703737646312934e-05    1.3843988416938138376e-05    8.6675576598277414181e-06    2.3402405681534901421e-16    0
592    159    182    6.445556888713297517e-06    9.1285065061281717798e-06    1.2001878690916471663e-05    2.4003757381832940062e-16    0
593    159    182    7.2078210421097167464e-06    1.1813353455854330644e-05    1.1326902327006710617e-05    1.3592282792408049137e-15    0
594    161    162    1.3448433898305086655e-05    2.139814646573715969e-05    7.9069908216079082524e-06    2.0241896503316244299e-15    0
595    161    171    9.1242295601910054033e-06    7.1975060686560936201e-06    5.4587463891880959123e-06    1.9323962217725857321e-15    0
596    161    172    8.8752943401816434367e-06    5.3789780834734972302e-06    4.901004165621893211e-06    1.9456986537518913814e-15    0
597    162    166    2.0166148228830539483e-05    3.8164062888650832452e-05    1.1044135660086986083e-05    3.5341234112278353783e-16    0
598    162    166    1.5273947379701984927e-05    3.1584522762155444028e-05    1.0720290977916089288e-05    3.966507661828952576e-16    0
599    162    171    2.2214728702907505413e-05    1.6202767065364522713e-05    1.053468676322685963e-05    3.1604060289680570683e-16    0
600    162    172    2.1271272252848825784e-05    1.7915132998376316685e-05    1.0800311615257999516e-05    2.1600623230515998726e-17    0
601    162    172    2.07661559128710104e-05    2.1750355524488463753e-05    9.6518854652873753821e-06    2.8955656395862121132e-16    0
602    162    192    1.785790796010873851e-05    1.0981811800486244416e-05    1.3280897883240397504e-05    5.9764040474581778537e-16    0
603    162    193    2.2537482079162841767e-05    7.8994877312950012387e-06    1.1106136346510106727e-05    4.4424545386040427687e-17    0
604    162    194    2.0780615273165147243e-05    5.5149304616168227157e-06    1.0406166448934698151e-05    3.2467239320676254483e-15    0
605    162    208    1.9994207367663695285e-05    6.2277147669956415849e-06    1.0785177900009062799e-05    4.745478276003987087e-16    0
606    163    174    4.0989691346600175007e-06    6.2261027751522744951e-06    5.2537336426421679154e-06    1.2136124714503408526e-15    0
607    163    178    1.7841314625544442895e-05    1.0385286908433073396e-05    1.3549316467983670096e-05    8.8070557041893846362e-16    0
608    163    196    1.9152319790301439964e-05    1.5557860411435005005e-05    1.8753333730907063701e-05    1.4815133647416579864e-15    0
609    164    166    4.892449616001537724e-06    8.1445121704447816664e-06    1.1566557018802768779e-05    1.1103894738050656269e-15    0
610    164    173    9.2863793916620960401e-06    2.0122934892397094137e-05    1.1178079487914743478e-05    8.2717788210569088362e-16    0
611    164    181    5.6914412694301757796e-06    5.1237950861668969739e-06    8.2111340303132760105e-06    4.8445690778848323022e-16    0
612    164    182    6.0600438727839725192e-06    9.705945673666771295e-06    1.1426951976515894199e-05    9.8271786998036674198e-16    0
613    165    189    1.119095009033810007e-05    1.6816056976991151814e-05    8.453574495993852728e-06    3.8041085231972334005e-16    0
614    165    192    9.241577270128583502e-06    1.9226258003087158272e-05    1.040516537655838413e-05    8.9484422238402087191e-16    0
615    166    173    2.5626026603455785035e-05    1.9206406651449620462e-05    1.2641651831535260332e-05    1.2641651831535258212e-16    0
616    166    181    8.1588469942320232151e-06    4.8991148131304003804e-06    1.0368517276565495617e-05    1.0368517276565496112e-17    0
617    166    187    1.8424601116564519489e-05    1.7910058615582317537e-05    7.33017334336858226e-06    1.0995260015052870454e-16    0
618    166    187    1.2771632440508588841e-05    1.162656601967960616e-05    7.5822212367231861088e-06    4.0185772554632882619e-16    0
619    166    187    1.4640033135431754755e-05    1.1494760295289560868e-05    8.2150329039106838118e-06    1.0679542775083887444e-16    0
620    166    192    2.2844835929015169936e-05    1.5922075160290088546e-05    1.2262130733339224285e-05    2.0477758324676502716e-15    0
621    167    168    1.1995580741571039429e-05    6.5944203857728452077e-06    8.486090438461535749e-06    6.3136512862153815457e-15    0
622    167    184    1.521837761848976014e-05    3.7677694830189092687e-06    6.831530368045994511e-06    1.680556470539314108e-15    0
623    167    186    2.4843311403505963887e-05    1.0176659652133398452e-05    7.7189071643259290204e-06    1.6981595761517041792e-16    0
624    167    189    2.274207765095982676e-05    2.0472431280491256063e-05    1.0405164779354933227e-05    1.0925423018322676803e-15    0
625    167    197    1.3635690385531296239e-05    6.1479488869762492263e-06    7.9447195509158826586e-06    1.8670090944652320851e-15    0
626    168    180    1.2481750472610055562e-05    4.661416378743964149e-06    5.6019867487516609552e-06    3.2491523142759633742e-16    0
627    168    180    1.4285622983137810681e-05    5.347171476715689157e-06    5.6054367547872000917e-06    3.6435338906116798397e-16    0
628    168    184    1.7835862311741994892e-05    7.381223871068976893e-06    5.7666993916086950312e-06    1.0956728844056518676e-15    0
629    168    206    2.8666483970996745149e-05    1.2903463385564523585e-05    5.914684276488286139e-06    1.7744052829464853973e-16    0
630    168    212    2.6454024592474904859e-05    8.9307930613578335489e-06    5.4557156917554606177e-06    2.3459577474548475482e-16    0
631    169    184    1.7852040445179612909e-05    1.9660642317229191385e-05    6.8767276601324722651e-06    1.1277833362617253793e-15    0
632    169    184    2.1928979576427667833e-05    2.7108237424837940198e-05    6.5196748522165103682e-06    3.9118049113299062948e-17    0
633    169    185    2.5120475632353377906e-05    1.6688592468482707954e-05    1.4391754183144553299e-05    1.0074227928201185713e-15    0
634    169    201    1.2534343122669321135e-05    4.8334634151890225269e-06    1.2098973513706741067e-05    8.5902711947317847651e-16    0
635    170    178    1.1901223196808190078e-05    4.9707688696293441641e-06    7.8966729028818344484e-06    6.554238509391922599e-16    0
636    170    179    1.4927322243958016822e-05    1.5096956351363102904e-05    5.1745914251067330302e-06    5.1745914251067327591e-16    0
637    170    186    5.3499828210728158913e-06    4.1353819514746286646e-06    9.875771569440411449e-06    1.8171419687770354671e-15    0
638    170    189    9.2295456415122797766e-06    1.9703199201535262616e-05    1.3733893197303926128e-05    3.4334732993259813223e-16    0
639    170    189    9.8680638959971725177e-06    1.7725808078102001878e-05    1.455953078568416913e-05    1.45595307856841695e-17    0
640    170    190    8.6512806404799243615e-06    1.4373101786060021596e-05    1.4824394928209264701e-05    3.5726791776984317047e-15    0
641    171    172    1.2106699041359012239e-05    1.7958849518034060211e-05    8.2663067647506883789e-06    6.2823931412105221844e-16    0
642    171    179    1.9664430988481713036e-05    1.4926634473893361793e-05    6.0296891580940188631e-06    4.0398917359229929383e-16    0
643    171    196    1.500569335972336816e-05    4.4515960570025820363e-05    1.3214455852336066897e-05    1.7839515400653692017e-15    0
644    171    199    2.2357130809816750728e-05    1.4693800721048325985e-05    7.3631699894582519742e-06    5.3751140923045235633e-16    0
645    171    199    2.0581931755786351856e-05    1.5761341053121223892e-05    7.8454826003136241995e-06    5.4918378202195361077e-17    0
646    171    199    1.9893131290577880564e-05    2.2612692829888010354e-05    9.4935153140561431433e-06    9.1137747014938983617e-16    0
647    171    202    1.6752462637528599384e-05    1.2402885507955963419e-05    7.7325250752173008877e-06    4.639515045130380866e-17    0
648    172    183    1.0302093888451613264e-05    4.4968073247991821218e-06    7.0929167887024103403e-06    7.5184917960245544926e-16    0
649    172    193    1.4382022320685083824e-05    7.6007785953113096982e-06    7.5471670986963256732e-06    2.2641501296088971567e-16    0
650    172    193    1.5756545320898317306e-05    8.3840370875605986641e-06    7.5649774508885897958e-06    3.1772905293732073208e-16    0
651    172    202    1.233225927349399092e-05    7.7323026834079329256e-06    8.0335579961224938111e-06    8.8369137957347416578e-16    0
652    173    177    1.4059601458437051241e-05    1.1109290209241489984e-05    1.2006507071038588358e-05    1.6448914687322864475e-15    0
653    173    188    1.0551821461600760822e-05    3.4906274229592252491e-06    1.0178623128037472191e-05    2.0255460024794567589e-15    0
654    173    189    1.2182078753451413625e-05    1.1197460314569801368e-05    1.4678719080588914405e-05    2.7008843108283601887e-15    0
655    173    192    1.5400407881631673202e-05    1.0695834857135942718e-05    1.2960428998046726555e-05    5.5729844691600919765e-15    0
656    173    198    1.2055607233637498715e-05    9.5031376344875780526e-06    1.3677540194122019993e-05    1.8191128458182285907e-15    0
657    173    203    2.6793526936988508284e-05    9.4719440393666069566e-06    1.0352304884119849554e-05    1.6563687814591759408e-16    0
658    173    213    2.7964044544647198456e-05    9.7523692427450993343e-06    1.0315826367229653519e-05    1.6505322187567445297e-16    0
659    174    191    6.4366420172735854763e-06    6.295547797028133953e-06    6.2666436558755185868e-06    1.6418606378393856156e-15    0
660    176    199    6.344288770224741663e-08    1.7385338650713751075e-07    2.3492331146729071388e-05    2.5841564261401974846e-16    0
661    176    199    6.8008982085891552845e-07    1.9644963183314244901e-06    2.4085007054908185521e-05    9.6340028219632738721e-17    0
662    177    185    1.0357480823720566627e-05    1.186927314811668177e-05    1.0757587130910679677e-05    7.2075833777101553531e-16    0
663    177    195    9.8810888178667227808e-06    1.1475026608457598745e-05    1.013161117369778859e-05    2.1884280135187218657e-15    0
664    177    198    1.0676996436490011737e-05    1.4117420051412910486e-05    1.2306758995045135073e-05    1.2799029354846939047e-15    0
665    178    190    3.7825902987095334147e-07    1.4815717850461480106e-06    1.388166750778376931e-05    2.5125818189088617599e-15    0
666    178    190    1.3297366058275872976e-05    1.3157389885897170583e-05    9.9178018697346918603e-06    1.9835603739469382991e-16    0
667    178    196    1.5877506804518728625e-05    1.3165276878727089012e-05    9.1187062537854309528e-06    4.1946048767412973176e-16    0
668    179    190    1.4580926608374837047e-05    2.7408443151554219124e-05    7.4928513165289490795e-06    5.919352540057869426e-16    0
669    179    196    6.30033323831767476e-06    2.3464544205602169832e-05    1.2292308763663379847e-05    6.6378467323782248934e-15    0
670    179    196    1.3122271524451642374e-05    3.4542299068534072944e-05    9.4510388330936246287e-06    2.7408012615971510158e-16    0
671    179    202    1.5265654716140880919e-05    1.2879586734859533302e-05    4.7971403658865436275e-06    3.5498838707560419281e-16    0
672    180    212    9.9408873607967868189e-06    9.4548787403691507815e-06    5.071030544695080393e-06    5.5781335991645881422e-17    0
673    181    182    3.5429512711661935315e-06    5.6849307078833809196e-06    1.0132012836486236845e-05    1.1145214120134859678e-15    0
674    181    182    7.0300817314277056294e-06    9.0872054147277515988e-06    8.9184719012584245251e-06    4.2808665126040441648e-16    0
675    181    182    7.9947812215116498822e-06    1.3871854234958221178e-05    1.0639819494836122272e-05    1.2767783393803348346e-16    0
676    181    200    6.7047269477154742987e-06    4.9929543894811332673e-06    6.7869956320416865379e-06    3.1898879470595919988e-16    0
677    181    209    8.649853101491384135e-06    5.5719044839598927033e-06    6.3959258292349428283e-06    5.3725776965573516928e-16    0
678    182    187    2.0919852124708652108e-05    1.6090875860789460606e-05    8.3107094246389069908e-06    9.9728513095666889515e-17    0
679    182    198    2.1969586655429915894e-05    1.7059660150859416548e-05    1.2497274477367432125e-05    9.9978195818939450828e-16    0
680    182    204    1.8602164117472113849e-05    3.0136493839384294185e-06    8.1743859166370562116e-06    4.0871929583185278123e-16    0
681    182    209    4.1120250356875451644e-06    3.5239033459300777583e-06    1.3063306610457755221e-05    1.2018242081621131487e-15    0
682    182    209    1.2669337126121605318e-05    1.1010756815997090172e-05    1.3148510342663045547e-05    3.9445531027989139712e-17    0
683    183    186    4.6551303021922965219e-06    6.3529372369419630611e-06    8.3840568370937978168e-06    1.1402317298447563901e-15    0
684    184    206    8.4478328621594867963e-06    7.7184148257607469376e-06    6.8970808780463562984e-06    1.0069738081947677226e-15    0
685    185    189    9.4293490998016624681e-06    1.2085687589143659273e-05    1.310760455532493474e-05    2.0447863106306896744e-15    0
686    185    195    6.1402225183128565319e-06    3.6257094556670426422e-06    9.1367667738339106961e-06    4.403921584987943533e-15    0
687    185    197    9.4025866165134003576e-06    1.4796907291639125351e-05    8.8853945481738329769e-06    7.8191472023929726486e-16    0
688    185    206    1.3445199256703639889e-05    6.4690879990120302113e-06    8.508646462989519484e-06    1.0976153937256479787e-15    0
689    186    189    4.3383835843849531796e-06    1.2833926482333794707e-05    1.2514397665615063115e-05    1.2639541642271212175e-15    0
690    186    189    1.0564344394891615373e-05    1.4809788709630580114e-05    1.1621611577916342054e-05    4.0675640522707191878e-16    0
691    187    200    9.6250176604251549192e-06    3.9321987150038784745e-06    5.0893128326406657428e-06    3.206267084563619567e-16    0
692    187    200    1.0886815365551423784e-05    1.1853604666413871399e-05    7.5472333718816464828e-06    4.0755060208160885973e-16    0
693    187    203    7.2150192794052634513e-06    4.0667194117933138693e-06    5.6497430305221271082e-06    9.4915682912771725502e-16    0
694    187    205    4.0094078800771620476e-06    7.825967087815575678e-06    4.4000803088992090681e-06    9.1961678455993466311e-16    0
695    188    198    5.9016123085482832933e-06    1.123810147050741134e-05    9.1993808337233667688e-06    5.4276346918967856227e-16    0
696    188    213    4.3472462434204779517e-06    7.0966246644368128325e-06    6.4586660020976872638e-06    1.0140105623293368269e-15    0
697    189    192    1.5712134468988547565e-05    1.3197549840287470927e-05    1.7208734681139840059e-05    1.7552909374762635697e-15    0
698    189    192    2.1602832134328204058e-05    1.6459107773439880963e-05    1.6478626306701630851e-05    8.239313153350815075e-17    0
699    189    195    7.4368045175443667623e-06    7.2150911939411191333e-06    1.1055081540386567832e-05    3.7918929683525922185e-15    0
700    189    197    1.376106741265244174e-05    5.9610401584764894487e-06    1.3404233288773907717e-05    5.4957356483973020974e-16    0
701    190    191    1.0674102691213083552e-05    1.8851242208292626841e-05    6.7777138218994799343e-06    1.131878208257213079e-15    0
702    190    196    1.1293250482249693126e-05    1.1217919454842005216e-05    1.983242369516549598e-05    5.9497271085496484839e-17    0
703    190    202    2.2686804548894577092e-05    1.8652990094394966198e-05    1.3364021555661565577e-05    2.6728043111323129993e-17    0
704    190    202    2.1601436551735382678e-05    2.3008767191463197358e-05    1.1691175208695783183e-05    4.6764700834783129026e-17    0
705    191    196    1.494043710329180343e-05    1.5512998221014206188e-05    8.8206625674342318053e-06    9.1734890701316002058e-16    0
706    192    194    1.1828362172908433211e-05    8.9284766517289559684e-06    8.6726599077832008933e-06    2.4890533935337784195e-15    0
707    192    208    1.8320653650303677393e-05    6.1844353970819953312e-06    1.0990856405629976757e-05    2.7477141014074936975e-16    0
708    192    210    1.6506415261024711587e-05    7.0419565399818514551e-06    1.1722610384010156539e-05    5.2751746728045695649e-16    0
709    193    208    4.1352375842015436419e-06    3.0985647140034313049e-06    7.9408734882437549408e-06    1.5087659627663129807e-16    0
710    193    210    8.6888871094879567021e-07    7.0488226928179025397e-07    8.2220381266614656394e-06    6.8242916451290164279e-16    0
711    194    205    9.2639032658728045886e-06    9.3888856872724602953e-06    5.7802460226151759122e-06    8.6125665736966107503e-16    0
712    194    205    1.1962701072192292057e-05    1.6718298237414132984e-05    4.9913590219722333945e-06    4.4922231197750097057e-17    0
713    194    208    8.321458543750733704e-06    1.6859922711740119646e-05    1.1288820431852659279e-05    5.6444102159263290469e-17    0
714    194    208    1.0278413476678694357e-05    1.6195604980280271616e-05    9.608647323807043285e-06    5.765188394284226567e-17    0
715    195    198    1.5822272610905700638e-05    1.462223708905095043e-05    1.0474904625213637396e-05    9.7416613014486811047e-16    0
716    196    202    3.660621767714412005e-05    5.4125666987065353469e-06    1.1344325234894424244e-05    1.8718136637575800365e-15    0
717    197    206    7.5381007385680734578e-06    5.4283409605381696984e-06    9.3454509181013176053e-06    8.9716328813772656259e-16    0
718    197    212    1.2378492098052091755e-05    9.3563387236122181191e-06    9.5395943267288253324e-06    6.0099444258391598447e-16    0
719    199    214    1.2046201426512089704e-05    2.2850746687210117615e-06    2.1285067010412593249e-05    2.1285067010412591723e-16    0
720    199    214    8.5331871901143013836e-06    2.4857072435517139504e-06    2.3102928248951943376e-05    4.6205856497903887633e-17    0
721    200    213    4.3799535656408740251e-06    3.3050663490021613423e-06    8.7978506387638280085e-06    3.783075774668445414e-16    0
722    200    213    6.5216259892787006218e-06    7.2753371815280332667e-06    7.5954252099500791815e-06    7.5954252099500783873e-17    0
723    203    205    6.487948087401181711e-06    6.1596903846321495086e-06    5.9740266888465960198e-06    4.779221351077276279e-16    0
724    204    209    7.2443878404962329623e-06    8.7941020166046238833e-06    1.1635501048392637267e-05    1.1635501048392637293e-17    0
