216    0.00014999999999999998686    0.00014999999999999998686    0.00014999999999999998686
1    9.999999999999999124e-05    0.00014899999999999998966    1.9999999999999999095e-06    1    0    0    1    45    
2    8.7999999999999997712e-05    6.000000000000000152e-06    3.000000000000000076e-06    3    -1    31    44    1    0    1    81    82    
3    0.00014199999999999998214    2.900000000000000017e-05    3.000000000000000076e-06    1    35    0    0    83    
4    6.4999999999999994306e-05    0.00014699999999999999525    3.000000000000000076e-06    5    0    0    23    33    33    0    1    46    47    84    85    86    
5    2.0999999999999998838e-05    7.5999999999999990632e-05    3.999999999999999819e-06    4    20    20    29    41    0    0    87    88    89    90    
6    2.59999999999999984e-05    1.5999999999999999276e-05    4.999999999999999562e-06    5    -1    11    22    36    39    1    0    2    91    92    93    94    
7    0.00010799999999999999596    0.00010799999999999999596    4.999999999999999562e-06    4    13    14    14    53    0    0    95    96    97    98    
8    4.999999999999999562e-06    0.00013400000000000000452    4.999999999999999562e-06    7    0    23    29    40    40    40    48    0    1    48    99    100    101    102    103    104    
9    0.00014799999999999999246    0.00014599999999999999805    4.999999999999999562e-06    3    0    13    42    0    1    49    105    106    
10    0.00011299999999999999552    4.999999999999999562e-06    6.000000000000000152e-06    3    -1    25    32    1    0    3    107    108    
11    4.1999999999999997676e-05    9.999999999999999124e-06    6.000000000000000152e-06    9    -1    -1    6    15    20    20    31    44    58    1    0    4    5    91    109    110    111    112    113    114    
12    0.00011600000000000000068    1.9999999999999998248e-05    6.000000000000000152e-06    0    0    0    
13    0.0001259999999999999998    0.0001259999999999999998    6.000000000000000152e-06    12    0    0    7    9    14    30    33    42    42    45    52    52    0    1    50    51    95    105    115    116    117    118    119    120    121    122    
14    0.0001259999999999999998    8.9999999999999992116e-05    6.999999999999999895e-06    8    7    7    13    28    28    37    46    52    0    0    96    97    115    123    124    125    126    127    
15    7.7999999999999998588e-05    4.6000000000000000036e-05    9.000000000000000228e-06    4    11    20    28    44    0    0    109    128    129    130    
16    6.7000000000000002262e-05    8.7999999999999997712e-05    9.000000000000000228e-06    4    20    28    38    50    0    0    131    132    133    134    
17    5.6999999999999996362e-05    0.00012100000000000000024    9.000000000000000228e-06    9    23    23    30    33    33    47    50    50    61    0    0    135    136    137    138    139    140    141    142    143    
18    0.00011100000000000000112    2.499999999999999781e-05    9.999999999999999124e-06    0    0    0    
19    0.00011199999999999999832    4.1999999999999997676e-05    9.999999999999999124e-06    7    26    27    28    35    44    63    64    0    0    144    145    146    147    148    149    150    
20    4.999999999999999562e-05    5.800000000000000034e-05    9.999999999999999124e-06    12    5    5    11    11    15    16    28    36    38    38    65    79    0    0    87    88    110    111    128    131    151    152    153    154    155    156    
21    3.000000000000000076e-06    2.3000000000000000018e-05    1.0999999999999999714e-05    2    39    39    0    0    157    158    
22    1.6999999999999999866e-05    4.8999999999999998418e-05    1.0999999999999999714e-05    5    6    36    39    39    41    0    0    92    159    160    161    162    
23    4.4999999999999996058e-05    0.00012799999999999999421    1.0999999999999999714e-05    11    0    4    8    17    17    29    33    38    47    48    56    0    1    52    84    99    135    136    163    164    165    166    167    168    
24    0.00011299999999999999552    0.00014500000000000000085    1.2000000000000000304e-05    0    0    0    
25    9.6999999999999999634e-05    3.999999999999999819e-06    1.29999999999999992e-05    5    -1    10    44    44    78    1    0    6    107    169    170    171    
26    0.0001049999999999999908    4.4999999999999996058e-05    1.399999999999999979e-05    3    19    28    44    0    0    144    172    173    
27    0.00013799999999999999333    5.6999999999999996362e-05    1.399999999999999979e-05    6    19    35    37    57    63    64    0    0    145    174    175    176    177    178    
28    0.0001019999999999999992    6.2999999999999999902e-05    1.399999999999999979e-05    12    14    14    15    16    19    20    26    44    50    51    64    79    0    0    123    124    129    132    146    151    172    179    180    181    182    183    
29    1.5999999999999999276e-05    0.00010600000000000000156    1.4999999999999998686e-05    11    5    8    23    38    38    47    47    47    47    55    55    0    0    89    100    163    184    185    186    187    188    189    190    191    
30    9.6000000000000002432e-05    0.0001250000000000000026    1.4999999999999998686e-05    6    13    17    33    45    52    53    0    0    116    137    192    193    194    195    
31    5.4999999999999995182e-05    4.999999999999999562e-06    1.6999999999999999866e-05    7    -1    2    11    44    44    58    78    1    0    7    81    112    196    197    198    199    
32    0.00013300000000000000732    4.999999999999999562e-06    1.6999999999999999866e-05    4    -1    10    34    75    1    0    8    108    200    201    
33    7.7999999999999998588e-05    0.00014099999999999998494    1.6999999999999999866e-05    9    0    4    4    13    17    17    23    30    69    0    1    53    85    86    117    138    139    164    192    202    
34    0.00014599999999999999805    1.8999999999999997658e-05    1.8000000000000000456e-05    2    32    66    0    0    200    203    
35    0.00014199999999999998214    4.3999999999999998856e-05    1.8000000000000000456e-05    5    3    19    27    63    63    0    0    83    147    174    204    205    
36    4.3999999999999998856e-05    3.3999999999999999732e-05    1.8999999999999997658e-05    7    6    20    22    39    44    65    78    0    0    93    152    159    206    207    208    209    
37    0.00014500000000000000085    7.5999999999999990632e-05    1.8999999999999997658e-05    6    14    27    52    52    57    57    0    0    125    175    210    211    212    213    
38    3.9999999999999996496e-05    9.3999999999999994476e-05    1.8999999999999997658e-05    13    16    20    20    23    29    29    47    55    59    59    65    74    85    0    0    133    153    154    165    184    185    214    215    216    217    218    219    220    
39    1.9999999999999998248e-05    2.799999999999999958e-05    1.9999999999999998248e-05    8    6    21    21    22    22    36    58    81    0    0    94    157    158    160    161    206    221    222    
40    4.999999999999999562e-06    0.00014400000000000000365    1.9999999999999998248e-05    6    0    8    8    8    48    60    0    1    54    101    102    103    223    224    
41    1.2000000000000000304e-05    5.9999999999999994744e-05    2.0999999999999998838e-05    3    5    22    59    0    0    90    162    225    
42    0.00013500000000000000173    0.00014099999999999998494    2.0999999999999998838e-05    9    0    9    13    13    45    45    45    54    82    0    1    55    106    118    119    226    227    228    229    230    
43    0    8.299999999999999815e-05    2.1999999999999999428e-05    0    0    0    
44    9.4999999999999991678e-05    3.4999999999999996934e-05    2.3000000000000000018e-05    14    2    11    15    19    25    25    26    28    31    31    36    78    78    79    0    0    82    113    130    148    169    170    173    179    196    197    207    231    232    233    
45    0.00011100000000000000112    0.00013899999999999999053    2.3000000000000000018e-05    8    0    13    30    42    42    42    54    69    0    1    56    120    193    226    227    228    234    235    
46    0.00011999999999999998949    9.0999999999999989318e-05    2.4000000000000000608e-05    6    14    51    52    53    57    62    0    0    126    236    237    238    239    240    
47    3.7999999999999995316e-05    0.00010899999999999999316    2.499999999999999781e-05    9    17    23    29    29    29    29    38    56    91    0    0    140    166    186    187    188    189    214    241    242    
48    2.4000000000000000608e-05    0.00014699999999999999525    2.499999999999999781e-05    5    0    8    23    40    56    0    1    57    104    167    223    243    
49    0.00014899999999999998966    9.9999999999999995475e-07    2.59999999999999984e-05    1    -1    1    0    9    
50    7.899999999999999579e-05    9.6999999999999999634e-05    2.59999999999999984e-05    7    16    17    17    28    53    61    79    0    0    134    141    142    180    244    245    246    
51    0.00010799999999999999596    7.2000000000000001824e-05    2.900000000000000017e-05    3    28    46    64    0    0    181    236    247    
52    0.00012999999999999998861    0.00011199999999999999832    2.900000000000000017e-05    13    13    13    14    30    37    37    46    53    54    57    57    62    100    0    0    121    122    127    194    210    211    237    248    249    250    251    252    253    
53    9.7999999999999996836e-05    0.0001029999999999999964    3.100000000000000135e-05    6    7    30    46    50    52    61    0    0    98    195    238    244    248    254    
54    0.00012100000000000000024    0.00012699999999999999701    3.1999999999999998552e-05    7    42    45    52    70    82    101    120    0    0    229    234    249    255    256    257    258    
55    4.999999999999999562e-06    0.00010600000000000000156    3.2999999999999995754e-05    6    29    29    38    60    71    76    0    0    190    191    215    259    260    261    
56    4.8000000000000001216e-05    0.00014199999999999998214    3.2999999999999995754e-05    6    0    23    47    48    91    92    0    1    58    168    241    243    262    263    
57    0.00013199999999999998302    8.2000000000000000948e-05    3.4999999999999996934e-05    9    27    37    37    46    52    52    64    88    88    0    0    176    212    213    239    250    251    264    265    266    
58    3.4999999999999996934e-05    1.399999999999999979e-05    3.6000000000000000912e-05    11    -1    -1    11    31    39    78    78    80    80    87    116    1    0    10    11    114    198    221    267    268    269    270    271    272    
59    2.4000000000000000608e-05    6.8999999999999996666e-05    3.6999999999999998114e-05    6    38    38    41    65    71    83    0    0    216    217    225    273    274    275    
60    7.999999999999999638e-06    0.00013799999999999999333    3.6999999999999998114e-05    5    0    40    55    76    86    0    1    59    224    259    276    277    
61    8.9999999999999992116e-05    0.0001039999999999999936    3.7999999999999995316e-05    6    17    50    53    70    85    101    0    0    143    245    254    278    279    280    
62    0.00013099999999999998581    0.00010899999999999999316    3.8999999999999999294e-05    5    46    52    118    120    120    0    0    240    252    281    282    283    
63    0.00011699999999999999788    5.0999999999999999598e-05    3.9999999999999996496e-05    7    19    27    35    35    64    67    79    0    0    149    177    204    205    284    285    286    
64    0.00011799999999999999508    6.7000000000000002262e-05    3.9999999999999996496e-05    10    19    27    28    51    57    63    79    85    93    94    0    0    150    178    182    247    264    284    287    288    289    290    
65    4.2999999999999994878e-05    6.2999999999999999902e-05    4.1000000000000000474e-05    10    20    36    38    59    73    81    83    84    85    130    0    0    155    208    218    273    291    292    293    294    295    296    
66    0.00014500000000000000085    1.8000000000000000456e-05    4.1999999999999997676e-05    3    34    75    99    0    0    203    297    298    
67    0.0001250000000000000026    3.1999999999999998552e-05    4.2999999999999994878e-05    4    63    72    75    79    0    0    285    299    300    301    
68    0.00014799999999999999246    3.8999999999999999294e-05    4.2999999999999994878e-05    0    0    0    
69    8.9999999999999992116e-05    0.00014300000000000000645    4.2999999999999994878e-05    4    0    33    45    101    0    1    60    202    235    302    
70    9.6999999999999999634e-05    0.00011399999999999999272    4.3999999999999998856e-05    3    54    61    85    0    0    255    278    303    
71    4.999999999999999562e-06    7.7999999999999998588e-05    4.4999999999999996058e-05    5    55    59    76    83    130    0    0    260    274    304    305    306    
72    0.00011499999999999998993    2.3000000000000000018e-05    4.6000000000000000036e-05    5    -1    67    75    79    79    1    0    12    299    307    308    309    
73    1.9999999999999998248e-05    5.3000000000000000778e-05    4.6000000000000000036e-05    2    65    81    0    0    291    310    
74    4.8000000000000001216e-05    9.0999999999999989318e-05    4.6000000000000000036e-05    2    38    77    0    0    219    311    
75    0.0001240000000000000054    1.4999999999999998686e-05    4.6999999999999997238e-05    6    -1    32    66    67    72    99    1    0    13    201    297    300    307    312    
76    1.2000000000000000304e-05    9.7999999999999996836e-05    4.8999999999999998418e-05    6    55    60    71    83    119    130    0    0    261    276    304    313    314    315    
77    5.3000000000000000778e-05    0.00010899999999999999316    4.999999999999999562e-05    5    74    91    101    101    130    0    0    311    316    317    318    319    
78    6.5999999999999991508e-05    1.8999999999999997658e-05    5.0999999999999999598e-05    13    -1    -1    -1    25    31    36    44    44    58    58    79    87    103    1    0    14    15    16    171    199    209    231    232    267    268    320    321    322    
79    9.6999999999999999634e-05    3.7999999999999995316e-05    5.0999999999999999598e-05    19    -1    20    28    44    50    63    64    67    72    72    78    85    85    85    93    98    102    125    127    1    0    17    156    183    233    246    286    287    301    308    309    320    323    324    325    326    327    328    329    330    
80    6.999999999999999895e-06    1.399999999999999979e-05    5.19999999999999968e-05    6    -1    -1    58    58    81    116    1    0    18    19    269    270    331    332    
81    3.2999999999999995754e-05    3.9999999999999996496e-05    5.19999999999999968e-05    6    39    65    73    80    87    97    0    0    222    292    310    331    333    334    
82    0.00013300000000000000732    0.00013699999999999999613    5.3000000000000000778e-05    5    0    42    54    95    120    0    1    61    230    256    335    336    
83    7.999999999999999638e-06    6.7999999999999999464e-05    5.399999999999999798e-05    10    59    65    71    76    84    97    98    104    130    130    0    0    275    293    305    313    337    338    339    340    341    342    
84    4.8000000000000001216e-05    6.9999999999999993868e-05    5.4999999999999995182e-05    4    65    83    85    98    0    0    294    337    343    344    
85    7.5999999999999990632e-05    7.899999999999999579e-05    5.4999999999999995182e-05    15    38    61    64    65    70    79    79    79    84    98    101    110    110    127    130    0    0    220    279    288    295    303    323    324    325    343    345    346    347    348    349    350    
86    4.999999999999999562e-06    0.00013199999999999998302    5.4999999999999995182e-05    3    60    119    124    0    0    277    351    352    
87    5.9999999999999994744e-05    9.000000000000000228e-06    5.599999999999999916e-05    7    -1    58    78    81    103    106    125    1    0    20    271    321    333    353    354    355    
88    0.00013999999999999998774    8.299999999999999815e-05    5.599999999999999916e-05    5    57    57    118    122    122    0    0    265    266    356    357    358    
89    9.4999999999999991678e-05    0.00014899999999999998966    5.6999999999999996362e-05    1    0    0    1    62    
90    0.00014799999999999999246    7.099999999999999107e-05    5.9999999999999994744e-05    0    0    0    
91    2.699999999999999899e-05    0.00012299999999999998109    5.9999999999999994744e-05    8    0    47    56    77    109    115    124    124    0    1    63    242    262    316    359    360    361    362    
92    7.099999999999999107e-05    0.00014599999999999999805    5.9999999999999994744e-05    5    0    56    101    124    138    0    1    64    263    363    364    365    
93    0.0001029999999999999964    6.5999999999999991508e-05    6.0999999999999998722e-05    4    64    79    94    122    0    0    289    326    366    367    
94    0.00012199999999999999744    6.20000000000000027e-05    6.20000000000000027e-05    3    64    93    122    0    0    290    366    368    
95    0.00014500000000000000085    0.00014400000000000000365    6.20000000000000027e-05    4    0    82    100    120    0    1    65    335    369    370    
96    0.00014699999999999999525    4.999999999999999562e-05    6.2999999999999999902e-05    0    0    0    
97    2.0999999999999998838e-05    4.6999999999999997238e-05    6.5999999999999991508e-05    7    81    83    98    103    107    126    133    0    0    334    338    371    372    373    374    375    
98    5.399999999999999798e-05    7.7000000000000001386e-05    6.7999999999999999464e-05    11    79    83    84    85    97    101    103    113    114    130    133    0    0    327    339    344    345    371    376    377    378    379    380    381    
99    0.00013999999999999998774    6.000000000000000152e-06    6.8999999999999996666e-05    10    -1    66    75    102    102    111    112    137    137    160    1    0    21    298    312    382    383    384    385    386    387    388    
100    0.00014400000000000000365    0.00011100000000000000112    6.8999999999999996666e-05    6    52    95    118    120    122    143    0    0    253    369    389    390    391    392    
101    7.7999999999999998588e-05    0.00012199999999999999744    6.8999999999999996666e-05    15    54    61    69    77    77    85    92    98    105    110    115    128    142    142    148    0    0    257    280    302    317    318    346    363    376    393    394    395    396    397    398    399    
102    0.0001039999999999999936    1.8999999999999997658e-05    6.9999999999999993868e-05    10    -1    79    99    99    106    112    125    146    160    160    1    0    22    328    382    383    400    401    402    403    404    405    
103    5.599999999999999916e-05    4.1000000000000000474e-05    7.099999999999999107e-05    8    78    87    97    98    107    125    132    133    0    0    322    353    372    377    406    407    408    409    
104    9.9999999999999995475e-07    9.8999999999999994038e-05    7.099999999999999107e-05    2    83    119    0    0    340    410    
105    0.00010100000000000000199    0.0001250000000000000026    7.099999999999999107e-05    6    101    118    118    120    140    155    0    0    393    411    412    413    414    415    
106    8.5999999999999989756e-05    3.999999999999999819e-06    7.2000000000000001824e-05    4    -1    87    102    121    1    0    23    354    400    416    
107    1.8999999999999997658e-05    3.6999999999999998114e-05    7.2999999999999999026e-05    5    97    103    116    126    132    0    0    373    406    417    418    419    
108    9.9999999999999995475e-07    4.8999999999999998418e-05    7.2999999999999999026e-05    0    0    0    
109    1.5999999999999999276e-05    0.00012199999999999999744    7.2999999999999999026e-05    6    91    115    119    124    130    130    0    0    359    420    421    422    423    424    
110    9.6999999999999999634e-05    9.0999999999999989318e-05    7.3999999999999996228e-05    10    85    85    101    118    134    139    142    142    151    151    0    0    347    348    394    425    426    427    428    429    430    431    
111    0.00014099999999999998494    3.4999999999999996934e-05    7.499999999999999343e-05    3    99    112    162    0    0    384    432    433    
112    0.00012699999999999999701    4.4999999999999996058e-05    7.5999999999999990632e-05    5    99    102    111    122    162    0    0    385    401    432    434    435    
113    6.7000000000000002262e-05    8.299999999999999815e-05    7.7000000000000001386e-05    4    98    114    142    147    0    0    378    436    437    438    
114    4.8999999999999998418e-05    8.8999999999999994914e-05    7.7999999999999998588e-05    6    98    113    130    133    133    142    0    0    379    436    439    440    441    442    
115    3.3999999999999999732e-05    0.00011399999999999999272    7.899999999999999579e-05    7    91    101    109    119    124    130    148    0    0    360    395    420    443    444    445    446    
116    9.999999999999999124e-06    1.399999999999999979e-05    7.9999999999999992992e-05    7    -1    58    80    107    126    131    132    1    0    24    272    332    417    447    448    449    
117    0.00011899999999999999229    8.700000000000000051e-05    8.0999999999999990194e-05    5    118    122    139    152    166    0    0    450    451    452    453    454    
118    0.00012100000000000000024    0.0001029999999999999964    8.0999999999999990194e-05    11    62    88    100    105    105    110    117    120    139    140    143    0    0    281    356    389    411    412    425    450    455    456    457    458    
119    9.000000000000000228e-06    0.00011399999999999999272    8.0999999999999990194e-05    9    76    86    104    109    115    124    130    154    154    0    0    314    351    410    421    443    459    460    461    462    
120    0.00011999999999999998949    0.00013899999999999999053    8.0999999999999990194e-05    11    0    54    62    62    82    95    100    105    118    128    150    0    1    66    258    282    283    336    370    390    413    455    463    464    
121    8.3999999999999995352e-05    6.000000000000000152e-06    8.2000000000000000948e-05    6    -1    106    125    136    156    160    1    0    25    416    465    466    467    468    
122    0.00013099999999999998581    6.4999999999999994306e-05    8.2000000000000000948e-05    13    88    88    93    94    100    112    117    129    162    162    166    166    166    0    0    357    358    367    368    391    434    451    469    470    471    472    473    474    
123    0    6.8999999999999996666e-05    8.2000000000000000948e-05    0    0    0    
124    2.59999999999999984e-05    0.00013899999999999999053    8.2000000000000000948e-05    12    0    0    86    91    91    92    109    115    119    138    148    169    0    1    67    68    352    361    362    364    422    444    459    475    476    477    
125    7.9999999999999992992e-05    2.59999999999999984e-05    8.299999999999999815e-05    5    79    87    102    103    121    0    0    329    355    402    407    465    
126    1.8999999999999997658e-05    3.7999999999999995316e-05    8.5999999999999989756e-05    6    97    107    116    131    133    153    0    0    374    418    447    478    479    480    
127    8.4999999999999992554e-05    5.8999999999999997542e-05    8.5999999999999989756e-05    4    79    85    146    147    0    0    330    349    481    482    
128    8.2000000000000000948e-05    0.00014599999999999999805    8.5999999999999989756e-05    5    0    101    120    144    157    0    1    69    396    463    483    484    
129    0.00010699999999999999876    6.5999999999999991508e-05    8.700000000000000051e-05    3    122    134    166    0    0    469    485    486    
130    2.9999999999999997372e-05    9.7999999999999996836e-05    8.7999999999999997712e-05    20    65    71    76    77    83    83    85    98    109    109    114    115    119    133    142    154    167    167    168    168    0    0    296    306    315    319    341    342    350    380    423    424    439    445    460    487    488    489    490    491    492    493    
131    3.000000000000000076e-06    4.999999999999999562e-05    8.8999999999999994914e-05    4    116    126    153    168    0    0    448    478    494    495    
132    3.2999999999999995754e-05    1.5999999999999999276e-05    8.9999999999999992116e-05    12    -1    103    107    116    136    156    156    156    163    163    163    163    1    0    26    408    419    449    496    497    498    499    500    501    502    503    
133    4.4999999999999996058e-05    5.800000000000000034e-05    8.9999999999999992116e-05    12    97    98    103    114    114    126    130    147    147    153    167    167    0    0    375    381    409    440    441    479    487    504    505    506    507    508    
134    0.0001039999999999999936    7.7000000000000001386e-05    8.9999999999999992116e-05    3    110    129    139    0    0    426    485    509    
135    6.000000000000000152e-06    2.59999999999999984e-05    9.0999999999999989318e-05    0    0    0    
136    5.6999999999999996362e-05    6.000000000000000152e-06    9.2999999999999997274e-05    5    -1    121    132    156    156    1    0    27    466    496    510    511    
137    0.00014500000000000000085    1.29999999999999992e-05    9.2999999999999997274e-05    6    -1    99    99    159    160    160    1    0    28    386    387    512    513    514    
138    5.599999999999999916e-05    0.00014099999999999998494    9.2999999999999997274e-05    6    0    92    124    148    157    157    0    1    70    365    475    515    516    517    
139    0.00010899999999999999316    9.0999999999999989318e-05    9.3999999999999994476e-05    7    110    117    118    134    152    166    166    0    0    427    452    456    509    518    519    520    
140    0.00010799999999999999596    0.00011299999999999999552    9.3999999999999994476e-05    5    105    118    155    164    173    0    0    414    457    521    522    523    
141    0.00010999999999999999036    0.00014999999999999998686    9.3999999999999994476e-05    1    0    0    1    71    
142    6.20000000000000027e-05    0.00010100000000000000199    9.4999999999999991678e-05    12    101    101    110    110    113    114    130    148    151    154    157    167    0    0    397    398    428    429    437    442    488    524    525    526    527    528    
143    0.00014500000000000000085    0.00011499999999999998993    9.4999999999999991678e-05    5    100    118    150    164    166    0    0    392    458    529    530    531    
144    0.00010100000000000000199    0.00014400000000000000365    9.6000000000000002432e-05    2    0    128    0    1    72    483    
145    0.00013400000000000000452    9.9999999999999995475e-07    9.6999999999999999634e-05    1    -1    1    0    29    
146    9.7999999999999996836e-05    4.8000000000000001216e-05    9.7999999999999996836e-05    9    102    127    147    162    162    165    172    184    190    0    0    403    481    532    533    534    535    536    537    538    
147    7.2999999999999999026e-05    6.20000000000000027e-05    9.999999999999999124e-05    10    113    127    133    133    146    165    167    170    170    190    0    0    438    482    504    505    532    539    540    541    542    543    
148    5.399999999999999798e-05    0.00012899999999999999141    9.999999999999999124e-05    9    0    101    115    124    138    142    154    157    169    0    1    73    399    446    476    515    524    544    545    546    
149    0.0001240000000000000054    0.00014999999999999998686    9.999999999999999124e-05    2    0    158    0    1    74    547    
150    0.00014500000000000000085    0.00013599999999999999893    0.0001019999999999999992    4    120    143    164    183    0    0    464    529    548    549    
151    8.0999999999999990194e-05    9.3999999999999994476e-05    0.0001049999999999999908    6    110    110    142    167    173    190    0    0    430    431    525    550    551    552    
152    0.00012199999999999999744    9.6999999999999999634e-05    0.0001049999999999999908    5    117    139    166    166    173    0    0    453    518    553    554    555    
153    2.1999999999999999428e-05    5.800000000000000034e-05    0.00010600000000000000156    8    126    131    133    163    163    167    168    174    0    0    480    494    506    556    557    558    559    560    
154    3.2999999999999995754e-05    0.00010600000000000000156    0.00010600000000000000156    8    119    119    130    142    148    167    169    185    0    0    461    462    489    526    544    561    562    563    
155    0.0001019999999999999992    0.00012899999999999999141    0.00010699999999999999876    4    105    140    177    195    0    0    415    521    564    565    
156    6.5999999999999991508e-05    1.8999999999999997658e-05    0.00010799999999999999596    13    -1    121    132    132    132    136    136    161    170    170    171    180    193    1    0    30    467    497    498    499    510    511    566    567    568    569    570    571    
157    6.4999999999999994306e-05    0.00013099999999999998581    0.00010799999999999999596    8    0    128    138    138    142    148    177    186    0    1    75    484    516    517    527    545    572    573    
158    0.00012999999999999998861    0.00014400000000000000365    0.00010799999999999999596    4    0    149    183    183    0    1    76    547    574    575    
159    0.00014599999999999999805    1.9999999999999999095e-06    0.00010999999999999999036    2    -1    137    1    0    31    512    
160    0.00011100000000000000112    6.000000000000000152e-06    0.00011100000000000000112    11    -1    99    102    102    121    137    137    161    162    162    171    1    0    32    388    404    405    468    513    514    576    577    578    579    
161    8.9999999999999992116e-05    2.3000000000000000018e-05    0.00011100000000000000112    5    156    160    162    171    172    0    0    566    576    580    581    582    
162    0.00012699999999999999701    4.3999999999999998856e-05    0.00011100000000000000112    18    111    112    122    122    146    146    160    160    161    166    166    171    172    172    192    196    197    207    0    0    433    435    470    471    533    534    577    578    580    583    584    585    586    587    588    589    590    591    
163    1.29999999999999992e-05    9.999999999999999124e-06    0.00011299999999999999552    13    -1    -1    -1    132    132    132    132    153    153    174    178    179    193    1    0    33    34    35    500    501    502    503    556    557    592    593    594    595    
164    0.0001259999999999999998    0.00012100000000000000024    0.00011299999999999999552    7    140    143    150    166    173    182    183    0    0    522    530    548    596    597    598    599    
165    8.700000000000000051e-05    6.5999999999999991508e-05    0.00011399999999999999272    4    146    147    190    192    0    0    535    539    600    601    
166    0.00013599999999999999893    9.999999999999999124e-05    0.00011399999999999999272    19    117    122    122    122    129    139    139    143    152    152    162    162    164    173    182    188    188    188    192    0    0    454    472    473    474    486    519    520    531    553    554    583    584    596    602    603    604    605    606    607    
167    3.3999999999999999732e-05    8.8999999999999994914e-05    0.00011699999999999999788    14    130    130    133    133    142    147    151    153    154    168    185    187    190    199    0    0    490    491    507    508    528    540    550    558    561    608    609    610    611    612    
168    7.999999999999999638e-06    8.2000000000000000948e-05    0.00011799999999999999508    10    130    130    131    153    167    181    181    185    205    211    0    0    492    493    495    559    608    613    614    615    616    617    
169    1.0999999999999999714e-05    0.00014199999999999998214    0.00011799999999999999508    8    0    0    124    148    154    185    185    186    0    1    77    78    477    546    562    618    619    620    
170    5.4999999999999995182e-05    4.999999999999999562e-05    0.00011899999999999999229    10    147    147    156    156    178    180    187    190    190    191    0    0    541    542    567    568    621    622    623    624    625    626    
171    9.6000000000000002432e-05    9.999999999999999124e-06    0.00011999999999999998949    13    -1    -1    156    160    161    162    172    180    193    200    200    200    202    1    0    36    37    569    579    581    585    627    628    629    630    631    632    633    
172    8.299999999999999815e-05    3.6000000000000000912e-05    0.00011999999999999998949    9    146    161    162    162    171    184    196    196    202    0    0    536    582    586    587    627    634    635    636    637    
173    9.2000000000000000072e-05    0.00010100000000000000199    0.00011999999999999998949    12    140    151    152    164    166    177    189    190    192    195    203    212    0    0    523    551    555    597    602    638    639    640    641    642    643    644    
174    6.000000000000000152e-06    1.9999999999999998248e-05    0.00012100000000000000024    4    153    163    179    194    0    0    560    592    645    646    
175    0.00014799999999999999246    7.3999999999999996228e-05    0.00012100000000000000024    0    0    0    
176    0.00014400000000000000365    1.2000000000000000304e-05    0.00012199999999999999744    2    200    200    0    0    647    648    
177    7.2999999999999999026e-05    0.00013099999999999998581    0.00012299999999999998109    6    155    157    173    186    195    198    0    0    564    572    638    649    650    651    
178    3.6999999999999998114e-05    3.4999999999999996934e-05    0.0001250000000000000026    5    163    170    191    191    193    0    0    593    621    652    653    654    
179    3.000000000000000076e-06    3.000000000000000076e-06    0.0001259999999999999998    3    -1    163    174    1    0    38    594    645    
180    6.4999999999999994306e-05    1.6999999999999999866e-05    0.0001259999999999999998    8    -1    156    170    171    191    193    193    202    1    0    39    570    622    628    655    656    657    658    
181    3.999999999999999819e-06    6.4999999999999994306e-05    0.00012699999999999999701    3    168    168    211    0    0    613    614    659    
182    0.00013099999999999998581    0.00011600000000000000068    0.00012899999999999999141    7    164    166    183    183    183    201    208    0    0    598    603    660    661    662    663    664    
183    0.00013899999999999999053    0.00013300000000000000732    0.00012999999999999998861    13    0    150    158    158    164    182    182    182    188    195    208    208    208    0    1    79    549    574    575    599    660    661    662    665    666    667    668    669    
184    7.499999999999999343e-05    5.19999999999999968e-05    0.00013199999999999998302    3    146    172    187    0    0    537    634    670    
185    1.6999999999999999866e-05    9.999999999999999124e-05    0.00013199999999999998302    6    154    167    168    169    169    205    0    0    563    609    615    618    619    671    
186    4.8000000000000001216e-05    0.00011199999999999999832    0.00013199999999999998302    7    157    169    177    190    198    199    205    0    0    573    620    649    672    673    674    675    
187    5.9999999999999994744e-05    6.20000000000000027e-05    0.00013300000000000000732    5    167    170    184    190    190    0    0    610    623    670    676    677    
188    0.00013999999999999998774    9.2000000000000000072e-05    0.00013300000000000000732    8    166    166    166    183    201    201    203    204    0    0    604    605    606    665    678    679    680    681    
189    0.00010999999999999999036    0.00010799999999999999596    0.00013400000000000000452    3    173    195    212    0    0    639    682    683    
190    6.7000000000000002262e-05    8.700000000000000051e-05    0.00013500000000000000173    15    146    147    151    165    167    170    170    173    186    187    187    192    192    198    199    0    0    538    543    552    600    611    624    625    640    672    676    677    684    685    686    687    
191    3.2999999999999995754e-05    4.4999999999999996058e-05    0.00013599999999999999893    8    170    178    178    180    193    194    202    202    0    0    626    652    653    655    688    689    690    691    
192    0.00010999999999999999036    7.099999999999999107e-05    0.00013699999999999999613    9    162    165    166    173    190    190    197    207    209    0    0    588    601    607    641    684    685    692    693    694    
193    3.100000000000000135e-05    6.999999999999999895e-06    0.00013799999999999999333    12    -1    -1    -1    156    163    171    178    180    180    191    194    202    1    0    40    41    42    571    595    629    654    656    657    688    695    696    
194    6.000000000000000152e-06    2.9999999999999997372e-05    0.00013799999999999999333    3    174    191    193    0    0    646    689    695    
195    9.2999999999999997274e-05    0.00014300000000000000645    0.00013799999999999999333    7    0    155    173    177    183    189    198    0    1    80    565    642    650    666    682    697    
196    9.999999999999999124e-05    3.4999999999999996934e-05    0.00013999999999999998774    5    162    172    172    207    209    0    0    589    635    636    698    699    
197    0.00013599999999999999893    6.0999999999999998722e-05    0.00013999999999999998774    6    162    192    204    204    207    207    0    0    590    692    700    701    702    703    
198    6.4999999999999994306e-05    0.00011100000000000000112    0.00013999999999999998774    4    177    186    190    195    0    0    651    673    686    697    
199    4.1000000000000000474e-05    8.0999999999999990194e-05    0.00014099999999999998494    5    167    186    190    205    211    0    0    612    674    687    704    705    
200    0.00013199999999999998302    9.000000000000000228e-06    0.00014199999999999998214    9    -1    -1    171    171    171    176    176    213    213    1    0    43    44    630    631    632    647    648    706    707    
201    0.00012999999999999998861    0.0001039999999999999936    0.00014199999999999998214    5    182    188    188    212    212    0    0    663    678    679    708    709    
202    7.9999999999999992992e-05    2.1999999999999999428e-05    0.00014300000000000000645    6    171    172    180    191    191    193    0    0    633    637    658    690    691    696    
203    0.00012799999999999999421    8.5999999999999989756e-05    0.00014300000000000000645    3    173    188    204    0    0    643    680    710    
204    0.00014400000000000000365    7.2999999999999999026e-05    0.00014400000000000000365    4    188    197    197    203    0    0    681    700    701    710    
205    2.900000000000000017e-05    9.8999999999999994038e-05    0.00014400000000000000365    4    168    185    186    199    0    0    616    671    675    704    
206    1.29999999999999992e-05    0.0001250000000000000026    0.00014400000000000000365    0    0    0    
207    0.00011399999999999999272    3.7999999999999995316e-05    0.00014500000000000000085    5    162    192    196    197    197    0    0    591    693    698    702    703    
208    0.00012799999999999999421    0.00012699999999999999701    0.00014500000000000000085    4    182    183    183    183    0    0    664    667    668    669    
209    9.6999999999999999634e-05    4.1999999999999997676e-05    0.00014599999999999999805    2    192    196    0    0    694    699    
210    7.3999999999999996228e-05    4.8999999999999998418e-05    0.00014599999999999999805    0    0    0    
211    1.5999999999999999276e-05    6.4999999999999994306e-05    0.00014599999999999999805    3    168    181    199    0    0    617    659    705    
212    0.00011499999999999998993    0.0001049999999999999908    0.00014599999999999999805    4    173    189    201    201    0    0    644    683    708    709    
213    0.0001019999999999999992    2.0999999999999998838e-05    0.00014699999999999999525    2    200    200    0    0    706    707    
214    9.9999999999999995475e-07    0.00011199999999999999832    0.00014799999999999999246    0    0    0    
215    4.1000000000000000474e-05    0.0001259999999999999998    0.00014799999999999999246    0    0    0    
216    4.999999999999999562e-05    0.00014099999999999998494    0.00014799999999999999246    0    0    0    
