71    9.999999999999999124e-05    9.999999999999999124e-05    9.999999999999999124e-05
1    4.1000000000000000474e-05    9.9999999999999995475e-07    0    1    -1    1    0    1    
2    9.7999999999999996836e-05    6.999999999999999895e-06    9.9999999999999995475e-07    4    -1    11    20    20    1    0    2    30    31    32    
3    4.6999999999999997238e-05    9.2000000000000000072e-05    3.999999999999999819e-06    5    0    9    10    10    10    0    1    14    33    34    35    36    
4    8.299999999999999815e-05    4.6999999999999997238e-05    4.999999999999999562e-06    3    6    12    20    0    0    37    38    39    
5    1.6999999999999999866e-05    6.20000000000000027e-05    4.999999999999999562e-06    5    9    13    13    16    23    0    0    40    41    42    43    44    
6    8.2000000000000000948e-05    6.2999999999999999902e-05    4.999999999999999562e-06    4    4    7    12    27    0    0    37    45    46    47    
7    7.2999999999999999026e-05    7.7999999999999998588e-05    6.000000000000000152e-06    4    0    6    8    10    0    1    15    45    48    49    
8    9.6999999999999999634e-05    9.7999999999999996836e-05    6.000000000000000152e-06    2    0    7    0    1    16    48    
9    1.0999999999999999714e-05    9.4999999999999991678e-05    7.999999999999999638e-06    4    0    3    5    36    0    1    17    33    40    50    
10    6.4999999999999994306e-05    7.899999999999999579e-05    1.29999999999999992e-05    8    3    3    3    7    14    20    23    27    0    0    34    35    36    49    51    52    53    54    
11    9.2000000000000000072e-05    2.59999999999999984e-05    1.4999999999999998686e-05    4    2    12    20    20    0    0    30    55    56    57    
12    9.2999999999999997274e-05    4.1999999999999997676e-05    1.4999999999999998686e-05    7    4    6    11    20    23    24    26    0    0    38    46    55    58    59    60    61    
13    1.8000000000000000456e-05    3.7999999999999995316e-05    1.5999999999999999276e-05    8    -1    5    5    18    21    22    23    25    1    0    3    41    42    62    63    64    65    66    
14    7.2000000000000001824e-05    8.8999999999999994914e-05    1.8999999999999997658e-05    3    10    17    23    0    0    51    67    68    
15    3.6000000000000000912e-05    6.999999999999999895e-06    1.9999999999999998248e-05    3    -1    20    30    1    0    4    69    70    
16    2.3000000000000000018e-05    6.5999999999999991508e-05    2.0999999999999998838e-05    2    5    19    0    0    43    71    
17    7.899999999999999579e-05    9.8999999999999994038e-05    2.0999999999999998838e-05    2    0    14    0    1    18    67    
18    3.999999999999999819e-06    5.8999999999999997542e-05    2.499999999999999781e-05    4    13    23    25    36    0    0    62    72    73    74    
19    2.799999999999999958e-05    8.3999999999999995352e-05    2.499999999999999781e-05    5    16    32    32    36    36    0    0    71    75    76    77    78    
20    7.2000000000000001824e-05    1.29999999999999992e-05    2.59999999999999984e-05    20    -1    -1    2    2    4    10    11    11    12    15    23    23    23    24    29    33    37    37    41    49    1    0    5    6    31    32    39    52    56    57    58    69    79    80    81    82    83    84    85    86    87    88    
21    7.999999999999999638e-06    1.4999999999999998686e-05    2.699999999999999899e-05    3    13    28    30    0    0    63    89    90    
22    2.3000000000000000018e-05    4.4999999999999996058e-05    2.9999999999999997372e-05    4    13    23    25    29    0    0    64    91    92    93    
23    5.0999999999999999598e-05    5.399999999999999798e-05    2.9999999999999997372e-05    15    5    10    12    13    14    18    20    20    20    22    27    29    31    31    41    0    0    44    53    59    65    68    72    79    80    81    91    94    95    96    97    98    
24    7.7999999999999998588e-05    4.1000000000000000474e-05    3.6000000000000000912e-05    4    12    20    26    38    0    0    60    82    99    100    
25    3.999999999999999819e-06    4.999999999999999562e-05    3.6000000000000000912e-05    5    13    18    22    28    29    0    0    66    73    92    101    102    
26    9.4999999999999991678e-05    3.6000000000000000912e-05    3.8999999999999999294e-05    3    12    24    38    0    0    61    99    103    
27    6.20000000000000027e-05    9.2999999999999997274e-05    4.1000000000000000474e-05    11    0    6    10    23    29    31    32    40    40    46    47    0    1    19    47    54    94    104    105    106    107    108    109    110    
28    3.000000000000000076e-06    1.8999999999999997658e-05    4.2999999999999994878e-05    5    21    25    29    30    30    0    0    89    101    111    112    113    
29    2.900000000000000017e-05    5.19999999999999968e-05    4.2999999999999994878e-05    11    20    22    23    25    27    28    30    34    35    36    43    0    0    83    93    95    102    104    111    114    115    116    117    118    
30    3.100000000000000135e-05    1.5999999999999999276e-05    4.6000000000000000036e-05    10    -1    15    21    28    28    29    37    43    43    51    1    0    7    70    90    112    113    114    119    120    121    122    
31    7.2000000000000001824e-05    6.5999999999999991508e-05    4.8999999999999998418e-05    10    23    23    27    40    44    45    47    47    53    53    0    0    96    97    105    123    124    125    126    127    128    129    
32    5.19999999999999968e-05    9.3999999999999994476e-05    5.0999999999999999598e-05    7    0    19    19    27    36    47    48    0    1    20    75    76    106    130    131    132    
33    9.6999999999999999634e-05    2.1999999999999999428e-05    5.19999999999999968e-05    1    20    0    0    84    
34    4.1999999999999997676e-05    5.800000000000000034e-05    5.19999999999999968e-05    4    29    35    47    50    0    0    115    133    134    135    
35    2.4000000000000000608e-05    6.3999999999999997104e-05    5.3000000000000000778e-05    6    29    34    36    43    43    47    0    0    116    133    136    137    138    139    
36    9.000000000000000228e-06    8.8999999999999994914e-05    5.399999999999999798e-05    14    0    0    9    18    19    19    29    32    35    43    47    48    56    63    0    1    21    22    50    74    77    78    117    130    136    140    141    142    143    144    
37    5.0999999999999999598e-05    6.000000000000000152e-06    5.4999999999999995182e-05    4    -1    20    20    30    1    0    8    85    86    119    
38    9.3999999999999994476e-05    4.2999999999999994878e-05    5.599999999999999916e-05    5    24    26    39    42    61    0    0    100    103    145    146    147    
39    9.3999999999999994476e-05    6.20000000000000027e-05    5.599999999999999916e-05    4    38    40    45    55    0    0    145    148    149    150    
40    9.3999999999999994476e-05    8.2000000000000000948e-05    5.599999999999999916e-05    7    0    27    27    31    39    45    46    0    1    23    107    108    123    148    151    152    
41    5.9999999999999994744e-05    3.3999999999999999732e-05    6.0999999999999998722e-05    4    20    23    49    50    0    0    87    98    153    154    
42    8.2000000000000000948e-05    4.1000000000000000474e-05    6.20000000000000027e-05    3    38    44    61    0    0    146    155    156    
43    1.9999999999999998248e-05    3.2999999999999995754e-05    6.4999999999999994306e-05    11    29    30    30    35    35    36    50    50    51    63    63    0    0    118    120    121    137    138    140    157    158    159    160    161    
44    7.899999999999999579e-05    5.19999999999999968e-05    6.4999999999999994306e-05    3    31    42    45    0    0    124    155    162    
45    8.3999999999999995352e-05    6.5999999999999991508e-05    6.8999999999999996666e-05    7    31    39    40    44    55    61    61    0    0    125    149    151    162    163    164    165    
46    8.299999999999999815e-05    8.7999999999999997712e-05    6.8999999999999996666e-05    6    0    27    40    54    57    67    0    1    24    109    152    166    167    168    
47    3.6999999999999998114e-05    7.5999999999999990632e-05    6.9999999999999993868e-05    12    27    31    31    32    34    35    36    48    52    53    56    63    0    0    110    126    127    131    134    139    141    169    170    171    172    173    
48    3.100000000000000135e-05    9.3999999999999994476e-05    7.2000000000000001824e-05    6    0    32    36    47    52    56    0    1    25    132    142    169    174    175    
49    7.2999999999999999026e-05    2.3000000000000000018e-05    7.2999999999999999026e-05    7    20    41    50    60    62    62    65    0    0    88    153    176    177    178    179    180    
50    4.8000000000000001216e-05    3.6999999999999998114e-05    7.499999999999999343e-05    10    34    41    43    43    49    59    59    60    63    69    0    0    135    154    157    158    176    181    182    183    184    185    
51    3.999999999999999819e-06    3.3999999999999999732e-05    7.7999999999999998588e-05    3    30    43    63    0    0    122    159    186    
52    4.4999999999999996058e-05    9.3999999999999994476e-05    7.899999999999999579e-05    6    0    47    48    66    70    71    0    1    26    170    174    187    188    189    
53    5.599999999999999916e-05    6.8999999999999996666e-05    7.9999999999999992992e-05    6    31    31    47    63    66    69    0    0    128    129    171    190    191    192    
54    9.6000000000000002432e-05    9.3999999999999994476e-05    7.9999999999999992992e-05    3    0    46    68    0    1    27    166    193    
55    9.4999999999999991678e-05    7.2000000000000001824e-05    8.0999999999999990194e-05    4    39    45    61    67    0    0    150    163    194    195    
56    7.999999999999999638e-06    8.0999999999999990194e-05    8.0999999999999990194e-05    4    36    47    48    63    0    0    143    172    175    196    
57    7.2000000000000001824e-05    9.8999999999999994038e-05    8.299999999999999815e-05    2    0    46    0    1    28    167    
58    3.2999999999999995754e-05    3.999999999999999819e-06    8.700000000000000051e-05    3    -1    59    65    1    0    9    197    198    
59    2.9999999999999997372e-05    3.2999999999999995754e-05    8.7999999999999997712e-05    5    50    50    58    64    69    0    0    181    182    197    199    200    
60    6.20000000000000027e-05    4.1000000000000000474e-05    8.8999999999999994914e-05    4    49    50    61    69    0    0    177    183    201    202    
61    9.3999999999999994476e-05    5.4999999999999995182e-05    8.8999999999999994914e-05    8    38    42    45    45    55    60    66    66    0    0    147    156    164    165    194    201    203    204    
62    9.2000000000000000072e-05    1.2000000000000000304e-05    8.9999999999999992116e-05    4    -1    49    49    65    1    0    10    178    179    205    
63    9.000000000000000228e-06    6.3999999999999997104e-05    9.0999999999999989318e-05    9    36    43    43    47    50    51    53    56    69    0    0    144    160    161    173    184    186    190    196    206    
64    9.999999999999999124e-06    9.999999999999999124e-06    9.2999999999999997274e-05    2    -1    59    1    0    11    199    
65    5.800000000000000034e-05    1.0999999999999999714e-05    9.2999999999999997274e-05    5    -1    -1    49    58    62    1    0    12    13    180    198    205    
66    6.5999999999999991508e-05    7.7999999999999998588e-05    9.2999999999999997274e-05    5    52    53    61    61    67    0    0    187    191    203    204    207    
67    8.0999999999999990194e-05    8.9999999999999992116e-05    9.2999999999999997274e-05    4    46    55    66    68    0    0    168    195    207    208    
68    9.4999999999999991678e-05    9.6000000000000002432e-05    9.2999999999999997274e-05    3    0    54    67    0    1    29    193    208    
69    4.3999999999999998856e-05    5.800000000000000034e-05    9.4999999999999991678e-05    5    50    53    59    60    63    0    0    185    192    200    202    206    
70    3.8999999999999999294e-05    6.7000000000000002262e-05    9.6999999999999999634e-05    1    52    0    0    188    
71    1.9999999999999998248e-05    8.9999999999999992116e-05    9.6999999999999999634e-05    1    52    0    0    189    
