710
1    -1    2    2.499999999999999781e-06    0.027412280701754384443    7.499999999999999343e-06
2    -1    6    3.4999999999999999475e-06    0.053728070175438603917    2.3092206477510977125e-05
3    -1    10    5.499999999999999857e-06    0.023269230769230771216    1.2854960132182447895e-05
4    -1    11    4.4999999999999958788e-06    0.033305921052631526358    1.5724185193516382748e-05
5    -1    11    2.7360679774997906609e-06    0.046787924859373726527    1.0781929326423911114e-05
6    -1    25    5.5000000000000023981e-06    0.026535087719298269121    4.1533119314590341356e-06
7    -1    31    6.500000000000000447e-06    0.040161596958174915206    4.499999999999999267e-06
8    -1    32    6.1568542494923716025e-06    0.037457365859182092938    5.0249378105604500358e-06
9    -1    49    4.9999999999999997737e-07    0.03125    4.9999999999999997737e-07
10    -1    58    3.4999999999999982534e-06    0.03520114942528732721    1.6347782724271815421e-05
11    -1    58    5.499999999999999857e-06    0.035338785046728972417    2.6893307717720402807e-05
12    -1    72    2.5000000000000010515e-06    0.037202380952380986745    2.4642443060703216582e-05
13    -1    75    8.3102496759066517415e-06    0.029065761648108843357    1.7867568385205634846e-05
14    -1    78    6.4999999999999970589e-06    0.032499999999999973355    2.5104780421266380627e-05
15    -1    78    4.6231056256176558049e-06    0.049937162676676680184    2.4459149617270023984e-05
16    -1    78    4.9999999999999997737e-07    0.020833333333333332177    3.0565503431155842309e-05
17    -1    79    2.5000000000000010515e-06    0.0284090909090909359    3.7990130297223247363e-05
18    -1    80    4.1055512754639899174e-06    0.03938212914828036898    1.7670597047072289011e-05
19    -1    80    1.4999999999999970734e-06    0.0624999999999997502    1.4150971698084905049e-05
20    -1    87    9.9868329805051395625e-06    0.037326659049590260597    9.394147114027965635e-06
21    -1    99    7.2082039324993565696e-06    0.027874572925160514408    1.6007810593582119223e-05
22    -1    102    3.6622776601683832978e-06    0.013575179817984220007    2.1053503271427299117e-05
23    -1    106    4.9721359549995793327e-06    0.032529126256578402843    4.5000000000000068903e-06
24    -1    116    4.6231056256176634282e-06    0.037106086155586262554    1.7528548142958102167e-05
25    -1    121    7.5710678118654690881e-06    0.034782201342151326806    5.9371710435189565237e-06
26    -1    132    2.7360679774997830376e-06    0.030680606465162924695    2.2366269246345043197e-05
27    -1    136    5.499999999999999857e-06    0.036711165048543693834    6.3442887702247586037e-06
28    -1    137    2.4999999999999942753e-06    0.035511363636363472984    1.281600561797629455e-05
29    -1    145    4.9999999999999997737e-07    0.012500000000000000694    4.9999999999999997737e-07
30    -1    156    3.3284271247461965367e-06    0.023471243908360667207    2.2141589825484525448e-05
31    -1    159    5.4999999999999939278e-06    0.041781767955801019099    4.4999999999999975729e-06
32    -1    160    7.4999999999999942608e-06    0.028757668711656400595    9.3941471140279757994e-06
33    -1    163    8.11577310586391477e-06    0.035718965892550989805    2.1868927728629041136e-05
34    -1    163    2.7360679774997843081e-06    0.03819422437499877393    1.4396180048887964923e-05
35    -1    163    3.6622776601683841448e-06    0.017463903203344288695    1.1629703349613004505e-05
36    -1    171    5.4999999999999939278e-06    0.055606617647058702303    1.884807682497076901e-05
37    -1    171    6.5827625302982031611e-06    0.038552279831225978735    1.7951323071016257016e-05
38    -1    179    5.499999999999999857e-06    0.046972049689440999176    5.123475382979790122e-06
39    -1    180    3.6622776601683790626e-06    0.039447875471083471144    1.7500000000000005243e-05
40    -1    193    7.2082039324993692751e-06    0.018825436207427312385    1.924188140489385549e-05
41    -1    193    6.9031242374328606899e-06    0.039447950527676349519    4.5478016667396555623e-05
42    -1    193    4.9999999999999997737e-07    0.0625    5.2870123888638653482e-05
43    -1    200    3.5000000000000050297e-06    0.029166666666666753865    1.3124404748406675699e-05
44    -1    200    2.7360679774997953196e-06    0.029242453037108678826    1.3720422734012246879e-05
45    1    0    1.9142135623730931219e-06    0.038168891274719660145    1.5000000000000093554e-06
46    4    0    3.4999999999999999475e-06    0.028891509433962264675    6.103277807866852818e-06
47    4    0    2.4999999999999993575e-06    0.045955882352941158919    9.861541461658014044e-06
48    8    0    5.499999999999999857e-06    0.022242647058823530187    1.9855729651664777284e-05
49    9    0    1.4999999999999970734e-06    0.024456521739130338694    4.500000000000000961e-06
50    13    0    1.500000000000000038e-06    0.016071428571428576781    2.532291452420119574e-05
51    13    0    4.9999999999999997737e-07    0.0625    2.460182920028508558e-05
52    23    0    2.4999999999999993575e-06    0.044642857142857129971    2.5124689052802228156e-05
53    33    0    3.6622776601683714393e-06    0.045311748851920012615    9.7082439194738143879e-06
54    40    0    4.499999999999999267e-06    0.027663934426229504215    1.1056672193747987462e-05
55    42    0    5.5000000000000117155e-06    0.011170605612998570424    2.1453437952924938697e-05
56    45    0    4.1055512754639924585e-06    0.015323228432240017585    1.7385338650713720582e-05
57    48    0    6.9031242374328479844e-06    0.044955777582483813504    8.5586213843118438171e-06
58    56    0    3.6622776601683854154e-06    0.014902530733520472431    2.1406774628607655128e-05
59    60    0    1.500000000000000038e-06    0.026785714285714291166    1.4465476141489437225e-05
60    69    0    3.662277660168387533e-06    0.031046939028167686025    9.0138781886599702442e-06
61    82    0    5.5990195135927841948e-06    0.03437392490525524591    1.6194134740701636259e-05
62    89    0    3.3284271247461867958e-06    0.047751841054940381837    1.5000000000000093554e-06
63    91    0    8.1157731058639079937e-06    0.02572881761947808793    2.9364093720052062753e-05
64    92    0    6.5827625302982167136e-06    0.030776109751632231559    5.0249378105604432595e-06
65    95    0    4.9999999999999997737e-07    0.010416666666666666088    6.8738635424337575736e-06
66    120    0    5.8851648071345019752e-06    0.022316472169545412824    1.5370426148939402553e-05
67    124    0    6.4999999999999970589e-06    0.020004734848484834187    2.3264780248263682981e-05
68    124    0    1.9142135623731007452e-06    0.026172954016950834844    3.0679797913284898795e-05
69    128    0    7.5710678118654750173e-06    0.053075062788764323929    5.4083269131959873981e-06
70    138    0    8.4999999999999914627e-06    0.050313370473537503968    1.0012492197250408166e-05
71    141    0    1.9142135623730910043e-06    0.048213336347014211503    5.0000000000001215347e-07
72    144    0    2.4999999999999942753e-06    0.043402777777777581947    7.2284161474004792191e-06
73    148    0    6.3309518948452992993e-06    0.040404185377868225004    2.567586415293554331e-05
74    149    0    2.4999999999999942753e-06    0.03633720930232541696    1.1180339887499220762e-06
75    157    0    5.4999999999999939278e-06    0.028537735849056545395    2.1569654610123000849e-05
76    158    0    3.3284271247461914545e-06    0.058927803855032982738    7.2284161474004834542e-06
77    169    0    1.2583045973594581831e-05    0.031590791295609502165    1.5660459763365836147e-05
78    169    0    3.4999999999999999475e-06    0.028621495327102803446    2.5792440753057857094e-05
79    183    0    4.9721359549995666272e-06    0.01601174608484420489    1.9780040444852474391e-05
80    195    0    9.9868329805051412565e-06    0.03453491446693393585    8.5586213843118387349e-06
81    2    31    1.5000000000000004615e-06    0.031250000000000020817    3.6847897864134693388e-05
82    2    44    1.724744871391587155e-06    0.032334183384691114749    4.1230451306939102437e-05
83    3    35    3.582207001484478355e-06    0.031762888617535685321    2.3458052499130474923e-05
84    4    23    1.2071067811865467085e-06    0.028021284253587418894    3.8068909893538785015e-05
85    4    33    1.2071067811865551788e-06    0.024285113019776104898    2.5712338182720292348e-05
86    4    33    4.9999999999999997737e-07    0.0078125    2.3675795661885921717e-05
87    5    20    1.500000000000000038e-06    0.029605263157894749076    3.689173349139342645e-05
88    5    20    2.9494897427831718975e-06    0.030206561606885905941    3.7227692538407196701e-05
89    5    29    2.08113883008418862e-06    0.029264451554622875756    4.6835166310924743215e-05
90    5    41    1.2071067811865467085e-06    0.040475188366292935704    2.6922021198836418711e-05
91    6    11    4.801162633521315065e-06    0.033898768578707841326    1.7325598487853250903e-05
92    6    22    2.9494897427831795208e-06    0.035653646486816341354    3.5751500463902277616e-05
93    6    36    1.2071067811865467085e-06    0.030356391274719698309    2.9962136837009058525e-05
94    6    39    3.7403703492039305111e-06    0.013770049556303082944    2.5616877458768316984e-05
95    7    13    2.499999999999999781e-06    0.018382352941176467731    2.7872873284563776293e-05
96    7    14    3.0495097567963918214e-06    0.026419061809080650327    3.7445281532613416118e-05
97    7    14    4.9999999999999997737e-07    0.010416666666666666088    3.0183193994850560988e-05
98    7    53    1.2071067811865467085e-06    0.030356391274719698309    2.9060571274767552292e-05
99    8    23    2.0811388300841725264e-06    0.015250488838324362598    4.5065648486697828991e-05
100    8    29    3.3284271247461897604e-06    0.02797582607259138307    3.4846617495561016029e-05
101    8    40    1.4999999999999970734e-06    0.011249999999999956216    2.9724301329966758734e-05
102    8    40    4.9999999999999997737e-07    0.020833333333333332177    2.1518745136138639544e-05
103    8    40    4.9999999999999997737e-07    0.015625    2.1518745136138653097e-05
104    8    48    4.9999999999999997737e-07    0.0056818181818181819759    4.4992593328139812627e-05
105    9    13    4.9999999999999997737e-07    0.015625    3.5597229686602431629e-05
106    9    42    4.9999999999999997737e-07    0.0029761904761904764589    2.8698216317245388567e-05
107    10    25    2.7360679774997889668e-06    0.035990711430287432304    1.7801303171895013018e-05
108    10    32    2.7360679774997885433e-06    0.016274060820651706227    2.3641649880366110971e-05
109    11    15    1.4999999999999970734e-06    0.035156249999999861222    5.2257301454323551145e-05
110    11    20    4.9999999999999997737e-07    0.015625    5.2457485916913222418e-05
111    11    20    3.328427124746191031e-06    0.026377207439871899058    5.5717902119044926997e-05
112    11    31    4.4370039370059023647e-06    0.015575161342567941589    1.885572301876040351e-05
113    11    44    1.4999999999999996145e-06    0.019396551724137921224    6.3362013212198202384e-05
114    11    58    1.5000000000000004615e-06    0.029605263157894762954    3.2716798494078288433e-05
115    13    14    4.9999999999999997737e-07    0.0069444444444444449263    5.3687953973976273829e-05
116    13    30    4.1055512754639865292e-06    0.02160968112238970118    3.4074141487264517211e-05
117    13    33    4.9999999999999997737e-07    0.015625    6.3553699585535219658e-05
118    13    42    1.4999999999999970734e-06    0.008272058823529378907    4.3619786083037425262e-05
119    13    42    4.0355339059327410443e-06    0.028078506734366837777    2.5269897130540565892e-05
120    13    45    2.4999999999999942753e-06    0.027901785714285587403    2.9234811070633532097e-05
121    13    52    1.7247448713915909667e-06    0.026560222065996393764    2.750108280580375146e-05
122    13    52    2.0811388300841860789e-06    0.025780588274310563962    3.5245493301730890408e-05
123    14    28    2.8452078799117108813e-06    0.018232450179981291027    4.0620502586470956226e-05
124    14    28    1.9142135623731032863e-06    0.030535113019776065346    4.1327559730486500918e-05
125    14    37    2.3708286933869725391e-06    0.016930206907792108573    3.0380469279039385301e-05
126    14    46    6.3309518948453026875e-06    0.019013734295467422247    2.698372321205373621e-05
127    14    52    2.0811388300841992079e-06    0.016658226269554730903    3.6330510355408107345e-05
128    15    20    3.4999999999999999475e-06    0.019261006289308175293    3.1180918145630158607e-05
129    15    28    3.4154759474226459855e-06    0.030698620914270061816    3.4943931166897624426e-05
130    15    44    3.0495097567963918214e-06    0.021329150818340341517    2.5360323996059007184e-05
131    16    20    2.5000000000000010515e-06    0.026939655172413815715    4.3409845191742531918e-05
132    16    28    1.4999999999999970734e-06    0.05113636363636343829    4.7265025718643397022e-05
133    16    38    4.1055512754639822941e-06    0.023410487882588797842    3.0724035943467406051e-05
134    16    50    4.9999999999999997737e-07    0.03125    2.3158988901172162806e-05
135    17    23    7.0192024052026439536e-06    0.019067028794583044948    1.5300735254367717414e-05
136    17    23    1.7247448713915909667e-06    0.023989877995093510793    3.7137191358280357049e-05
137    17    30    3.6622776601683705923e-06    0.036846916648814058426    4.0127037746283716251e-05
138    17    33    4.9999999999999997737e-07    0.03125    3.1012232421691770027e-05
139    17    33    4.9999999999999997737e-07    0.0625    4.2927099943047311548e-05
140    17    47    2.8452078799117121519e-06    0.021081270520603385965    4.1800679171585514279e-05
141    17    50    4.1055512754639924585e-06    0.014996042060021363973    3.7698279931909558919e-05
142    17    50    1.2071067811865456497e-06    0.045534586912079469401    4.9144680201565322749e-05
143    17    61    2.5000000000000010515e-06    0.027901785714285740059    5.2668182732250708655e-05
144    19    26    6.5827625302982184077e-06    0.02009868391943330293    8.88047046451670232e-06
145    19    27    4.1742346141747651103e-06    0.024891763734535356928    3.4131654136708615226e-05
146    19    28    4.801162633521315065e-06    0.021032082694818730884    2.728904833303782748e-05
147    19    35    1.4999999999999970734e-06    0.0624999999999997502    3.3105474064621233463e-05
148    19    44    4.4999999999999958788e-06    0.018342391304347793052    2.9076277043927740388e-05
149    19    63    3.5822070014844969897e-06    0.013651284044132502848    3.6905454905875785814e-05
150    19    64    3.0495097567963875862e-06    0.025548103727462537216    4.1859044100816796084e-05
151    20    28    2.5000000000000002045e-06    0.021114864864864871241    5.3567112866388148459e-05
152    20    36    4.2416573867739397011e-06    0.02354928977326430431    2.8123326125225459374e-05
153    20    38    3.0495097567963918214e-06    0.025270406947816275584    3.9507509324308043319e-05
154    20    38    3.5822070014844944486e-06    0.019802788582537859952    4.7362807483323341351e-05
155    20    65    2.4999999999999942753e-06    0.042229729729729541254    3.3711088625056196799e-05
156    20    79    2.3708286933869725391e-06    0.027023214872052787883    7.0211707161819156102e-05
157    21    39    2.08113883008418862e-06    0.01353480884401307878    2.046613661336040845e-05
158    21    39    4.9999999999999997737e-07    0.020833333333333332177    2.9824658740251292567e-05
159    22    36    1.5000000000000004615e-06    0.025568181818181837106    3.4921907707679026786e-05
160    22    39    4.1742346141747651103e-06    0.016014921520381204811    2.3236226740982596748e-05
161    22    39    2.2320508075688759512e-06    0.02896541167191204677    3.7001336735448505711e-05
162    22    41    4.8011626335213167591e-06    0.014814371872443025599    1.5862888455838418129e-05
163    23    29    3.5822070014844880958e-06    0.018331724287834982173    3.8013893918838579267e-05
164    23    33    3.5822070014844936015e-06    0.021245375830272399814    3.6511357772772619909e-05
165    23    38    4.9999999999999997737e-07    0.0625    4.2101273687676155424e-05
166    23    47    5.8851648071344994341e-06    0.016524410690426743348    2.6618209812296522487e-05
167    23    48    3.0495097567963719161e-06    0.035225415745440406823    3.5828151371689349468e-05
168    23    56    5.5497524691810533497e-06    0.028731112377967535365    2.8289288869381797238e-05
169    25    44    4.9999999999999997737e-07    0.012500000000000000694    4.3469922076029286523e-05
170    25    44    3.0495097567963918214e-06    0.035225415745440871729    3.4839348514682617832e-05
171    25    78    1.4999999999999970734e-06    0.05113636363636343829    5.7247564485808698307e-05
172    26    28    5.2434164902525733169e-06    0.021214055933836895723    2.0016007983517953162e-05
173    26    44    5.744044240850758143e-06    0.021706608053191293883    1.7578865172461172835e-05
174    27    35    5.3476798574163418365e-06    0.030166328963519485618    1.4280591814011525859e-05
175    27    37    4.9999999999999997737e-07    0.0625    2.3834901790497073018e-05
176    27    57    4.174234614174758334e-06    0.025325922404323686354    3.3692559889087066952e-05
177    27    63    3.0495097567963981741e-06    0.030590492621040885762    3.5386598574205415919e-05
178    27    64    4.0355339059327418913e-06    0.019204639040015063223    3.8706083527470467871e-05
179    28    44    4.035533905932734268e-06    0.029290528607792649246    3.8191248978678502132e-05
180    28    50    3.0495097567964002917e-06    0.029060967989988875648    4.6457548571878338019e-05
181    28    51    4.4370039370059023647e-06    0.017768054094770648066    2.2787426069985893142e-05
182    28    64    4.9999999999999997737e-07    0.015625    3.246504191973293861e-05
183    28    79    4.5620192023179851622e-06    0.013205595940557122298    5.4353204542192156746e-05
184    29    38    1.9142135623730935454e-06    0.026942746782155066465    3.7175201557120503867e-05
185    29    38    6.0226805085936336955e-06    0.0162803772480222958    2.7193325056737977885e-05
186    29    47    1.2071067811865456497e-06    0.015838117186810250075    2.9398265651532705205e-05
187    29    47    4.9999999999999997737e-07    0.0625    2.8820371854650778787e-05
188    29    47    1.2071067811865477672e-06    0.028021284253587463997    2.7864928951254667555e-05
189    29    47    1.2071067811865477672e-06    0.030356391274719750351    3.4996733581391488909e-05
190    29    55    4.9999999999999997737e-07    0.0625    3.814438116429066792e-05
191    29    55    4.2416573867739464773e-06    0.018136751397957642101    2.4660431517009537712e-05
192    30    33    2.6213203435596532996e-06    0.012448044100651629515    2.5202291000245452839e-05
193    30    45    3.582207001484491484e-06    0.043352050680690923379    2.3973196075076126795e-05
194    30    52    3.5000000000000050297e-06    0.022685185185185249152    4.1266844264465325841e-05
195    30    53    3.3284271247461867958e-06    0.0131260984890357469    2.9359432621287695719e-05
196    31    44    4.9999999999999997737e-07    0.0078125    6.4454625842841285679e-05
197    31    44    1.7247448713915875786e-06    0.021873124054349882966    5.5935989266913455672e-05
198    31    58    1.4999999999999970734e-06    0.037499999999999859834    3.0828551350256117177e-05
199    31    78    4.1742346141747718865e-06    0.01378499573906234732    4.1339636142193492575e-05
200    32    34    2.370828693386968304e-06    0.027553081830328233354    2.1214665760245141318e-05
201    32    75    3.4154759474226548794e-06    0.019705195857132911524    3.5660938700182018475e-05
202    33    69    2.4999999999999942753e-06    0.020833333333333241971    2.9741881404893856603e-05
203    34    66    4.9999999999999997737e-07    0.012500000000000000694    2.5499062366628748755e-05
204    35    63    4.0355339059327368091e-06    0.022127084111321644599    4.5834342704253181518e-05
205    35    63    4.9999999999999997737e-07    0.0625    3.4439419990309335599e-05
206    36    39    3.0495097567963918214e-06    0.01174180524848028942    2.7319292019556377254e-05
207    36    44    2.5000000000000010515e-06    0.033244680851063863891    5.1252345142757937133e-05
208    36    65    2.0811388300841852319e-06    0.023037972500447721769    4.6069623002609803137e-05
209    36    78    2.08113883008418862e-06    0.018996222938965728194    5.2096305696729239385e-05
210    37    52    4.9999999999999997737e-07    0.0625    4.5762126635212048247e-05
211    37    52    4.9999999999999997737e-07    0.03125    4.6978201236223969994e-05
212    37    57    3.0495097567963943625e-06    0.029428828344292418118    2.1817168872080732237e-05
213    37    57    1.2071067811865359088e-06    0.036427669529662989878    2.8108618035222089496e-05
214    38    47    5.9313902456001073367e-06    0.022043477597493803255    1.807276808259009656e-05
215    38    55    1.4999999999999970734e-06    0.024456521739130338694    4.1579317975922518657e-05
216    38    59    2.0811388300841852319e-06    0.016160965783896162618    3.7874947617183395273e-05
217    38    59    4.9999999999999997737e-07    0.0625    3.5944011186151052033e-05
218    38    65    3.5822070014844936015e-06    0.02486861821993125235    3.8703700987812479498e-05
219    38    74    2.0811388300841852319e-06    0.019686994682200781304    3.1712580217266523111e-05
220    38    85    2.6213203435596414412e-06    0.0214728760736238658    5.7927731466640109358e-05
221    39    58    1.914213562373095663e-06    0.038168891274719757289    2.7001673873557901378e-05
222    39    81    2.0811388300841915846e-06    0.015038676493347910221    4.927412567703055293e-05
223    40    48    2.3708286933869678805e-06    0.016930206907792042653    2.1811267322244559284e-05
224    40    60    3.0495097567963981741e-06    0.020757834278563456337    1.8352383547612428926e-05
225    41    59    3.0495097567963922449e-06    0.010914917554925343199    2.7185763337149411657e-05
226    42    45    3.5000000000000016416e-06    0.03977272727272731373    2.4209744511642347279e-05
227    42    45    4.9999999999999997737e-07    0.012500000000000000694    3.1936127571329273956e-05
228    42    45    1.4999999999999970734e-06    0.070312499999999722444    6.3179404845239715339e-05
229    42    54    2.8452078799117189281e-06    0.023262091608941777576    2.3414705290810525792e-05
230    42    82    2.3708286933869619512e-06    0.028104143466934648765    3.8423304119148722494e-05
231    44    78    1.5000000000000004615e-06    0.01607142857142858372    5.4434769155538604711e-05
232    44    78    1.2071067811865456497e-06    0.033116063208785066763    4.5369647111096409722e-05
233    44    79    6.5000000000000038351e-06    0.015741430700447114205    3.4426400696095551656e-05
234    45    54    3.8911649915626262463e-06    0.023222645692580631827    1.8888916801970020401e-05
235    45    69    2.6213203435596333943e-06    0.023858751192915261113    3.0248164435782030137e-05
236    46    51    4.6833001326703865198e-06    0.016616136464144285606    2.597613636158858908e-05
237    46    52    3.0495097567963867392e-06    0.027033458595338254182    2.5123616596937357111e-05
238    46    53    4.5620192023179809271e-06    0.022140445959912755103    3.0676391128525118835e-05
239    46    57    5.0276925690687093991e-06    0.028988179551684315621    1.8884224974209198221e-05
240    46    62    4.9999999999999997737e-07    0.010416666666666666088    4.1378455259627701303e-05
241    47    56    3.4154759474226574205e-06    0.035565475449459447999    4.2803978742806198996e-05
242    47    91    1.5000000000000004615e-06    0.040178571428571459301    4.2764794499506351771e-05
243    48    56    1.9142135623730910043e-06    0.032716192521188208753    2.602167998055208341e-05
244    50    53    2.7360679774997893903e-06    0.01852987123143511744    2.7819297528657695791e-05
245    50    61    4.1055512754639848352e-06    0.02354127273109490881    1.8963718234348719317e-05
246    50    79    1.724744871391585461e-06    0.028603316071072856092    6.8799217422435798549e-05
247    51    64    4.1055512754639865292e-06    0.015103540569412158417    1.5741214244549324322e-05
248    52    53    2.0811388300841983609e-06    0.037337403707622639215    3.4530520623949926217e-05
249    52    54    2.8452078799117210457e-06    0.017297452734854168455    2.0657763230937667637e-05
250    52    57    4.9999999999999997737e-07    0.010416666666666666088    5.0247343053293951152e-05
251    52    57    1.5000000000000038496e-06    0.029605263157894894793    3.8220857413884591917e-05
252    52    62    4.4370039370058947414e-06    0.018572645223590387997    1.1087235258996256556e-05
253    52    100    2.8452078799117210457e-06    0.036139320892463175361    4.6202378087598429434e-05
254    53    61    5.1904157598234358672e-06    0.016035961761799701064    1.2755345155691890483e-05
255    54    70    1.724744871391585461e-06    0.026560222065996223761    3.2351611564163631942e-05
256    54    82    3.0495097567963719161e-06    0.02980612101537265593    2.6969618791449963561e-05
257    54    101    1.2071067811865456497e-06    0.036427669529663579684    5.750428100168853546e-05
258    54    120    4.9999999999999997737e-07    0.03125    5.6575433904992014275e-05
259    55    60    1.4999999999999970734e-06    0.04687499999999981265    3.2436691588868691791e-05
260    55    71    3.740370349203927123e-06    0.026904558363853667974    3.2413295042877644477e-05
261    55    76    3.0495097567963981741e-06    0.030998365855988096323    2.2695361131516148987e-05
262    56    91    2.2320508075688725631e-06    0.024910254037844282993    4.4226688774991983731e-05
263    56    92    4.9999999999999997737e-07    0.010416666666666666088    4.293827661257257019e-05
264    57    64    3.4999999999999982534e-06    0.024898373983739820192    2.2113614196561926482e-05
265    57    88    1.4999999999999970734e-06    0.04687499999999981265    3.909419081131175369e-05
266    57    88    3.5000000000000050297e-06    0.017600574712643729525    2.2513878188659974821e-05
267    58    78    5.1368092477478545732e-06    0.010976210169612261869    3.650998905599332745e-05
268    58    78    4.9999999999999997737e-07    0.0625    5.1909923454345971178e-05
269    58    80    4.1742346141747642632e-06    0.015557352334084593309    3.6409133271234092144e-05
270    58    80    2.5000000000000010515e-06    0.027412280701754412199    3.9682301156132953582e-05
271    58    87    1.724744871391586308e-06    0.01729502832204406898    4.8216469637009884647e-05
272    58    116    1.7247448713915880021e-06    0.027543933994366536638    5.6595239622128328655e-05
273    59    65    5.6478150704934993768e-06    0.017960481458611201461    2.0720034879476888689e-05
274    59    71    3.5822070014844864018e-06    0.024868618219931155205    2.2872010484549569432e-05
275    59    83    3.4999999999999961358e-06    0.028096330275229296908    2.3993970424744975238e-05
276    60    76    1.500000000000000038e-06    0.040178571428571438484    4.6046122207632833655e-05
277    60    86    3.582207001484491484e-06    0.02412068985241449387    2.3845132899854793248e-05
278    61    70    2.9494897427831710505e-06    0.013592952723098650561    1.4696727138388256413e-05
279    61    85    4.6231056256176558049e-06    0.013391670191489736877    3.4972778421494068752e-05
280    61    101    1.2071067811865456497e-06    0.017346509299839798363    3.8177611758658464632e-05
281    62    118    2.5000000000000213803e-06    0.014602803738318008431    4.4539503165027711259e-05
282    62    120    4.9999999999999997737e-07    0.0625    5.3113368397846622991e-05
283    62    120    1.724744871391599437e-06    0.029747448713916251756    6.0356484927591337196e-05
284    63    64    6.0226805085936286133e-06    0.018774679352274122046    2.084530715955586151e-05
285    63    67    3.3284271247461867958e-06    0.030773408679850473152    3.1381278098854522088e-05
286    63    79    5.499999999999999857e-06    0.01844512195121951123    2.6529976023682349466e-05
287    64    79    1.9142135623730910043e-06    0.04163879048151226947    4.7995879870474423038e-05
288    64    85    4.9999999999999997737e-07    0.0625    4.6937954383869366247e-05
289    64    93    1.4999999999999970734e-06    0.040178571428571271951    2.9068883707497268404e-05
290    64    94    2.4999999999999942753e-06    0.04464285714285694262    2.3093896791460987502e-05
291    65    73    1.9142135623730910043e-06    0.033927903355306293642    2.6348076824970761577e-05
292    65    81    3.8911649915626338696e-06    0.022007507255178245659    3.6293644032874529067e-05
293    65    83    1.4999999999999970734e-06    0.033088235294117515628    3.8341887495575854177e-05
294    65    84    5.1368092477478537262e-06    0.033829242625317786086    1.6977559393332619951e-05
295    65    85    3.049509756796395633e-06    0.012774051863731337997    4.1621131735599100417e-05
296    65    130    3.3284271247461867958e-06    0.032971509299839787954    6.6910744315696717979e-05
297    66    75    3.0495097567963897038e-06    0.029806121015373002875    2.2319292019556370916e-05
298    66    99    1.4999999999999970734e-06    0.037499999999999859834    3.5002929457295208274e-05
299    67    72    4.2416573867739363129e-06    0.021216577107044689438    1.4629104366827820757e-05
300    67    75    4.5000000000000026551e-06    0.047759433962264209728    1.9113170614916263218e-05
301    67    79    2.7360679774998105662e-06    0.033419946328124575108    3.8625670107484669138e-05
302    69    101    1.2071067811865405675e-06    0.033116063208784789207    3.6540593529315023571e-05
303    70    85    1.7247448713915909667e-06    0.041315900991549942001    4.8391165155903965447e-05
304    71    76    4.6231056256176651222e-06    0.023031363820708729284    2.4578260604933351995e-05
305    71    83    5.0276925690687085521e-06    0.025688711960435688803    1.5577381426534450996e-05
306    71    130    4.9999999999999997737e-07    0.0625    6.6689220634823275554e-05
307    72    75    7.0192024052026524239e-06    0.025137348165919747023    1.2170539172199139978e-05
308    72    79    2.621320343559636359e-06    0.035788126789372966263    3.5097780076622891706e-05
309    72    79    6.4160797830996181727e-06    0.012036865433654867982    4.5755233766827453938e-05
310    73    81    3.0495097567963930919e-06    0.01774715602442060447    1.9865035684228213357e-05
311    74    77    2.621320343559636359e-06    0.021744684631517751522    1.9873197821056245722e-05
312    75    99    4.5620192023179851622e-06    0.028905582225441706079    3.0974520253103406792e-05
313    76    83    2.499999999999999781e-06    0.047348484848484841125    3.8174717535624691403e-05
314    76    119    4.9999999999999997737e-07    0.0078125    4.4209080605089751408e-05
315    76    130    5.5497524691810389501e-06    0.026369651086627601821    4.2977139517052958856e-05
316    77    91    4.9999999999999997737e-07    0.010416666666666666088    3.4299057974206528852e-05
317    77    101    3.0495097567963863157e-06    0.039404702359306598147    3.4402159374858220663e-05
318    77    101    4.9999999999999997737e-07    0.020833333333333332177    3.7861707386138179733e-05
319    77    130    2.0811388300841852319e-06    0.031846609044736552685    5.0118124196238325997e-05
320    78    79    5.0276925690687093991e-06    0.0080195725155674871254    4.0687282511188066557e-05
321    78    87    7.3190908484929246698e-06    0.011893670259434475922    1.4119879853867340334e-05
322    78    103    4.4999999999999958788e-06    0.027072192513368936034    3.1826016069271262767e-05
323    79    85    3.7403703492039406755e-06    0.023632382346628396513    6.3050622553434803046e-05
324    79    85    2.6213203435596507585e-06    0.016677961998931276066    5.0387159687084421362e-05
325    79    85    2.6213203435596460998e-06    0.015202036158317836639    4.9092822881689190668e-05
326    79    93    2.3708286933869708451e-06    0.037978572252614674343    3.0892331416403721596e-05
327    79    98    3.0495097567963875862e-06    0.013595774498240297684    6.0874746739674361398e-05
328    79    102    5.8851648071345104456e-06    0.012195480565892456021    2.834996985489013989e-05
329    79    125    2.7360679774997893903e-06    0.033419946328124054691    4.0261455684016636168e-05
330    79    127    3.0495097567963918214e-06    0.019213863133876834394    4.3644467836563933464e-05
331    80    81    3.5000000000000050297e-06    0.020416666666666728747    5.646935458486145677e-05
332    80    116    1.2071067811865467085e-06    0.019172457647191394614    3.347003783730456136e-05
333    81    87    4.9999999999999997737e-07    0.0625    4.3661879726715059993e-05
334    81    97    1.9142135623730935454e-06    0.028626668456039758986    2.0056958836332704969e-05
335    82    95    3.0495097567964142678e-06    0.020393661747360805614    1.9951864609969434481e-05
336    82    120    3.6622776601683705923e-06    0.013855658739843301069    4.4227236697483900889e-05
337    83    84    4.9999999999999997737e-07    0.010416666666666666088    4.0170504948051914587e-05
338    83    97    3.5000000000000029121e-06    0.020833333333333370341    3.3176596350261858346e-05
339    83    98    3.0495097567963850451e-06    0.040787323494720827133    4.9791385438558916142e-05
340    83    104    4.9999999999999997737e-07    0.0625    3.7601770069084285999e-05
341    83    130    2.2320508075688780688e-06    0.037742809148249102658    6.0632975321997628734e-05
342    83    130    2.5000000000000010515e-06    0.025201612903225825701    5.0971186351052112976e-05
343    84    85    4.0355339059327376562e-06    0.028078506734366792674    3.3464250855312478142e-05
344    84    98    5.744044240850758143e-06    0.035553926983675390727    1.6172617529928756718e-05
345    85    98    5.9772255750516608015e-06    0.015138654904682906366    2.6958658563425891183e-05
346    85    101    4.9999999999999997737e-07    0.020833333333333332177    4.6063558314066334462e-05
347    85    110    2.4999999999999942753e-06    0.035511363636363472984    5.2987252559237635514e-05
348    85    110    2.6213203435596490645e-06    0.039949536881160915835    3.5808935678698360387e-05
349    85    127    2.8452078799117252809e-06    0.024680511828999312368    3.9121476046232300783e-05
350    85    130    4.9999999999999997737e-07    0.03125    8.3542721401682213658e-05
351    86    119    2.499999999999999781e-06    0.028935185185185181844    3.5341599389812752624e-05
352    86    124    4.9999999999999997737e-07    0.0044642857142857149053    5.1842059158750539638e-05
353    87    103    3.0495097567963918214e-06    0.020944841794586461364    4.4269272365814993342e-05
354    87    106    2.7360679774997965901e-06    0.016860513462837449505    3.1180900615859880021e-05
355    87    125    3.0495097567963850451e-06    0.019536785203353675133    3.777898467848977732e-05
356    88    118    4.9999999999999997737e-07    0.03125    3.8533764861486136523e-05
357    88    122    3.0495097567963850451e-06    0.044709181523059367269    3.6236647170558635442e-05
358    88    122    4.9999999999999997737e-07    0.015625    5.132823284061147713e-05
359    91    109    5.5000000000000134095e-06    0.026350174216028005025    1.732475352887569877e-05
360    91    115    3.6622776601683803332e-06    0.01972393773554174598    2.2908622701917873284e-05
361    91    124    2.4999999999999942753e-06    0.040064102564102387072    2.7509613682034050175e-05
362    91    124    3.4999999999999982534e-06    0.036458333333333300952    3.8156274733468239601e-05
363    92    101    3.4154759474226489501e-06    0.022433607591197390896    3.0510987162419090296e-05
364    92    124    3.2386127875258373245e-06    0.018336735642527753065    5.2367568385205636567e-05
365    92    138    1.4999999999999970734e-06    0.026785714285714180144    3.7687748150590572103e-05
366    93    94    3.4999999999999982534e-06    0.040833333333333304838    1.9693691710376405146e-05
367    93    122    2.3708286933869653394e-06    0.02602235506197660142    3.9477509543555666118e-05
368    94    122    2.7360679774997893903e-06    0.014071556348683809945    2.7695782211838258503e-05
369    95    100    1.2071067811865359088e-06    0.024285113019775331211    3.5263778724757465703e-05
370    95    120    2.5000000000000213803e-06    0.021404109589041462464    3.2046118522717435806e-05
371    97    98    3.8911649915626279404e-06    0.025926652382812647585    4.8883591277911248485e-05
372    97    103    2.6213203435596427117e-06    0.033035193959421366161    3.6186161730672672865e-05
373    97    107    6.1568542494923817669e-06    0.034586545848077007714    1.2609270813295597161e-05
374    97    126    2.4999999999999942753e-06    0.03324468085106368348    3.2917620076299283977e-05
375    97    133    3.6622776601683854154e-06    0.010381019860811474195    3.8541538505867057251e-05
376    98    101    2.0811388300841852319e-06    0.045116029480043451372    5.3485405674517125067e-05
377    98    103    3.8911649915626313285e-06    0.015772046866211055643    4.1578463432847605978e-05
378    98    113    3.5000000000000050297e-06    0.01538944723618095034    1.846037267509074135e-05
379    98    114    4.4999999999999958788e-06    0.021727467811158761996    1.8841017010723841516e-05
380    98    130    4.9999999999999997737e-07    0.015625    3.8077023400002477582e-05
381    98    133    4.0355339059327385032e-06    0.022872940879119028901    3.3367829393304728033e-05
382    99    102    3.6622776601683807567e-06    0.03492780640668851494    4.2739877663475667104e-05
383    99    102    1.500000000000000038e-06    0.028125000000000004163    4.2984507929277990419e-05
384    99    111    3.5000000000000007945e-06    0.01611842105263159089    3.1861434201723457058e-05
385    99    112    1.2071067811865359088e-06    0.036427669529662989878    4.2298809043526597513e-05
386    99    137    3.582207001484491484e-06    0.026081721547732753669    2.7416109491660644817e-05
387    99    137    4.9999999999999997737e-07    0.0052083333333333330442    3.6346029613023073568e-05
388    99    160    2.3708286933869780449e-06    0.024227709885288814529    5.6562309433893836943e-05
389    100    118    3.3284271247461914545e-06    0.026889386225112135026    2.9480788895879776626e-05
390    100    120    2.0811388300841725264e-06    0.034928538952291268704    4.7413798677598993029e-05
391    100    122    4.9999999999999997737e-07    0.020833333333333332177    5.3514886688056653653e-05
392    100    143    2.5000000000000078278e-06    0.016622340425532022151    2.6663318002597099815e-05
393    101    105    7.1708320320631617267e-06    0.026505583521682009318    2.3456340738801446022e-05
394    101    110    3.8911649915626364107e-06    0.041596607119677629638    3.7819558761125623655e-05
395    101    115    3.8911649915626245522e-06    0.035048993036024447822    4.7357889118775255274e-05
396    101    128    3.0495097567963850451e-06    0.042270498894528857337    3.0999999999999994574e-05
397    101    142    3.3284271247461914545e-06    0.023080056509887918181    4.8220264788126519979e-05
398    101    142    5.3476798574163282839e-06    0.019065119904944215212    3.7624143795447321538e-05
399    101    148    5.4497474683058283655e-06    0.024915895527102171342    4.3745836939751608691e-05
400    102    106    2.7360679774997843081e-06    0.02430541551136285866    2.5882612605269413275e-05
401    102    112    2.4999999999999942753e-06    0.03633720930232541696    3.8697365685124067241e-05
402    102    125    4.6231056256176625811e-06    0.0307084850942782768    3.3217710273606684736e-05
403    102    146    1.9142135623731007452e-06    0.021303567223099516975    4.3374749142589117041e-05
404    102    160    1.2071067811865460732e-06    0.036427669529663600501    4.8109056825532916146e-05
405    102    160    3.415475947422643868e-06    0.024926230656885914327    4.4417003949148806683e-05
406    103    107    4.1055512754639941525e-06    0.039017479804314886271    4.4942697559795371717e-05
407    103    125    3.7403703492039250054e-06    0.029146604894174782396    3.0813526955694348791e-05
408    103    132    3.3284271247461965367e-06    0.014203111698392606801    3.9454454926162501531e-05
409    103    133    5.1368092477478520321e-06    0.020550474492015462225    3.2861281857334891934e-05
410    104    119    4.9999999999999997737e-07    0.012500000000000000694    2.3880758462765099031e-05
411    105    118    1.4999999999999970734e-06    0.018145161290322505548    3.8137281168304436557e-05
412    105    118    3.4999999999999957123e-06    0.026400862068965455509    3.2229505304243603382e-05
413    105    120    5.4999999999999863045e-06    0.016090425531914816226    3.1429759112502377028e-05
414    105    140    3.049509756796395633e-06    0.015396539332444393947    3.2934305085132138463e-05
415    105    155    1.4999999999999970734e-06    0.070312499999999722444    3.6809351765920021499e-05
416    106    121    3.582207001484493178e-06    0.032735221942562564568    1.042997826611690137e-05
417    107    116    2.6213203435596376295e-06    0.013966098259267518619    3.0147977607082059493e-05
418    107    126    5.4497474683058334477e-06    0.022775879960357240522    1.4807764064044144818e-05
419    107    132    3.0495097567963854686e-06    0.018022305730225483128    3.0874528890798767474e-05
420    109    115    6.0226805085936286133e-06    0.033585815285734822722    2.1066764643956721392e-05
421    109    119    5.7440442408507564489e-06    0.017042378223579929264    1.3456660767304585356e-05
422    109    124    1.2071067811865359088e-06    0.045534586912078733878    2.3006189163244445057e-05
423    109    130    4.9999999999999997737e-07    0.015625    3.1970003614389075569e-05
424    109    130    4.9999999999999997737e-07    0.0625    3.6506397626836458229e-05
425    110    118    2.4999999999999942753e-06    0.010279605263157850364    4.4746472061882986392e-05
426    110    134    2.0811388300841983609e-06    0.027069617688026414298    2.348592064385330387e-05
427    110    139    1.2071067811865456497e-06    0.030356391274719642798    2.4098797597454783056e-05
428    110    142    3.4999999999999914772e-06    0.031249999999999847344    4.3205516021980900081e-05
429    110    142    1.5000000000000106259e-06    0.033088235294118119312    4.7259212584367863547e-05
430    110    151    2.5000000000000078278e-06    0.038109756097561210686    3.8261589066917266037e-05
431    110    151    3.5822070014844796255e-06    0.022752140073553951682    3.5601491476993326105e-05
432    111    112    4.4370039370059133761e-06    0.019845770097788279634    1.8821899168717698322e-05
433    111    162    4.1742346141747701925e-06    0.025775494991382829485    3.9911889820549523384e-05
434    112    122    3.0495097567963719161e-06    0.037498023212888170752    2.1589037572424246426e-05
435    112    162    3.5822070014844796255e-06    0.026081721547732580196    3.5508824656392177187e-05
436    113    114    3.0495097567963850451e-06    0.031847636153412149651    2.0751434760953256758e-05
437    113    142    3.0495097567963875862e-06    0.032744752664775930717    2.9652438520159319301e-05
438    113    147    2.232050807568883998e-06    0.02442181768416131285    3.6693212771640512236e-05
439    114    130    4.6833001326703772025e-06    0.023136392545010944777    2.6825167167152094353e-05
440    114    133    4.9999999999999997737e-07    0.015625    3.4421346980479275803e-05
441    114    133    4.9999999999999997737e-07    0.020833333333333332177    3.354154525855778334e-05
442    114    142    3.662277660168376945e-06    0.016934694015364095548    2.4540692724376462748e-05
443    115    119    2.4999999999999942753e-06    0.030048076923076788569    2.5808892259401299972e-05
444    115    124    4.9999999999999997737e-07    0.0078125    2.7872416004693810807e-05
445    115    130    8.082875444051547471e-06    0.02576217485964175935    1.9684139554430823239e-05
446    115    148    4.0355339059327249507e-06    0.025932378831102928518    3.4230868292900744256e-05
447    116    126    2.0811388300841987844e-06    0.017187058849540585298    3.0996816963138048651e-05
448    116    131    1.4999999999999970734e-06    0.05113636363636343829    3.880723703239261134e-05
449    116    132    3.4999999999999961358e-06    0.023925781249999947958    2.5165062736750284185e-05
450    117    118    3.6622776601683832978e-06    0.022059667204224361198    1.9655776515556364656e-05
451    117    122    4.5000000000000162076e-06    0.016544117647058945164    2.764937617511780153e-05
452    117    139    2.5000000000000078278e-06    0.014204545454545546013    2.1703096298109452443e-05
453    117    152    2.5000000000000078278e-06    0.033967391304348039383    2.669035364573191753e-05
454    117    166    1.9142135623730910043e-06    0.03053511301977566636    4.1655363568118895616e-05
455    118    120    2.4999999999999942753e-06    0.029481132075471563198    3.9795249814412206281e-05
456    118    139    1.4999999999999970734e-06    0.040178571428571271951    2.786436767220695982e-05
457    118    140    3.0495097567963850451e-06    0.015096606748046021221    2.3004092406925653159e-05
458    118    143    3.0495097567963981741e-06    0.020574136630080595151    3.0563135494563484305e-05
459    119    124    3.0495097567963854686e-06    0.019213863133876754596    4.3484810665322785623e-05
460    119    130    6.4999999999999970589e-06    0.02722293814432987305    2.7420567705064952758e-05
461    119    154    4.9999999999999997737e-07    0.0625    3.7509786927431132257e-05
462    119    154    4.9999999999999997737e-07    0.020833333333333332177    3.7611460747323326691e-05
463    120    128    4.9999999999999997737e-07    0.03125    4.1328384617331474641e-05
464    120    150    2.4999999999999942753e-06    0.03472222222222206417    3.8636137706897860319e-05
465    121    125    4.5000000000000026551e-06    0.020331325301204846573    2.2820189617622955872e-05
466    121    136    2.6213203435596414412e-06    0.027706936869192080874    2.9821925280021186085e-05
467    121    156    1.2071067811865456497e-06    0.036427669529663579684    3.5926698215815488005e-05
468    121    160    4.9999999999999997737e-07    0.0069444444444444449263    4.1046962014344324653e-05
469    122    129    2.5000000000000078278e-06    0.034722222222222445809    2.4679175166036452789e-05
470    122    162    1.4999999999999970734e-06    0.04326923076923060163    5.5084695176851417118e-05
471    122    162    1.2071067811865503083e-06    0.045534586912079823284    4.0024375751773779678e-05
472    122    166    2.8452078799116994464e-06    0.010764904095627166394    5.9751827472830318388e-05
473    122    166    2.0811388300841725264e-06    0.033837022110032172195    4.9246907692184574174e-05
474    122    166    2.7360679774997830376e-06    0.021761825515987657381    5.7639202005087307804e-05
475    124    138    3.0495097567963918214e-06    0.020757834278563369601    3.6148329196340841412e-05
476    124    148    4.6833001326703831317e-06    0.018524746733674352095    3.5869976192651533157e-05
477    124    169    4.4999999999999891026e-06    0.024575242718446483475    4.5885521250507104558e-05
478    126    131    2.2320508075688772218e-06    0.017542432421017176147    2.0225361876382941609e-05
479    126    133    3.2386127875258250425e-06    0.031592207191342758232    3.3092953014646285092e-05
480    126    153    3.8911649915626338696e-06    0.032915576068614414706    2.9384934649399964174e-05
481    127    146    3.3284271247461867958e-06    0.017984459618094431055    2.1359487199344503604e-05
482    127    147    4.5620192023179775389e-06    0.013172164052099973736    2.082739756138866509e-05
483    128    144    4.9999999999999997737e-07    0.0625    2.3260276422985471279e-05
484    128    157    1.4999999999999970734e-06    0.014423076923076868366    3.520323865407126528e-05
485    129    134    2.4999999999999942753e-06    0.041118421052631401458    1.1863566784226775293e-05
486    129    166    1.4999999999999970734e-06    0.033088235294117515628    5.6821658488546611843e-05
487    130    133    2.6213203435596427117e-06    0.034356601717798224138    4.7067914080769533507e-05
488    130    142    2.3708286933869653394e-06    0.014637574722361837432    3.9146398068478713696e-05
489    130    154    6.0226805085936286133e-06    0.020750961389355612047    2.0743527047892959991e-05
490    130    167    2.8452078799117104578e-06    0.030663666211786708843    3.1372843984113997951e-05
491    130    167    3.0495097567963850451e-06    0.03749802321288849688    5.0999520920624111513e-05
492    130    168    1.4999999999999970734e-06    0.040178571428571271951    6.1408628673137249324e-05
493    130    168    3.3284271247461952661e-06    0.033775692453494585155    5.4491772485026348464e-05
494    131    153    2.7360679774997953196e-06    0.02599329158854104746    2.7438534370495736107e-05
495    131    168    4.9999999999999997737e-07    0.03125    4.5559778504260109791e-05
496    132    136    3.415475947422643868e-06    0.028591852812310310228    2.9733092656309699405e-05
497    132    156    4.9999999999999997737e-07    0.020833333333333332177    3.9893176382953631615e-05
498    132    156    4.9999999999999997737e-07    0.020833333333333332177    5.091809958367505591e-05
499    132    156    3.5000000000000058767e-06    0.028096330275229456502    4.3333127850088697282e-05
500    132    163    1.4999999999999970734e-06    0.0624999999999997502    3.5478918376557007006e-05
501    132    163    1.4999999999999970734e-06    0.0312499999999998751    5.0113745564433161465e-05
502    132    163    1.5000000000000106259e-06    0.022500000000000321826    3.1363273819295224923e-05
503    132    163    3.0495097567963854686e-06    0.038112744904903073095    3.8978867057729222386e-05
504    133    147    4.1055512754639924585e-06    0.012430347548277298139    4.1468732541893989164e-05
505    133    147    1.2071067811865456497e-06    0.030356391274719642798    3.4600437621447977877e-05
506    133    153    2.5000000000000010515e-06    0.016108247422680424532    3.3617698763442358596e-05
507    133    167    2.4999999999999942753e-06    0.02232142857142847131    4.4408394752997866982e-05
508    133    167    4.9999999999999997737e-07    0.0625    4.3052841496931605245e-05
509    134    139    1.4999999999999970734e-06    0.040178571428571271951    1.7012862352280335723e-05
510    136    156    3.4154759474226476796e-06    0.035565475449459246771    2.214229274021228518e-05
511    136    156    4.9999999999999997737e-07    0.03125    3.636598696936631643e-05
512    137    159    1.4999999999999970734e-06    0.056249999999999779343    2.2953587251614370303e-05
513    137    160    4.9999999999999997737e-07    0.0625    4.0852413167772856986e-05
514    137    160    3.0495097567963854686e-06    0.025548103727462502521    4.6221987398546420119e-05
515    138    148    6.7849025449882824186e-06    0.017100632446132420228    1.4720153254455266815e-05
516    138    157    3.6622776601683832978e-06    0.018223203342620123563    2.9863863924744529744e-05
517    138    157    4.9999999999999997737e-07    0.0625    2.060153622832530104e-05
518    139    152    3.0495097567963981741e-06    0.03141726269187982562    1.8950398632074262747e-05
519    139    166    4.9999999999999997737e-07    0.0625    4.0301266035079151421e-05
520    139    166    4.9999999999999997737e-07    0.0625    3.9547396679252812756e-05
521    140    155    1.7247448713915909667e-06    0.014031815431092433885    2.3905154731000238496e-05
522    140    164    1.2071067811865456497e-06    0.026019763949759699279    2.7722389281048649635e-05
523    140    173    1.724744871391585461e-06    0.0391413798867312826    3.8510422836745078165e-05
524    142    148    5.5990195135927757245e-06    0.017224735996479497574    3.1684250106405980447e-05
525    142    151    4.0355339059327274918e-06    0.013848243117289674164    2.3590415408974379585e-05
526    142    154    1.4999999999999970734e-06    0.040178571428571271951    3.3658854794467666228e-05
527    142    157    3.4154759474226417504e-06    0.025359730320483896832    3.798675773169913456e-05
528    142    167    3.0495097567963850451e-06    0.024472394096832498361    4.1678988486949089596e-05
529    143    150    4.9999999999999997737e-07    0.0069444444444444449263    2.371108608676217338e-05
530    143    164    2.2320508075688801864e-06    0.012331808929625964408    2.7934671035458692517e-05
531    143    166    1.4999999999999970734e-06    0.0312499999999998751    3.6056600318782865296e-05
532    146    147    3.0495097567963892803e-06    0.03369387593042164758    3.0063250002496203243e-05
533    146    162    4.035533905932734268e-06    0.016685997854439253013    3.2540072691738076234e-05
534    146    162    3.3284271247461867958e-06    0.058927803855032816205    5.3617310527687736229e-05
535    146    165    3.0495097567963875862e-06    0.016144982216660351548    4.3661414914032880749e-05
536    146    172    3.0495097567963850451e-06    0.020042046889647301133    4.0427591490106898179e-05
537    146    184    1.2071067811865359088e-06    0.024285113019775331211    4.6633287780347768546e-05
538    146    190    1.4999999999999970734e-06    0.02083333333333325238    6.7170431111273818346e-05
539    147    165    4.0355339059327283388e-06    0.025768249851159275021    2.0771383928725001776e-05
540    147    167    3.3284271247461914545e-06    0.021807927410917714306    5.3491513473147010477e-05
541    147    170    5.0276925690687093991e-06    0.027121987735052276169    3.0171406509602505843e-05
542    147    170    1.2071067811865551788e-06    0.022767293456040095523    5.0552421510151096442e-05
543    147    190    1.2071067811865456497e-06    0.033116063208785066763    4.4922800187943088537e-05
544    148    154    4.0355339059327317269e-06    0.0083259375797201905234    3.5533591011026658107e-05
545    148    157    5.0825756949558330305e-06    0.018938838486037955916    1.3971697250869575429e-05
546    148    169    4.2416573867739320778e-06    0.0144627470954773827    5.2765110563937170124e-05
547    149    158    4.9999999999999997737e-07    0.015625    1.2132168761236849196e-05
548    150    164    2.0811388300841725264e-06    0.013534808844012868878    2.849943573626040024e-05
549    150    183    3.4999999999999914772e-06    0.02302631578947357191    2.9735150136601107827e-05
550    151    167    2.4999999999999942753e-06    0.021114864864864770627    4.9692901712917479976e-05
551    151    173    5.0276925690687093991e-06    0.024399317151610734611    2.0433836215307337966e-05
552    151    190    3.0495097567963850451e-06    0.023483610496960474756    3.7179905543610566627e-05
553    152    166    5.136809247747849491e-06    0.030682336334590498694    1.7046471094868222894e-05
554    152    166    3.500000000000000371e-06    0.02973300970873787169    3.373310864733506287e-05
555    152    173    1.2071067811865456497e-06    0.036427669529663579684    3.5531442567925099684e-05
556    153    163    3.0495097567963850451e-06    0.027677112371417702391    5.2685037448681160902e-05
557    153    163    2.4999999999999942753e-06    0.029481132075471563198    4.9373717219623918027e-05
558    153    167    1.5000000000000106259e-06    0.031250000000000444089    3.6470657394140421005e-05
559    153    168    3.4999999999999999475e-06    0.025309917355371899794    3.1431196071780994564e-05
560    153    174    3.5822070014844927545e-06    0.02765561853768215908    4.5218561438900076979e-05
561    154    167    5.8851648071345079045e-06    0.022145246040367362605    2.0902574114252704131e-05
562    154    169    1.9142135623730910043e-06    0.028626668456039682659    4.4533653166573753789e-05
563    154    185    4.0355339059327376562e-06    0.025288096127224754528    3.5139866103307376395e-05
564    155    177    2.3708286933869763508e-06    0.024652757427135955914    3.4181073526144445688e-05
565    155    195    3.5822070014844902134e-06    0.03645513352694461362    3.7015195075653713902e-05
566    156    161    4.5000000000000026551e-06    0.010863733905579413958    2.719177085474255715e-05
567    156    170    2.2320508075688801864e-06    0.0283071068611868773    3.6056211005278626886e-05
568    156    170    1.2071067811865405675e-06    0.052039527899518954468    3.5447730518902153011e-05
569    156    171    1.724744871391586308e-06    0.029747448713915797258    3.7406664300407306133e-05
570    156    180    5.1904157598234240087e-06    0.013443321237436814397    2.0554012127695884686e-05
571    156    193    3.7403703492039305111e-06    0.020943668187431038058    4.9562425059844287254e-05
572    157    177    4.1055512754639789059e-06    0.012039679482474217875    2.5304257561125388643e-05
573    157    186    1.724744871391585461e-06    0.027543933994366453372    3.9795249814412192728e-05
574    158    183    1.2071067811865647079e-06    0.018213834764832362301    2.757594208575793503e-05
575    158    183    3.049509756796395633e-06    0.019373978659992529411    3.0348076824970743608e-05
576    160    161    4.9999999999999997737e-07    0.03125    2.9555371166954458518e-05
577    160    162    5.1368092477478528792e-06    0.011452608180446121125    5.2353999712233235085e-05
578    160    162    4.9999999999999997737e-07    0.03125    4.3322567583331221953e-05
579    160    171    5.499999999999999857e-06    0.0147705078125    1.8657508097837073244e-05
580    161    162    5.1368092477478444088e-06    0.025768368406003685361    4.2753571185650157986e-05
581    161    171    5.7440442408507556019e-06    0.023300878701165771839    2.1780482018035194936e-05
582    161    172    5.0825756949558406538e-06    0.016267365047201415296    1.9757650672131254056e-05
583    162    166    2.0811388300841983609e-06    0.03383702211003301874    6.9374346777568361407e-05
584    162    166    2.0811388300841852319e-06    0.029264451554622782081    5.7578761119773513161e-05
585    162    171    1.7247448713915867315e-06    0.024789540594929847239    4.8952182531498896227e-05
586    162    172    4.9999999999999997737e-07    0.03125    4.9986716866483145373e-05
587    162    172    1.5000000000000241784e-06    0.018750000000000609929    5.2168396902646849535e-05
588    162    192    2.0811388300841873495e-06    0.024061882389356560596    4.2120617643835385512e-05
589    162    196    4.9999999999999997737e-07    0.015625    4.1543106156967959898e-05
590    162    197    4.5000000000000162076e-06    0.016931438127090425033    3.6701712183716669804e-05
591    162    207    2.4999999999999942753e-06    0.035511363636363472984    3.7007100034668401363e-05
592    163    174    4.6231056256176625811e-06    0.023642815957541682415    1.5198536627086465367e-05
593    163    178    2.0811388300841860789e-06    0.016658226269554519267    4.1032224567009068124e-05
594    163    179    4.9999999999999997737e-07    0.012500000000000000694    1.940421180928639415e-05
595    163    193    2.4999999999999942753e-06    0.019054878048780400646    5.0338665984174707274e-05
596    164    166    3.4999999999999914772e-06    0.031901041666666511698    2.4603518805249101722e-05
597    164    173    2.5000000000000078278e-06    0.021114864864864999611    4.0587393771973926879e-05
598    164    182    2.8452078799117252809e-06    0.034301728304710912831    1.9026370385910347917e-05
599    164    183    2.9494897427831710505e-06    0.02528921436855563129    2.7192941522966632931e-05
600    165    190    2.5000000000000213803e-06    0.034722222222222820509    3.6460581563323113082e-05
601    165    192    2.8452078799117168106e-06    0.023532581046255020979    3.8873000649774110658e-05
602    166    173    1.2071067811865456497e-06    0.036427669529663579684    5.7474085086440672605e-05
603    166    182    4.9999999999999997737e-07    0.0625    2.3426479083927933612e-05
604    166    188    1.4999999999999970734e-06    0.040178571428571271951    4.5439691799399107609e-05
605    166    188    2.370828693386969151e-06    0.026513342893334734818    3.1980419696911388733e-05
606    166    188    1.4999999999999970734e-06    0.035156249999999861222    3.4349826334631985883e-05
607    166    192    3.7403703492039313582e-06    0.020943668187431048466    5.1029041822644484461e-05
608    167    168    4.801162633521314218e-06    0.0077456863687907677798    2.7076091565805416998e-05
609    167    185    4.241657386773938007e-06    0.018284204661355607513    2.5817677469554661378e-05
610    167    187    1.4999999999999970734e-06    0.025568181818181719145    4.2738878219965279501e-05
611    167    190    2.7360679774997893903e-06    0.017823971374999497685    5.3619673710806017744e-05
612    167    199    3.5822070014844969897e-06    0.013651284044132502848    2.7728358823423430665e-05
613    168    181    3.0495097567963892803e-06    0.042270498894528975298    2.3637255228822428806e-05
614    168    181    2.4999999999999942753e-06    0.024038461538461428774    2.5453091111585861273e-05
615    168    185    4.1742346141747634162e-06    0.022926624492335182653    3.098378557441965411e-05
616    168    205    1.7247448713915909667e-06    0.02478954059492996867    4.748463163304955572e-05
617    168    211    1.9142135623730935454e-06    0.021303567223099357381    4.0840533345588202413e-05
618    169    185    3.0495097567963918214e-06    0.014176081946335957612    4.5338520302907785382e-05
619    169    185    4.9999999999999997737e-07    0.0089285714285714298105    5.6026339512972377988e-05
620    169    186    2.9494897427831710505e-06    0.031069606224225488483    5.6918738475215317589e-05
621    170    178    3.0495097567963930919e-06    0.028010571556615650873    2.4455718729265314411e-05
622    170    180    3.4999999999999982534e-06    0.030624999999999975159    3.5198870020427850216e-05
623    170    187    4.1742346141747718865e-06    0.023674231812737513148    1.936113634198786024e-05
624    170    190    1.9142135623731007452e-06    0.036642135623731170169    4.2666638040351483768e-05
625    170    190    4.9999999999999997737e-07    0.0625    4.2153402759783357079e-05
626    170    191    3.0495097567963969036e-06    0.0096467943535232594798    3.7848777354749208964e-05
627    171    172    2.3708286933869763508e-06    0.018489568070351968671    3.833185532414374897e-05
628    171    180    2.4999999999999993575e-06    0.024801587301587289802    4.0709496619685227791e-05
629    171    193    3.4999999999999999475e-06    0.020692567567567571318    7.1706119312525944814e-05
630    171    200    2.4999999999999942753e-06    0.021404109589040997558    4.4414101520323315134e-05
631    171    200    4.9999999999999997737e-07    0.0089285714285714298105    4.4188755409221176231e-05
632    171    200    2.2320508075688742572e-06    0.014482705835956002569    5.1834869502586967971e-05
633    171    202    4.9999999999999997737e-07    0.010416666666666666088    3.6887873220701863691e-05
634    172    184    3.2386127875258352069e-06    0.024737294310202502523    2.1891818001953202338e-05
635    172    196    2.0811388300841894671e-06    0.036092823584034913753    2.9529968014692720889e-05
636    172    196    2.4999999999999942753e-06    0.037202380952380785517    3.1705559859347496449e-05
637    172    202    3.5000000000000050297e-06    0.02784090909090917651    2.7776655170532165567e-05
638    173    177    2.5000000000000213803e-06    0.011405109489051290864    3.7175398738717122806e-05
639    173    189    4.1742346141747735806e-06    0.021889741977606558959    2.4221072012597444286e-05
640    173    190    4.437003937005911682e-06    0.026748646653540712054    3.8461799528133095057e-05
641    173    192    4.1055512754639789059e-06    0.0097997391136418060542    3.9056671736814345863e-05
642    173    195    3.5822070014844948721e-06    0.024120689852414538973    4.5881340720654886192e-05
643    173    203    1.4999999999999970734e-06    0.035156249999999861222    4.6617775860474978348e-05
644    173    212    1.2071067811865456497e-06    0.0227672934560397347    4.8032240154621947922e-05
645    174    179    3.0495097567963985977e-06    0.021932806030180260204    1.8646529208069710995e-05
646    174    194    4.5620192023179826211e-06    0.020403940394429418564    1.9969594206357073237e-05
647    176    200    1.2071067811865371793e-06    0.033116063208784608796    2.3729627420938462245e-05
648    176    200    4.9999999999999997737e-07    0.015625    2.6729593194098541633e-05
649    177    186    3.2386127875258313953e-06    0.039136614878827746811    3.2984341102747929768e-05
650    177    195    2.4999999999999942753e-06    0.015024038461538394285    2.8753477647851095303e-05
651    177    198    4.1055512754639789059e-06    0.019508739902157300888    3.1487726600022098258e-05
652    178    191    3.662277660168376945e-06    0.018525245386972880035    1.5741498322700873627e-05
653    178    191    1.7247448713915926608e-06    0.03718431089239501719    3.6372557813907732032e-05
654    178    193    2.5000000000000010515e-06    0.033967391304347858971    3.7332315137025654254e-05
655    180    191    3.0495097567963850451e-06    0.029428828344292241176    4.9482221076458007792e-05
656    180    193    5.4999999999999905396e-06    0.014030612244897910576    3.9970719673194388675e-05
657    180    193    1.500000000000000038e-06    0.019396551724137935102    5.5211524936780930167e-05
658    180    202    3.0495097567963863157e-06    0.031417262691879582759    3.2044784643470335052e-05
659    181    211    1.4999999999999970734e-06    0.05113636363636343829    2.3684836458181411287e-05
660    182    183    4.0355339059327122452e-06    0.037012577058937581875    1.9359894815535818072e-05
661    182    183    2.4999999999999942753e-06    0.032552083333333182991    2.5035759047413895306e-05
662    182    183    1.2071067811865359088e-06    0.030356391274719157075    3.2506454951306022131e-05
663    182    201    2.4999999999999942753e-06    0.03324468085106368348    1.8484676969238290716e-05
664    182    208    3.0495097567964011388e-06    0.027677112371417997294    2.0617683414686210349e-05
665    183    188    4.9999999999999997737e-07    0.0062500000000000003469    4.5359239244149919556e-05
666    183    195    2.4999999999999942753e-06    0.019531249999999909794    4.8478652118696789492e-05
667    183    208    3.4154759474226235392e-06    0.031699662900604531901    2.0699234992075392543e-05
668    183    208    4.9999999999999997737e-07    0.020833333333333332177    3.6828604284781739342e-05
669    183    208    4.9999999999999997737e-07    0.0625    3.7851071846390647098e-05
670    184    187    4.035533905932734268e-06    0.029936643209435131324    1.9392124376228059941e-05
671    185    205    3.049509756796382504e-06    0.015923818076706050539    2.3063328565966588338e-05
672    186    190    3.5822070014844770844e-06    0.020564434297250657607    3.4622641244270249705e-05
673    186    198    5.8851648071345045163e-06    0.017964297099136158214    1.8902698747813810717e-05
674    186    199    2.3708286933869708451e-06    0.015968263333485714639    3.3084888456326355297e-05
675    186    205    2.3708286933869708451e-06    0.010893078863153046049    2.635278420368285414e-05
676    187    190    3.0495097567963918214e-06    0.023018588506921754122    2.968670773233381439e-05
677    187    190    2.3708286933869708451e-06    0.04014877638133551585    3.6995744682438544317e-05
678    188    201    3.0495097567963719161e-06    0.036902816495223283999    1.8646529208069690666e-05
679    188    201    2.2320508075688725631e-06    0.023065050035041001486    3.0287653403846928114e-05
680    188    203    4.2416573867739312307e-06    0.02677329968269918925    1.6931481721720707817e-05
681    188    204    4.2416573867739413951e-06    0.032127959619239185307    2.4325883141824171569e-05
682    189    195    2.2320508075688801864e-06    0.021110384777834282494    4.3529905491424526428e-05
683    189    212    3.5000000000000050297e-06    0.019506369426751650475    1.7902536909954978048e-05
684    190    192    3.0495097567963981741e-06    0.022792916070579479632    4.6118418990415856857e-05
685    190    192    4.9999999999999997737e-07    0.012500000000000000694    5.4540566214469709096e-05
686    190    198    5.136809247747849491e-06    0.019232368256375968751    2.5706977251872050339e-05
687    190    199    2.0811388300841983609e-06    0.026409383110269673417    3.3126340859902838058e-05
688    191    193    4.9999999999999997737e-07    0.020833333333333332177    4.4248079926902675546e-05
689    191    194    3.0495097567963981741e-06    0.013921421791611418572    3.4905102474754192256e-05
690    191    202    4.9999999999999997737e-07    0.03125    5.4703816198951112255e-05
691    191    202    4.9999999999999997737e-07    0.015625    5.6301378951894361525e-05
692    192    197    4.0355339059327393502e-06    0.014186005144540724671    2.8899218017150708163e-05
693    192    207    1.4999999999999970734e-06    0.022499999999999912431    3.5495945453015652869e-05
694    192    209    1.4999999999999970734e-06    0.012499999999999952122    3.5270982185016714499e-05
695    193    194    3.0495097567963719161e-06    0.022354590761529489346    4.0227992480961692308e-05
696    193    202    4.0355339059327359621e-06    0.024675051372625340235    5.262591267687144128e-05
697    195    198    3.4999999999999914772e-06    0.032930107526881566282    4.4935771075225997202e-05
698    196    207    1.5000000000000241784e-06    0.029605263157895699705    1.517467578644874344e-05
699    196    209    3.0495097567963981741e-06    0.028010571556615744548    9.7958091068920477519e-06
700    197    204    4.0355339059327410443e-06    0.027509347814075619382    1.6039785937464929883e-05
701    197    204    1.2071067811865359088e-06    0.040475188366292214059    2.5413388906090215633e-05
702    197    207    4.9999999999999997737e-07    0.012500000000000000694    3.6470201687343524488e-05
703    197    207    4.9999999999999997737e-07    0.010416666666666666088    3.6082665780766019423e-05
704    199    205    3.2386127875258288542e-06    0.027314095800848484791    2.2311892617207559067e-05
705    199    211    1.4999999999999970734e-06    0.0089285714285713933813    3.1274425148393133513e-05
706    200    213    1.2071067811865359088e-06    0.036427669529662989878    3.5616343105645666763e-05
707    200    213    4.9999999999999997737e-07    0.03125    3.4121822682617932452e-05
708    201    212    1.5000000000000106259e-06    0.013081395348837395604    1.5589933169991199602e-05
709    201    212    4.9999999999999997737e-07    0.0062500000000000003469    2.1392388380756823234e-05
710    203    204    3.049509756796395633e-06    0.029060967989988792382    2.0877238240177521591e-05
