493    0.00019999999999999998248    0.00019999999999999998248    0.00019999999999999998248
1    0.00019799999999999998808    0    9.9999999999999995475e-07    1    -1    1    0    1    
2    0.00014799999999999999246    3.2999999999999995754e-05    9.9999999999999995475e-07    3    -1    19    20    1    0    2    136    137    
3    0.00013199999999999998302    5.800000000000000034e-05    9.9999999999999995475e-07    3    -1    54    55    1    0    3    138    139    
4    9.9999999999999995475e-07    0.00013799999999999999333    9.9999999999999995475e-07    1    -1    1    0    4    
5    4.8999999999999998418e-05    0.00019599999999999999367    9.9999999999999995475e-07    1    -1    1    0    5    
6    5.599999999999999916e-05    0.00019899999999999998528    9.9999999999999995475e-07    1    -1    1    0    6    
7    3.1999999999999998552e-05    7.499999999999999343e-05    1.9999999999999999095e-06    1    -1    1    0    7    
8    0.00019200000000000000486    9.6000000000000002432e-05    1.9999999999999999095e-06    2    -1    22    1    0    8    140    
9    9.4999999999999991678e-05    4.4999999999999996058e-05    3.000000000000000076e-06    4    -1    31    61    93    1    0    9    141    142    143    
10    0.00019599999999999999367    5.399999999999999798e-05    3.000000000000000076e-06    4    -1    16    20    22    1    0    10    144    145    146    
11    1.9999999999999998248e-05    0.0001259999999999999998    3.000000000000000076e-06    2    -1    80    1    0    11    147    
12    0.00012100000000000000024    0.00013999999999999998774    3.000000000000000076e-06    7    -1    13    13    23    50    50    68    1    0    12    148    149    150    151    152    153    
13    0.00013400000000000000452    0.00015099999999999998406    3.000000000000000076e-06    5    -1    12    12    33    68    1    0    13    148    149    154    155    
14    0.00015300000000000000557    9.999999999999999124e-06    3.999999999999999819e-06    6    -1    19    19    28    28    49    1    0    14    156    157    158    159    160    
15    7.499999999999999343e-05    3.2999999999999995754e-05    3.999999999999999819e-06    5    -1    42    93    111    111    1    0    15    161    162    163    164    
16    0.00016999999999999998511    6.5999999999999991508e-05    3.999999999999999819e-06    9    -1    10    20    22    22    47    55    55    55    1    0    16    144    165    166    167    168    169    170    171    
17    0.00011600000000000000068    8.3999999999999995352e-05    3.999999999999999819e-06    4    -1    34    37    55    1    0    17    172    173    174    
18    1.5999999999999999276e-05    8.7999999999999997712e-05    3.999999999999999819e-06    5    -1    36    43    64    76    1    0    18    175    176    177    178    
19    0.00013599999999999999893    2.0999999999999998838e-05    4.999999999999999562e-06    6    -1    2    14    14    49    54    1    0    19    136    156    157    179    180    
20    0.00017300000000000000382    4.4999999999999996058e-05    4.999999999999999562e-06    8    -1    2    10    16    35    54    54    65    1    0    20    137    145    165    181    182    183    184    
21    7.3999999999999996228e-05    6.2999999999999999902e-05    4.999999999999999562e-06    4    -1    36    42    93    1    0    21    185    186    187    
22    0.00019399999999999999927    7.7999999999999998588e-05    4.999999999999999562e-06    8    -1    -1    8    10    16    16    56    107    1    0    22    23    140    146    166    167    188    189    
23    8.8999999999999994914e-05    0.00012899999999999999141    4.999999999999999562e-06    6    -1    12    24    36    39    53    1    0    24    150    190    191    192    193    
24    7.499999999999999343e-05    0.00013699999999999999613    4.999999999999999562e-06    6    -1    23    25    36    77    80    1    0    25    190    194    195    196    197    
25    5.800000000000000034e-05    0.00015899999999999998878    4.999999999999999562e-06    11    -1    24    29    40    46    66    66    77    77    77    86    1    0    26    194    198    199    200    201    202    203    204    205    206    
26    0.0001259999999999999998    0.00018400000000000000014    4.999999999999999562e-06    4    -1    27    68    73    1    0    27    207    208    209    
27    0.00014999999999999998686    0.00019200000000000000486    4.999999999999999562e-06    4    -1    26    33    73    1    0    28    207    210    211    
28    0.00017599999999999999542    1.29999999999999992e-05    6.000000000000000152e-06    4    -1    14    14    118    1    0    29    158    159    212    
29    4.6999999999999997238e-05    0.00014400000000000000365    6.000000000000000152e-06    4    -1    25    40    80    1    0    30    198    213    214    
30    0.00019099999999999998056    0.00019899999999999998528    6.000000000000000152e-06    0    0    0    
31    0.0001019999999999999992    4.1000000000000000474e-05    6.999999999999999895e-06    3    9    49    60    0    0    141    215    216    
32    0.00011600000000000000068    5.399999999999999798e-05    6.999999999999999895e-06    4    -1    49    60    60    1    0    31    217    218    219    
33    0.00017300000000000000382    0.00015799999999999999158    6.999999999999999895e-06    8    -1    -1    13    27    58    67    68    99    1    0    32    33    154    210    220    221    222    223    
34    9.3999999999999994476e-05    8.2000000000000000948e-05    7.999999999999999638e-06    3    17    36    93    0    0    172    224    225    
35    0.00019399999999999999927    3.1999999999999998552e-05    9.000000000000000228e-06    6    -1    -1    20    65    118    118    1    0    34    35    181    226    227    228    
36    4.3999999999999998856e-05    9.6999999999999999634e-05    9.000000000000000228e-06    17    -1    -1    18    21    23    24    34    39    39    42    43    61    80    82    91    93    95    1    0    36    37    175    185    191    195    224    229    230    231    232    233    234    235    236    237    238    
37    0.00013099999999999998581    9.7999999999999996836e-05    9.000000000000000228e-06    8    -1    17    38    39    50    55    57    87    1    0    38    173    239    240    241    242    243    244    
38    0.00015300000000000000557    9.999999999999999124e-05    9.000000000000000228e-06    5    -1    37    50    55    62    1    0    39    239    245    246    247    
39    0.00010899999999999999316    0.00010899999999999999316    9.000000000000000228e-06    8    -1    23    36    36    37    57    89    95    1    0    40    192    229    230    240    248    249    250    
40    1.6999999999999999866e-05    0.00017199999999999997951    9.000000000000000228e-06    7    -1    25    29    48    80    86    88    1    0    41    199    213    251    252    253    254    
41    4.8999999999999998418e-05    4.999999999999999562e-06    9.999999999999999124e-06    4    -1    49    59    111    1    0    42    255    256    257    
42    5.3000000000000000778e-05    5.800000000000000034e-05    9.999999999999999124e-06    10    -1    15    21    36    45    45    52    76    93    111    1    0    43    161    186    231    258    259    260    261    262    263    
43    1.0999999999999999714e-05    0.00011199999999999999832    1.0999999999999999714e-05    5    -1    18    36    51    52    1    0    44    176    232    264    265    
44    8.4999999999999992554e-05    0.00019399999999999999927    1.0999999999999999714e-05    4    -1    46    74    74    1    0    45    266    267    268    
45    2.3000000000000000018e-05    6.20000000000000027e-05    1.2000000000000000304e-05    6    -1    -1    42    42    52    76    1    0    46    47    258    259    269    270    
46    9.6000000000000002432e-05    0.00017300000000000000382    1.2000000000000000304e-05    8    -1    -1    25    44    63    68    77    106    1    0    48    49    200    266    271    272    273    274    
47    0.00016099999999999998319    5.9999999999999994744e-05    1.29999999999999992e-05    4    16    55    65    120    0    0    168    275    276    277    
48    3.3999999999999999732e-05    0.00018999999999999998336    1.29999999999999992e-05    2    40    88    0    0    251    278    
49    0.00010999999999999999036    9.000000000000000228e-06    1.399999999999999979e-05    14    -1    -1    -1    -1    14    19    31    32    41    54    60    79    100    114    1    0    50    51    52    53    160    179    215    217    255    279    280    281    282    283    
50    0.00014999999999999998686    0.00012100000000000000024    1.399999999999999979e-05    9    -1    12    12    37    38    57    62    87    101    1    0    54    151    152    241    245    284    285    286    287    
51    3.000000000000000076e-06    0.00012299999999999998109    1.399999999999999979e-05    1    43    0    0    264    
52    7.999999999999999638e-06    4.6999999999999997238e-05    1.4999999999999998686e-05    10    -1    -1    -1    42    43    45    59    69    72    129    1    0    55    56    57    260    265    269    288    289    290    291    
53    9.6000000000000002432e-05    0.00014300000000000000645    1.4999999999999998686e-05    3    23    63    83    0    0    193    292    293    
54    0.00014699999999999999525    3.9999999999999996496e-05    1.5999999999999999276e-05    9    -1    3    19    20    20    49    65    75    79    1    0    58    138    180    182    183    279    294    295    296    
55    0.00013699999999999999613    7.499999999999999343e-05    1.5999999999999999276e-05    15    -1    3    16    16    16    17    37    38    47    61    61    85    85    120    141    1    0    59    139    169    170    171    174    242    246    275    297    298    299    300    301    302    
56    0.00019499999999999999647    9.6999999999999999634e-05    1.5999999999999999276e-05    3    22    62    85    0    0    188    303    304    
57    0.0001240000000000000054    0.0001049999999999999908    1.5999999999999999276e-05    4    37    39    50    87    0    0    243    248    284    305    
58    0.00018400000000000000014    0.00018099999999999998143    1.5999999999999999276e-05    7    -1    33    71    71    84    102    105    1    0    60    220    306    307    308    309    310    
59    2.799999999999999958e-05    1.5999999999999999276e-05    1.8000000000000000456e-05    7    -1    -1    41    52    69    110    111    1    0    61    62    256    288    311    312    313    
60    0.00012100000000000000024    4.6000000000000000036e-05    1.8000000000000000456e-05    8    31    32    32    49    75    90    90    93    0    0    216    218    219    280    314    315    316    317    
61    0.00011499999999999998993    7.099999999999999107e-05    1.8000000000000000456e-05    7    -1    9    36    55    55    90    93    1    0    63    142    233    297    298    318    319    
62    0.00017499999999999999822    0.00010699999999999999876    1.8000000000000000456e-05    10    -1    38    50    56    67    85    87    96    145    145    1    0    64    247    285    303    320    321    322    323    324    325    
63    0.00010600000000000000156    0.00015799999999999999158    1.8000000000000000456e-05    7    46    53    68    77    83    116    125    0    0    271    292    326    327    328    329    330    
64    1.0999999999999999714e-05    9.2000000000000000072e-05    1.8999999999999997658e-05    6    18    76    81    103    103    158    0    0    177    331    332    333    334    335    
65    0.00017799999999999998983    4.1999999999999997676e-05    1.9999999999999998248e-05    8    20    35    47    54    98    107    108    118    0    0    184    226    276    294    336    337    338    339    
66    6.3999999999999997104e-05    0.00019200000000000000486    1.9999999999999998248e-05    5    -1    25    25    74    77    1    0    65    201    202    340    341    
67    0.00018099999999999998143    0.00014799999999999999246    2.0999999999999998838e-05    4    -1    33    62    96    1    0    66    221    320    342    
68    0.00013599999999999999893    0.00017499999999999999822    2.0999999999999998838e-05    12    -1    12    13    26    33    46    63    73    83    99    116    140    1    0    67    153    155    208    222    272    326    343    344    345    346    347    
69    9.000000000000000228e-06    1.2000000000000000304e-05    2.1999999999999999428e-05    4    -1    52    59    129    1    0    68    289    311    348    
70    0    0.0001640000000000000019    2.1999999999999999428e-05    0    0    0    
71    0.00019499999999999999647    0.00019200000000000000486    2.1999999999999999428e-05    2    58    58    0    0    306    307    
72    3.999999999999999819e-06    6.8999999999999996666e-05    2.3000000000000000018e-05    2    52    81    0    0    290    349    
73    0.00013999999999999998774    0.00018899999999999998615    2.4000000000000000608e-05    4    26    27    68    102    0    0    209    211    343    350    
74    7.7000000000000001386e-05    0.00019499999999999999647    2.4000000000000000608e-05    4    44    44    66    106    0    0    267    268    340    351    
75    0.00013899999999999999053    4.8999999999999998418e-05    2.499999999999999781e-05    5    54    60    90    90    98    0    0    295    314    352    353    354    
76    2.9999999999999997372e-05    8.7999999999999997712e-05    2.499999999999999781e-05    10    18    42    45    64    81    103    112    135    135    158    0    0    178    261    270    331    355    356    357    358    359    360    
77    6.7000000000000002262e-05    0.00016999999999999998511    2.499999999999999781e-05    14    -1    24    25    25    25    46    63    66    92    92    113    115    136    136    1    0    69    196    203    204    205    273    327    341    361    362    363    364    365    366    
78    0.00015300000000000000557    4.999999999999999562e-06    2.59999999999999984e-05    2    118    127    0    0    367    368    
79    0.00013599999999999999893    1.9999999999999998248e-05    2.59999999999999984e-05    3    49    54    98    0    0    281    296    369    
80    2.59999999999999984e-05    0.00014300000000000000645    2.59999999999999984e-05    12    11    24    29    36    40    86    91    91    103    109    112    112    0    0    147    197    214    234    252    370    371    372    373    374    375    376    
81    1.29999999999999992e-05    7.9999999999999992992e-05    2.699999999999999899e-05    3    64    72    76    0    0    332    349    355    
82    6.20000000000000027e-05    9.999999999999999124e-05    2.699999999999999899e-05    10    36    87    91    91    93    112    135    147    151    151    0    0    235    377    378    379    380    381    382    383    384    385    
83    0.00011499999999999998993    0.00014899999999999998966    2.699999999999999899e-05    9    53    63    68    89    89    95    99    125    142    0    0    293    328    344    386    387    388    389    390    391    
84    0.00018300000000000000294    0.00016999999999999998511    2.699999999999999899e-05    2    58    121    0    0    308    392    
85    0.00017300000000000000382    8.299999999999999815e-05    2.799999999999999958e-05    8    55    55    56    62    94    94    107    108    0    0    299    300    304    321    393    394    395    396    
86    3.2999999999999995754e-05    0.0001679999999999999907    2.799999999999999958e-05    4    25    40    80    88    0    0    206    253    370    397    
87    0.0001259999999999999998    0.00010100000000000000199    2.900000000000000017e-05    6    37    50    57    62    82    141    0    0    244    286    305    322    377    398    
88    2.799999999999999958e-05    0.00017799999999999998983    2.900000000000000017e-05    6    40    48    86    136    152    152    0    0    254    278    397    399    400    401    
89    0.00012100000000000000024    0.0001240000000000000054    2.9999999999999997372e-05    9    39    83    83    99    101    131    132    141    148    0    0    249    386    387    402    403    404    405    406    407    
90    0.00012899999999999999141    6.0999999999999998722e-05    3.100000000000000135e-05    13    60    60    61    75    75    100    119    120    122    124    134    134    153    0    0    315    316    318    352    353    408    409    410    411    412    413    414    415    
91    6.4999999999999994306e-05    0.00012999999999999998861    3.1999999999999998552e-05    8    36    80    80    82    82    95    112    115    0    0    236    371    372    378    379    416    417    418    
92    8.4999999999999992554e-05    0.00017599999999999999542    3.1999999999999998552e-05    3    77    77    136    0    0    361    362    419    
93    8.700000000000000051e-05    5.9999999999999994744e-05    3.3999999999999999732e-05    15    9    15    21    34    36    42    60    61    82    100    111    122    124    126    135    0    0    143    162    187    225    237    262    317    319    380    420    421    422    423    424    425    
94    0.00019200000000000000486    8.9999999999999992116e-05    3.3999999999999999732e-05    3    85    85    138    0    0    393    394    426    
95    9.3999999999999994476e-05    0.0001259999999999999998    3.3999999999999999732e-05    7    36    39    83    91    130    142    151    0    0    238    250    388    416    427    428    429    
96    0.00019099999999999998056    0.00014899999999999998966    3.4999999999999996934e-05    5    62    67    131    145    159    0    0    323    342    430    431    432    
97    6.5999999999999991508e-05    2.0999999999999998838e-05    3.6000000000000000912e-05    4    111    111    150    162    0    0    433    434    435    436    
98    0.00014899999999999998966    2.900000000000000017e-05    3.6000000000000000912e-05    10    65    75    79    114    117    118    143    153    173    181    0    0    336    354    369    437    438    439    440    441    442    443    
99    0.00014500000000000000085    0.0001640000000000000019    3.6000000000000000912e-05    9    33    68    83    89    101    101    125    140    149    0    0    223    345    389    402    444    445    446    447    448    
100    0.0001049999999999999908    4.4999999999999996058e-05    3.6999999999999998114e-05    6    49    90    93    114    124    126    0    0    282    408    420    449    450    451    
101    0.00014899999999999998966    0.00013999999999999998774    3.6999999999999998114e-05    6    50    89    99    99    125    131    0    0    287    403    444    445    452    453    
102    0.00017099999999999998231    0.00019300000000000000207    3.6999999999999998114e-05    3    58    73    121    0    0    309    350    454    
103    4.999999999999999562e-06    0.00011600000000000000068    3.7999999999999995316e-05    6    64    64    76    80    158    158    0    0    333    334    356    373    455    456    
104    0    9.9999999999999995475e-07    3.8999999999999999294e-05    0    0    0    
105    0.00019499999999999999647    0.00017699999999999999263    3.8999999999999999294e-05    3    58    121    159    0    0    310    457    458    
106    9.6999999999999999634e-05    0.00019399999999999999927    3.8999999999999999294e-05    4    46    74    160    164    0    0    274    351    459    460    
107    0.00019099999999999998056    4.6999999999999997238e-05    3.9999999999999996496e-05    6    22    65    85    108    118    138    0    0    189    337    395    461    462    463    
108    0.00017499999999999999822    5.0999999999999999598e-05    3.9999999999999996496e-05    7    65    85    107    120    120    134    153    0    0    338    396    461    464    465    466    467    
109    6.999999999999999895e-06    0.00015199999999999998126    3.9999999999999996496e-05    2    80    128    0    0    374    468    
110    3.100000000000000135e-05    1.29999999999999992e-05    4.1000000000000000474e-05    7    59    111    129    129    150    170    195    0    0    312    469    470    471    472    473    474    
111    5.0999999999999999598e-05    2.59999999999999984e-05    4.1000000000000000474e-05    13    -1    15    15    41    42    59    93    97    97    110    129    135    150    1    0    70    163    164    257    263    313    421    433    434    469    475    476    477    
112    5.19999999999999968e-05    0.00010999999999999999036    4.1000000000000000474e-05    10    76    80    80    82    91    135    151    158    167    167    0    0    357    375    376    381    417    478    479    480    481    482    
113    6.8999999999999996666e-05    0.00018999999999999998336    4.1000000000000000474e-05    2    77    136    0    0    363    483    
114    0.00010600000000000000156    3.2999999999999995754e-05    4.1999999999999997676e-05    5    49    98    100    117    126    0    0    283    437    449    484    485    
115    6.9999999999999993868e-05    0.00014899999999999998966    4.2999999999999994878e-05    7    77    91    136    136    142    167    183    0    0    364    418    486    487    488    489    490    
116    0.00011100000000000000112    0.0001659999999999999963    4.2999999999999994878e-05    4    63    68    140    142    0    0    329    346    491    492    
117    0.00012100000000000000024    9.000000000000000228e-06    4.3999999999999998856e-05    3    98    114    143    0    0    438    484    493    
118    0.00019300000000000000207    2.0999999999999998838e-05    4.3999999999999998856e-05    18    28    35    35    65    78    98    107    127    127    137    137    144    181    181    191    191    191    213    0    0    212    227    228    339    367    439    462    494    495    496    497    498    499    500    501    502    503    504    
119    0.00011999999999999998949    7.2000000000000001824e-05    4.3999999999999998856e-05    3    90    122    124    0    0    409    505    506    
120    0.00015599999999999999718    7.7999999999999998588e-05    4.3999999999999998856e-05    6    47    55    90    108    108    134    0    0    277    301    410    464    465    507    
121    0.00017699999999999999263    0.00018099999999999998143    4.3999999999999998856e-05    6    84    102    105    159    159    180    0    0    392    454    457    508    509    510    
122    0.00011100000000000000112    7.3999999999999996228e-05    4.4999999999999996058e-05    4    90    93    119    124    0    0    411    422    505    511    
123    2.0999999999999998838e-05    0.00019799999999999998808    4.4999999999999996058e-05    0    0    0    
124    0.00011899999999999999229    5.4999999999999995182e-05    4.6000000000000000036e-05    6    90    93    100    119    122    153    0    0    412    423    450    506    511    512    
125    0.00014099999999999998494    0.00014899999999999998966    4.6000000000000000036e-05    7    63    83    99    101    140    142    172    0    0    330    390    446    452    513    514    515    
126    9.0999999999999989318e-05    3.6000000000000000912e-05    4.6999999999999997238e-05    11    93    100    114    135    143    150    153    162    188    214    229    0    0    424    451    485    516    517    518    519    520    521    522    523    
127    0.00015199999999999998126    9.999999999999999124e-06    4.8000000000000001216e-05    4    78    118    118    173    0    0    368    494    495    524    
128    1.9999999999999999095e-06    0.00017400000000000000102    4.8000000000000001216e-05    1    109    0    0    468    
129    2.3000000000000000018e-05    4.3999999999999998856e-05    4.8999999999999998418e-05    11    52    69    110    110    111    135    135    156    170    170    187    0    0    291    348    470    471    475    525    526    527    528    529    530    
130    9.3999999999999994476e-05    0.00011999999999999998949    4.8999999999999998418e-05    5    95    132    142    151    154    0    0    427    531    532    533    534    
131    0.00015999999999999998598    0.00013999999999999998774    4.8999999999999998418e-05    6    89    96    101    146    148    159    0    0    404    430    453    535    536    537    
132    0.00011499999999999998993    0.0001240000000000000054    4.999999999999999562e-05    4    89    130    148    207    0    0    405    531    538    539    
133    1.0999999999999999714e-05    3.000000000000000076e-06    5.19999999999999968e-05    1    170    0    0    540    
134    0.00014099999999999998494    6.8999999999999996666e-05    5.19999999999999968e-05    5    90    90    108    120    138    0    0    413    414    466    507    541    
135    5.3000000000000000778e-05    7.2999999999999999026e-05    5.19999999999999968e-05    20    76    76    82    93    111    112    126    129    129    150    156    158    158    158    168    185    187    187    187    209    0    0    358    359    382    425    476    478    516    525    526    542    543    544    545    546    547    548    549    550    551    552    
136    5.0999999999999999598e-05    0.00017899999999999998703    5.19999999999999968e-05    11    77    77    88    92    113    115    115    152    160    165    220    0    0    365    366    399    419    483    486    487    553    554    555    556    
137    0.00016899999999999998791    3.999999999999999819e-06    5.3000000000000000778e-05    2    118    118    0    0    496    497    
138    0.00017599999999999999542    9.2999999999999997274e-05    5.3000000000000000778e-05    17    94    107    134    141    145    145    155    155    157    166    176    179    206    224    224    237    237    0    0    426    463    541    557    558    559    560    561    562    563    564    565    566    567    568    569    570    
139    9.999999999999999124e-06    0.00013199999999999998302    5.3000000000000000778e-05    2    158    167    0    0    571    572    
140    0.00012100000000000000024    0.00017099999999999998231    5.3000000000000000778e-05    9    68    99    116    125    142    149    164    164    172    0    0    347    447    491    513    573    574    575    576    577    
141    0.00012899999999999999141    9.6999999999999999634e-05    5.6999999999999996362e-05    7    55    87    89    138    147    147    166    0    0    302    398    406    557    578    579    580    
142    9.3999999999999994476e-05    0.00014599999999999999805    5.6999999999999996362e-05    17    83    95    115    116    125    130    140    148    148    148    151    154    164    183    207    207    234    0    0    391    428    488    492    514    532    573    581    582    583    584    585    586    587    588    589    590    
143    0.00010799999999999999596    1.29999999999999992e-05    5.800000000000000034e-05    5    98    117    126    162    173    0    0    440    493    517    591    592    
144    0.00017499999999999999822    3.4999999999999996934e-05    5.800000000000000034e-05    2    118    181    0    0    498    593    
145    0.00018400000000000000014    0.0001250000000000000026    5.800000000000000034e-05    8    62    62    96    138    138    155    159    206    0    0    324    325    431    558    559    594    595    596    
146    0.00015599999999999999718    0.00013500000000000000173    5.800000000000000034e-05    3    131    155    219    0    0    535    597    598    
147    9.4999999999999991678e-05    9.4999999999999991678e-05    5.8999999999999997542e-05    10    82    141    141    151    163    166    168    168    171    188    0    0    383    578    579    599    600    601    602    603    604    605    
148    0.00012299999999999998109    0.00013899999999999999053    5.8999999999999997542e-05    8    89    131    132    142    142    142    172    207    0    0    407    536    538    581    582    583    606    607    
149    0.00015499999999999999997    0.00017300000000000000382    5.8999999999999997542e-05    7    99    140    159    159    161    172    211    0    0    448    574    608    609    610    611    612    
150    6.4999999999999994306e-05    1.29999999999999992e-05    6.0999999999999998722e-05    9    97    110    111    126    135    162    184    190    195    0    0    435    472    477    518    542    613    614    615    616    
151    7.3999999999999996228e-05    0.00011899999999999999229    6.20000000000000027e-05    9    82    82    95    112    130    142    147    154    189    0    0    384    385    429    479    533    584    599    617    618    
152    2.59999999999999984e-05    0.00017599999999999999542    6.20000000000000027e-05    4    88    88    136    165    0    0    400    401    553    619    
153    0.00012699999999999999701    5.0999999999999999598e-05    6.2999999999999999902e-05    6    90    98    108    124    126    175    0    0    415    441    467    512    519    620    
154    8.8999999999999994914e-05    0.00011399999999999999272    6.2999999999999999902e-05    4    130    142    151    163    0    0    534    585    617    621    
155    0.00016199999999999998039    0.00011600000000000000068    6.2999999999999999902e-05    5    138    138    145    146    204    0    0    560    561    594    597    622    
156    9.000000000000000228e-06    6.3999999999999997104e-05    6.3999999999999997104e-05    7    129    135    158    170    170    203    225    0    0    527    543    623    624    625    626    627    
157    0.00017499999999999999822    6.3999999999999997104e-05    6.3999999999999997104e-05    4    138    174    176    179    0    0    562    628    629    630    
158    2.3000000000000000018e-05    9.4999999999999991678e-05    6.3999999999999997104e-05    16    64    76    103    103    112    135    135    135    139    156    167    167    177    189    199    216    0    0    335    360    455    456    480    544    545    546    571    623    631    632    633    634    635    636    
159    0.00018300000000000000294    0.00015099999999999998406    6.3999999999999997104e-05    11    96    105    121    121    131    145    149    149    182    219    219    0    0    432    458    508    509    537    595    608    609    637    638    639    
160    0.00010999999999999999036    0.00019300000000000000207    6.3999999999999997104e-05    4    106    136    164    220    0    0    459    554    640    641    
161    0.00015799999999999999158    0.00019300000000000000207    6.3999999999999997104e-05    3    149    180    201    0    0    610    642    643    
162    8.9999999999999992116e-05    1.2000000000000000304e-05    6.5999999999999991508e-05    9    97    126    143    150    173    184    186    212    223    0    0    436    520    591    613    644    645    646    647    648    
163    0.00010100000000000000199    9.999999999999999124e-05    6.5999999999999991508e-05    6    147    154    188    207    210    231    0    0    600    621    649    650    651    652    
164    0.0001259999999999999998    0.00018799999999999998895    6.5999999999999991508e-05    9    106    140    140    142    160    172    201    220    240    0    0    460    575    576    586    640    653    654    655    656    
165    1.399999999999999979e-05    0.00019200000000000000486    6.5999999999999991508e-05    3    136    152    194    0    0    555    619    657    
166    0.0001250000000000000026    9.6999999999999999634e-05    6.7000000000000002262e-05    10    138    141    147    175    188    192    204    207    224    237    0    0    563    580    601    658    659    660    661    662    663    664    
167    2.799999999999999958e-05    0.00013500000000000000173    6.7000000000000002262e-05    10    112    112    115    139    158    158    177    189    200    216    0    0    481    482    489    572    631    632    665    666    667    668    
168    6.8999999999999996666e-05    8.9999999999999992116e-05    6.7999999999999999464e-05    4    135    147    147    185    0    0    547    602    603    669    
169    4.2999999999999994878e-05    2.900000000000000017e-05    6.8999999999999996666e-05    3    187    187    195    0    0    670    671    672    
170    6.999999999999999895e-06    3.1999999999999998552e-05    6.8999999999999996666e-05    7    110    129    129    133    156    156    195    0    0    473    528    529    540    624    625    673    
171    8.0999999999999990194e-05    7.899999999999999579e-05    6.8999999999999996666e-05    2    147    188    0    0    604    674    
172    0.00013099999999999998581    0.00016099999999999998319    6.8999999999999996666e-05    10    125    140    148    149    164    207    219    220    227    242    0    0    515    577    606    611    653    675    676    677    678    679    
173    0.00012999999999999998861    2.0999999999999998838e-05    6.9999999999999993868e-05    6    98    127    143    162    181    186    0    0    442    524    592    644    680    681    
174    0.00015899999999999998878    5.3000000000000000778e-05    6.9999999999999993868e-05    3    157    181    181    0    0    628    682    683    
175    0.0001250000000000000026    6.9999999999999993868e-05    6.9999999999999993868e-05    6    153    166    192    192    214    224    0    0    620    658    684    685    686    687    
176    0.00019200000000000000486    7.2999999999999999026e-05    7.099999999999999107e-05    6    138    157    179    181    213    215    0    0    564    629    688    689    690    691    
177    1.2000000000000000304e-05    0.00015099999999999998406    7.2999999999999999026e-05    3    158    167    238    0    0    633    665    692    
178    0.00017499999999999999822    0.00017599999999999999542    7.2999999999999999026e-05    3    180    182    239    0    0    693    694    695    
179    0.00016099999999999998319    6.9999999999999993868e-05    7.3999999999999996228e-05    4    138    157    176    196    0    0    565    630    688    696    
180    0.00018400000000000000014    0.00018899999999999998615    7.3999999999999996228e-05    6    121    161    178    182    222    251    0    0    510    642    693    697    698    699    
181    0.0001669999999999999935    3.4999999999999996934e-05    7.5999999999999990632e-05    13    98    118    118    144    173    174    174    176    191    213    228    236    261    0    0    443    499    500    593    680    682    683    689    700    701    702    703    704    
182    0.00019200000000000000486    0.00016099999999999998319    7.5999999999999990632e-05    6    159    178    180    219    219    239    0    0    637    694    697    705    706    707    
183    7.899999999999999579e-05    0.00016899999999999998791    7.5999999999999990632e-05    5    115    142    220    221    221    0    0    490    587    708    709    710    
184    8.4999999999999992554e-05    2.3000000000000000018e-05    7.7999999999999998588e-05    9    150    162    186    186    190    209    214    223    223    0    0    614    645    711    712    713    714    715    716    717    
185    5.4999999999999995182e-05    7.7999999999999998588e-05    7.7999999999999998588e-05    7    135    168    198    198    202    230    231    0    0    548    669    718    719    720    721    722    
186    0.0001250000000000000026    2.799999999999999958e-05    7.899999999999999579e-05    10    162    173    184    184    212    228    245    245    261    273    0    0    646    681    711    712    723    724    725    726    727    728    
187    4.1999999999999997676e-05    4.8999999999999998418e-05    7.899999999999999579e-05    11    129    135    135    135    169    169    202    209    209    209    225    0    0    530    549    550    551    670    671    729    730    731    732    733    
188    0.0001019999999999999992    8.8999999999999994914e-05    7.899999999999999579e-05    8    126    147    163    166    171    192    226    231    0    0    521    605    649    659    674    734    735    736    
189    6.20000000000000027e-05    0.00012199999999999999744    7.899999999999999579e-05    11    151    158    167    198    200    210    216    216    232    234    250    0    0    618    634    666    737    738    739    740    741    742    743    744    
190    5.3000000000000000778e-05    7.999999999999999638e-06    8.2000000000000000948e-05    8    150    184    195    195    225    255    255    278    0    0    615    713    745    746    747    748    749    750    
191    0.00018099999999999998143    1.0999999999999999714e-05    8.2000000000000000948e-05    7    118    118    118    181    208    213    248    0    0    501    502    503    700    751    752    753    
192    0.00011699999999999999788    8.3999999999999995352e-05    8.2000000000000000948e-05    7    166    175    175    188    214    224    258    0    0    660    684    685    734    754    755    756    
193    0.00019099999999999998056    9.3999999999999994476e-05    8.2000000000000000948e-05    0    0    0    
194    6.999999999999999895e-06    0.00017599999999999999542    8.299999999999999815e-05    2    165    238    0    0    657    757    
195    1.8000000000000000456e-05    9.000000000000000228e-06    8.3999999999999995352e-05    9    110    150    169    170    190    190    225    268    268    0    0    474    616    672    673    745    746    758    759    760    
196    0.00014300000000000000645    6.20000000000000027e-05    8.3999999999999995352e-05    4    179    224    236    245    0    0    696    761    762    763    
197    4.999999999999999562e-06    8.700000000000000051e-05    8.3999999999999995352e-05    2    203    217    0    0    764    765    
198    6.5999999999999991508e-05    0.00010799999999999999596    8.3999999999999995352e-05    8    185    185    189    210    216    231    231    275    0    0    718    719    737    766    767    768    769    770    
199    6.000000000000000152e-06    0.0001240000000000000054    8.3999999999999995352e-05    4    158    216    235    243    0    0    635    771    772    773    
200    3.9999999999999996496e-05    0.00015899999999999998878    8.3999999999999995352e-05    7    167    189    216    221    221    238    250    0    0    667    738    774    775    776    777    778    
201    0.00013500000000000000173    0.00019200000000000000486    8.3999999999999995352e-05    5    161    164    211    211    240    0    0    643    654    779    780    781    
202    4.8000000000000001216e-05    6.9999999999999993868e-05    8.4999999999999992554e-05    5    185    187    203    230    305    0    0    720    729    782    783    784    
203    2.3000000000000000018e-05    7.7000000000000001386e-05    8.4999999999999992554e-05    5    156    197    202    246    305    0    0    626    764    782    785    786    
204    0.00015300000000000000557    0.00011999999999999998949    8.4999999999999992554e-05    5    155    166    207    219    237    0    0    622    661    787    788    789    
205    0.00018599999999999999455    9.8999999999999994038e-05    8.5999999999999989756e-05    0    0    0    
206    0.00018699999999999999175    0.00011600000000000000068    8.5999999999999989756e-05    7    138    145    218    219    237    271    287    0    0    566    596    790    791    792    793    794    
207    0.0001250000000000000026    0.00013199999999999998302    8.5999999999999989756e-05    14    132    142    142    148    163    166    172    204    219    226    227    227    276    299    0    0    539    588    589    607    650    662    675    787    795    796    797    798    799    800    
208    0.0001649999999999999991    6.000000000000000152e-06    8.700000000000000051e-05    4    191    228    248    269    0    0    751    801    802    803    
209    5.9999999999999994744e-05    4.6000000000000000036e-05    8.700000000000000051e-05    7    135    184    187    187    187    225    229    0    0    552    714    730    731    732    804    805    
210    9.2000000000000000072e-05    0.00012299999999999998109    8.700000000000000051e-05    6    163    189    198    226    231    234    0    0    651    739    766    806    807    808    
211    0.00014999999999999998686    0.00018899999999999998615    8.7999999999999997712e-05    8    149    201    201    222    240    242    242    266    0    0    612    779    780    809    810    811    812    813    
212    0.00012699999999999999701    6.000000000000000152e-06    8.8999999999999994914e-05    4    162    186    228    254    0    0    647    723    814    815    
213    0.00019099999999999998056    3.8999999999999999294e-05    8.8999999999999994914e-05    6    118    176    181    191    248    248    0    0    504    690    701    752    816    817    
214    0.00010100000000000000199    5.8999999999999997542e-05    8.8999999999999994914e-05    8    126    175    184    192    233    245    245    270    0    0    522    686    715    754    818    819    820    821    
215    0.00017300000000000000382    7.5999999999999990632e-05    8.8999999999999994914e-05    5    176    236    236    237    237    0    0    691    822    823    824    825    
216    3.2999999999999995754e-05    0.0001250000000000000026    8.8999999999999994914e-05    12    158    167    189    189    198    199    200    232    235    243    262    262    0    0    636    668    740    741    767    771    774    826    827    828    829    830    
217    6.999999999999999895e-06    9.8999999999999994038e-05    8.9999999999999992116e-05    2    197    243    0    0    765    831    
218    0.00017999999999999998423    0.00011899999999999999229    8.9999999999999992116e-05    3    206    219    237    0    0    790    832    833    
219    0.00017699999999999999263    0.00013699999999999999613    8.9999999999999992116e-05    15    146    159    159    172    182    182    204    206    207    218    237    242    247    272    299    0    0    598    638    639    676    705    706    788    791    795    832    834    835    836    837    838    
220    9.0999999999999989318e-05    0.00017999999999999998423    9.0999999999999989318e-05    11    136    160    164    172    183    221    221    227    240    240    257    0    0    556    641    655    677    708    839    840    841    842    843    844    
221    6.8999999999999996666e-05    0.00018499999999999999735    9.0999999999999989318e-05    12    183    183    200    200    220    220    250    252    257    257    260    291    0    0    709    710    775    776    839    840    845    846    847    848    849    850    
222    0.00016999999999999998511    0.00019499999999999999647    9.2000000000000000072e-05    4    180    211    249    251    0    0    698    809    851    852    
223    8.5999999999999989756e-05    2.3000000000000000018e-05    9.2999999999999997274e-05    5    162    184    184    255    273    0    0    648    716    717    853    854    
224    0.00013099999999999998581    7.5999999999999990632e-05    9.2999999999999997274e-05    9    138    138    166    175    192    196    237    258    298    0    0    567    568    663    687    755    761    855    856    857    
225    2.59999999999999984e-05    3.4999999999999996934e-05    9.4999999999999991678e-05    11    156    187    190    195    209    241    253    256    278    295    305    0    0    627    733    747    758    804    858    859    860    861    862    863    
226    0.00011899999999999999229    0.00010799999999999999596    9.4999999999999991678e-05    7    188    207    210    231    237    276    298    0    0    735    796    806    864    865    866    867    
227    0.00011499999999999998993    0.0001679999999999999907    9.4999999999999991678e-05    11    172    207    207    220    240    257    263    263    276    289    311    0    0    678    797    798    841    868    869    870    871    872    873    874    
228    0.00014099999999999998494    6.000000000000000152e-06    9.6000000000000002432e-05    6    181    186    208    212    261    293    0    0    702    724    801    814    875    876    
229    6.8999999999999996666e-05    6.3999999999999997104e-05    9.6000000000000002432e-05    5    126    209    230    233    264    0    0    523    805    877    878    879    
230    5.6999999999999996362e-05    7.2000000000000001824e-05    9.6000000000000002432e-05    5    185    202    229    231    305    0    0    721    783    877    880    881    
231    9.4999999999999991678e-05    0.0001019999999999999992    9.6000000000000002432e-05    10    163    185    188    198    198    210    226    230    258    302    0    0    652    722    736    768    769    807    864    880    882    883    
232    4.999999999999999562e-05    0.00013300000000000000732    9.6000000000000002432e-05    8    189    216    244    250    262    275    306    306    0    0    742    826    884    885    886    887    888    889    
233    8.7999999999999997712e-05    4.6999999999999997238e-05    9.6999999999999999634e-05    3    214    229    273    0    0    818    878    890    
234    8.700000000000000051e-05    0.00013400000000000000452    9.6999999999999999634e-05    4    142    189    210    263    0    0    590    743    808    891    
235    6.000000000000000152e-06    0.00014199999999999998214    9.6999999999999999634e-05    5    199    216    238    262    322    0    0    772    827    892    893    894    
236    0.00015999999999999998598    5.8999999999999997542e-05    9.8999999999999994038e-05    8    181    196    215    215    248    261    298    328    0    0    703    762    822    823    895    896    897    898    
237    0.00016999999999999998511    0.00010899999999999999316    9.8999999999999994038e-05    14    138    138    166    204    206    215    215    218    219    224    226    298    298    299    0    0    569    570    664    789    792    824    825    833    834    855    865    899    900    901    
238    6.999999999999999895e-06    0.00016199999999999998039    9.999999999999999124e-05    4    177    194    200    235    0    0    692    757    777    892    
239    0.00019300000000000000207    0.0001640000000000000019    9.999999999999999124e-05    6    178    182    247    251    272    317    0    0    695    707    902    903    904    905    
240    0.00011299999999999999552    0.00018300000000000000294    0.00010100000000000000199    7    164    201    211    220    220    227    359    0    0    656    781    810    842    843    868    906    
241    1.2000000000000000304e-05    5.399999999999999798e-05    0.0001019999999999999992    4    225    246    253    253    0    0    858    907    908    909    
242    0.00015400000000000000277    0.00017099999999999998231    0.0001019999999999999992    7    172    211    211    219    251    266    299    0    0    679    811    812    835    910    911    912    
243    1.8000000000000000456e-05    0.00011999999999999998949    0.0001029999999999999964    9    199    216    217    246    246    262    275    316    322    0    0    773    828    831    913    914    915    916    917    918    
244    3.8999999999999999294e-05    0.00014599999999999999805    0.0001029999999999999964    1    232    0    0    884    
245    0.00011399999999999999272    4.4999999999999996058e-05    0.0001049999999999999908    9    186    186    196    214    214    261    261    270    273    0    0    725    726    763    819    820    919    920    921    922    
246    1.8000000000000000456e-05    7.9999999999999992992e-05    0.0001049999999999999908    5    203    241    243    243    305    0    0    785    907    913    914    923    
247    0.00018300000000000000294    0.00014599999999999999805    0.0001049999999999999908    3    219    239    272    0    0    836    902    924    
248    0.00018999999999999998336    2.3000000000000000018e-05    0.00010600000000000000156    11    191    208    213    213    236    261    269    280    304    309    318    0    0    753    802    816    817    895    925    926    927    928    929    930    
249    0.00019699999999999999087    0.00019699999999999999087    0.00010600000000000000156    1    222    0    0    851    
250    5.9999999999999994744e-05    0.0001649999999999999991    0.00010699999999999999876    8    189    200    221    232    257    257    259    306    0    0    744    778    845    885    931    932    933    934    
251    0.00017300000000000000382    0.00017699999999999999263    0.00010699999999999999876    5    180    222    239    242    266    0    0    699    852    903    910    935    
252    4.4999999999999996058e-05    0.00018400000000000000014    0.00010699999999999999876    2    221    259    0    0    846    936    
253    4.999999999999999562e-06    3.6000000000000000912e-05    0.00010799999999999999596    5    225    241    241    256    295    0    0    859    908    909    937    938    
254    0.0001019999999999999992    3.000000000000000076e-06    0.00010899999999999999316    3    212    255    292    0    0    815    939    940    
255    7.899999999999999579e-05    6.999999999999999895e-06    0.00010899999999999999316    8    190    190    223    254    273    278    290    295    0    0    748    749    853    939    941    942    943    944    
256    2.0999999999999998838e-05    3.6000000000000000912e-05    0.00010899999999999999316    5    225    253    295    325    331    0    0    860    937    945    946    947    
257    7.9999999999999992992e-05    0.00017999999999999998423    0.00010899999999999999316    9    220    221    221    227    250    250    260    294    306    0    0    844    847    848    869    931    932    948    949    950    
258    0.00010999999999999999036    8.7999999999999997712e-05    0.00011199999999999999832    9    192    224    231    270    274    281    298    301    314    0    0    756    856    882    951    952    953    954    955    956    
259    5.800000000000000034e-05    0.00017999999999999998423    0.00011199999999999999832    3    250    252    277    0    0    933    936    957    
260    8.2000000000000000948e-05    0.00019499999999999999647    0.00011199999999999999832    3    221    257    277    0    0    849    948    958    
261    0.00013799999999999999333    2.799999999999999958e-05    0.00011299999999999999552    16    181    186    228    236    245    245    248    273    292    292    293    319    319    328    328    328    0    0    704    727    875    896    919    920    925    959    960    961    962    963    964    965    966    967    
262    2.4000000000000000608e-05    0.00013300000000000000732    0.00011299999999999999552    10    216    216    232    235    243    275    283    306    306    322    0    0    829    830    886    893    915    968    969    970    971    972    
263    9.8999999999999994038e-05    0.00014300000000000000645    0.00011299999999999999552    5    227    227    234    276    306    0    0    870    871    891    973    974    
264    7.099999999999999107e-05    5.599999999999999916e-05    0.00011399999999999999272    7    229    274    278    285    286    290    305    0    0    879    975    976    977    978    979    980    
265    0.00019200000000000000486    7.099999999999999107e-05    0.00011399999999999999272    3    280    287    309    0    0    981    982    983    
266    0.0001649999999999999991    0.00017799999999999998983    0.00011399999999999999272    6    211    242    251    282    311    327    0    0    813    911    935    984    985    986    
267    0.00015799999999999999158    4.6999999999999997238e-05    0.00011499999999999998993    0    0    0    
268    9.000000000000000228e-06    3.999999999999999819e-06    0.00011600000000000000068    5    195    195    295    295    295    0    0    759    760    987    988    989    
269    0.0001679999999999999907    4.999999999999999562e-06    0.00011600000000000000068    7    208    248    293    293    304    318    324    0    0    803    926    990    991    992    993    994    
270    0.00010899999999999999316    5.4999999999999995182e-05    0.00011600000000000000068    8    214    245    258    273    286    298    300    315    0    0    821    921    951    995    996    997    998    999    
271    0.00019200000000000000486    0.0001250000000000000026    0.00011600000000000000068    3    206    272    299    0    0    793    1000    1001    
272    0.00019300000000000000207    0.00014099999999999998494    0.00011600000000000000068    8    219    239    247    271    299    311    323    326    0    0    837    904    924    1000    1002    1003    1004    1005    
273    9.999999999999999124e-05    2.499999999999999781e-05    0.00011699999999999999788    10    186    223    233    245    255    261    270    286    290    292    0    0    728    854    890    922    941    959    995    1006    1007    1008    
274    7.5999999999999990632e-05    8.0999999999999990194e-05    0.00011699999999999999788    5    258    264    281    301    305    0    0    952    975    1009    1010    1011    
275    2.799999999999999958e-05    0.00010799999999999999596    0.00011699999999999999788    7    198    232    243    262    281    305    316    0    0    770    887    916    968    1012    1013    1014    
276    0.00011799999999999999508    0.00013699999999999999613    0.00011699999999999999788    10    207    226    227    263    288    302    306    310    311    382    0    0    799    866    872    973    1015    1016    1017    1018    1019    1020    
277    6.8999999999999996666e-05    0.00019300000000000000207    0.00011699999999999999788    5    259    260    303    303    313    0    0    957    958    1021    1022    1023    
278    5.6999999999999996362e-05    1.8999999999999997658e-05    0.00011799999999999999508    7    190    225    255    264    290    295    331    0    0    750    861    942    976    1024    1025    1026    
279    0    7.899999999999999579e-05    0.00011799999999999999508    0    0    0    
280    0.00017599999999999999542    5.9999999999999994744e-05    0.00011999999999999998949    4    248    265    309    328    0    0    927    981    1027    1028    
281    7.3999999999999996228e-05    0.0001039999999999999936    0.00011999999999999998949    14    258    274    275    301    301    302    305    305    306    306    316    321    341    407    0    0    953    1009    1012    1029    1030    1031    1032    1033    1034    1035    1036    1037    1038    1039    
282    0.00017199999999999997951    0.00018799999999999998895    0.00011999999999999998949    2    266    311    0    0    984    1040    
283    3.6000000000000000912e-05    0.00015400000000000000277    0.00012100000000000000024    6    262    303    306    306    322    355    0    0    969    1041    1042    1043    1044    1045    
284    0    3.8999999999999999294e-05    0.00012199999999999999744    0    0    0    
285    5.9999999999999994744e-05    5.399999999999999798e-05    0.00012199999999999999744    3    264    305    320    0    0    977    1046    1047    
286    9.2000000000000000072e-05    5.399999999999999798e-05    0.00012199999999999999744    4    264    270    273    300    0    0    978    996    1006    1048    
287    0.00018999999999999998336    9.6999999999999999634e-05    0.00012199999999999999744    5    206    265    299    299    337    0    0    794    982    1049    1050    1051    
288    9.4999999999999991678e-05    0.00012699999999999999701    0.00012199999999999999744    2    276    302    0    0    1015    1052    
289    0.00012299999999999998109    0.0001649999999999999991    0.00012199999999999999744    2    227    296    0    0    873    1053    
290    6.9999999999999993868e-05    1.8999999999999997658e-05    0.00012299999999999998109    7    255    264    273    278    295    297    370    0    0    943    979    1007    1024    1054    1055    1056    
291    1.0999999999999999714e-05    0.00018999999999999998336    0.00012299999999999998109    3    221    303    346    0    0    850    1057    1058    
292    0.00011299999999999999552    2.0999999999999998838e-05    0.0001240000000000000054    7    254    261    261    273    293    347    357    0    0    940    960    961    1008    1059    1060    1061    
293    0.00013199999999999998302    1.8000000000000000456e-05    0.0001250000000000000026    9    228    261    269    269    292    304    304    324    344    0    0    876    962    990    991    1059    1062    1063    1064    1065    
294    8.700000000000000051e-05    0.00017199999999999997951    0.0001250000000000000026    4    257    306    313    382    0    0    949    1066    1067    1068    
295    1.8999999999999997658e-05    2.0999999999999998838e-05    0.0001259999999999999998    15    225    253    255    256    268    268    268    278    290    331    369    384    395    400    400    0    0    862    938    944    945    987    988    989    1025    1054    1069    1070    1071    1072    1073    1074    
296    0.00012799999999999999421    0.00018300000000000000294    0.0001259999999999999998    5    289    348    348    359    382    0    0    1053    1075    1076    1077    1078    
297    5.9999999999999994744e-05    3.4999999999999996934e-05    0.00012699999999999999701    1    290    0    0    1055    
298    0.00014099999999999998494    9.2999999999999997274e-05    0.00012699999999999999701    11    224    226    236    237    237    258    270    299    315    328    338    0    0    857    867    897    899    900    954    997    1079    1080    1081    1082    
299    0.00017199999999999997951    0.00011199999999999999832    0.00012699999999999999701    18    207    219    237    242    271    272    287    287    298    311    311    311    323    328    334    337    373    377    0    0    800    838    901    912    1001    1002    1049    1050    1079    1083    1084    1085    1086    1087    1088    1089    1090    1091    
300    0.00010100000000000000199    6.2999999999999999902e-05    0.00012799999999999999421    4    270    286    314    339    0    0    998    1048    1092    1093    
301    8.2000000000000000948e-05    8.7999999999999997712e-05    0.00012799999999999999421    6    258    274    281    281    314    339    0    0    955    1010    1029    1030    1094    1095    
302    0.00010799999999999999596    0.00011399999999999999272    0.00012799999999999999421    7    231    276    281    288    306    315    329    0    0    883    1016    1031    1052    1096    1097    1098    
303    3.8999999999999999294e-05    0.00018499999999999999735    0.00012799999999999999421    8    277    277    283    291    306    313    330    367    0    0    1021    1022    1041    1057    1099    1100    1101    1102    
304    0.00017300000000000000382    1.9999999999999998248e-05    0.00012899999999999999141    9    248    269    293    293    307    309    333    333    363    0    0    928    992    1062    1063    1103    1104    1105    1106    1107    
305    4.8999999999999998418e-05    7.3999999999999996228e-05    0.00012899999999999999141    21    202    203    225    230    246    264    274    275    281    281    285    308    316    320    325    339    339    350    385    400    407    0    0    784    786    863    881    923    980    1011    1013    1032    1033    1046    1108    1109    1110    1111    1112    1113    1114    1115    1116    1117    
306    7.099999999999999107e-05    0.00015300000000000000557    0.00012899999999999999141    35    232    232    250    257    262    262    263    276    281    281    283    283    294    302    303    310    313    321    322    322    329    334    355    367    381    382    382    382    386    386    386    401    401    401    442    0    0    888    889    934    950    970    971    974    1017    1034    1035    1042    1043    1066    1096    1099    1118    1119    1120    1121    1122    1123    1124    1125    1126    1127    1128    1129    1130    1131    1132    1133    1134    1135    1136    1137    
307    0.00019599999999999999367    1.6999999999999999866e-05    0.00012999999999999998861    2    304    318    0    0    1103    1138    
308    1.399999999999999979e-05    6.20000000000000027e-05    0.00012999999999999998861    2    305    325    0    0    1108    1139    
309    0.00019200000000000000486    4.4999999999999996058e-05    0.00013099999999999998581    7    248    265    280    304    328    333    333    0    0    929    983    1027    1104    1140    1141    1142    
310    0.00012299999999999998109    0.00014400000000000000365    0.00013099999999999998581    4    276    306    311    334    0    0    1018    1118    1143    1144    
311    0.00015099999999999998406    0.00015300000000000000557    0.00013099999999999998581    15    227    266    272    276    282    299    299    299    310    327    334    345    345    377    382    0    0    874    985    1003    1019    1040    1083    1084    1085    1143    1145    1146    1147    1148    1149    1150    
312    0    0.00017099999999999998231    0.00013099999999999998581    0    0    0    
313    6.2999999999999999902e-05    0.00018599999999999999455    0.00013199999999999998302    5    277    294    303    306    367    0    0    1023    1067    1100    1119    1151    
314    0.0001019999999999999992    7.499999999999999343e-05    0.00013300000000000000732    7    258    300    301    315    315    339    347    0    0    956    1092    1094    1152    1153    1154    1155    
315    0.00013099999999999998581    7.7000000000000001386e-05    0.00013300000000000000732    10    270    298    302    314    314    328    328    336    338    373    0    0    999    1080    1097    1152    1153    1156    1157    1158    1159    1160    
316    9.000000000000000228e-06    9.3999999999999994476e-05    0.00013300000000000000732    8    243    275    281    305    322    341    353    375    0    0    917    1014    1036    1109    1161    1162    1163    1164    
317    0.00018799999999999998895    0.00019699999999999999087    0.00013300000000000000732    2    239    327    0    0    905    1165    
318    0.00018899999999999998615    3.999999999999999819e-06    0.00013400000000000000452    4    248    269    307    343    0    0    930    993    1138    1166    
319    0.00014699999999999999525    2.9999999999999997372e-05    0.00013400000000000000452    3    261    261    328    0    0    963    964    1167    
320    4.999999999999999562e-05    4.2999999999999994878e-05    0.00013500000000000000173    2    285    305    0    0    1047    1110    
321    4.8999999999999998418e-05    0.00011899999999999999229    0.00013599999999999999893    5    281    306    322    386    386    0    0    1037    1120    1168    1169    1170    
322    1.2000000000000000304e-05    0.00013999999999999998774    0.00013699999999999999613    13    235    243    262    283    306    306    316    321    330    341    375    399    423    0    0    894    918    972    1044    1121    1122    1161    1168    1171    1172    1173    1174    1175    
323    0.00017799999999999998983    0.00013999999999999998774    0.00013699999999999999613    4    272    299    326    364    0    0    1004    1086    1176    1177    
324    0.00015899999999999998878    3.999999999999999819e-06    0.00013799999999999999333    9    269    293    333    344    349    356    374    374    418    0    0    994    1064    1178    1179    1180    1181    1182    1183    1184    
325    2.59999999999999984e-05    5.0999999999999999598e-05    0.00013999999999999998774    7    256    305    308    331    331    353    400    0    0    946    1111    1139    1185    1186    1187    1188    
326    0.00019499999999999999647    0.00013500000000000000173    0.00013999999999999998774    3    272    323    364    0    0    1005    1176    1189    
327    0.00016300000000000000469    0.00019200000000000000486    0.00014099999999999998494    10    266    311    317    334    345    348    366    366    403    406    0    0    986    1145    1165    1190    1191    1192    1193    1194    1195    1196    
328    0.00014300000000000000645    5.4999999999999995182e-05    0.00014199999999999998214    18    236    261    261    261    280    298    299    309    315    315    319    333    333    347    347    372    379    388    0    0    898    965    966    967    1028    1081    1087    1140    1156    1157    1167    1197    1198    1199    1200    1201    1202    1203    
329    9.6000000000000002432e-05    0.00012100000000000000024    0.00014199999999999998214    7    302    306    334    338    342    376    390    0    0    1098    1123    1204    1205    1206    1207    1208    
330    1.399999999999999979e-05    0.0001649999999999999991    0.00014199999999999998214    8    303    322    346    355    355    358    378    399    0    0    1101    1171    1209    1210    1211    1212    1213    1214    
331    3.2999999999999995754e-05    2.699999999999999899e-05    0.00014300000000000000645    7    256    278    295    325    325    370    395    0    0    947    1026    1069    1185    1186    1215    1216    
332    0.00019699999999999999087    6.8999999999999996666e-05    0.00014300000000000000645    3    337    340    362    0    0    1217    1218    1219    
333    0.00017400000000000000102    3.4999999999999996934e-05    0.00014400000000000000365    11    304    304    309    309    324    328    328    349    362    379    392    0    0    1105    1106    1141    1142    1178    1197    1198    1220    1221    1222    1223    
334    0.00012899999999999999141    0.00015099999999999998406    0.00014400000000000000365    11    299    306    310    311    327    329    338    352    354    382    390    0    0    1088    1124    1144    1146    1190    1204    1224    1225    1226    1227    1228    
335    9.2000000000000000072e-05    9.999999999999999124e-06    0.00014599999999999999805    1    357    0    0    1229    
336    0.0001640000000000000019    7.7000000000000001386e-05    0.00014599999999999999805    4    315    337    340    372    0    0    1158    1230    1231    1232    
337    0.00017899999999999998703    9.2999999999999997274e-05    0.00014599999999999999805    11    287    299    332    336    340    351    362    373    412    443    443    0    0    1051    1089    1217    1230    1233    1234    1235    1236    1237    1238    1239    
338    0.00013099999999999998581    0.00011499999999999998993    0.00014699999999999999525    8    298    315    329    334    342    373    389    390    0    0    1082    1159    1205    1224    1240    1241    1242    1243    
339    8.9999999999999992116e-05    6.3999999999999997104e-05    0.00014799999999999999246    12    300    301    305    305    314    347    361    361    404    407    407    425    0    0    1093    1095    1112    1113    1154    1244    1245    1246    1247    1248    1249    1250    
340    0.00017499999999999999822    7.099999999999999107e-05    0.00014899999999999998966    4    332    336    337    372    0    0    1218    1231    1233    1251    
341    3.7999999999999995316e-05    0.0001039999999999999936    0.00014899999999999998966    7    281    316    322    386    407    407    408    0    0    1038    1162    1172    1252    1253    1254    1255    
342    9.3999999999999994476e-05    0.00011100000000000000112    0.00014899999999999998966    5    329    338    376    389    407    0    0    1206    1240    1256    1257    1258    
343    0.00019699999999999999087    1.9999999999999999095e-06    0.00014999999999999998686    1    318    0    0    1166    
344    0.00013799999999999999333    3.000000000000000076e-06    0.00014999999999999998686    4    293    324    356    357    0    0    1065    1179    1259    1260    
345    0.00017199999999999997951    0.0001649999999999999991    0.00014999999999999998686    10    311    311    327    366    391    402    406    406    427    427    0    0    1147    1148    1191    1261    1262    1263    1264    1265    1266    1267    
346    2.4000000000000000608e-05    0.00019499999999999999647    0.00014999999999999998686    5    291    330    358    368    440    0    0    1058    1209    1268    1269    1270    
347    0.00011600000000000000068    4.999999999999999562e-05    0.00015199999999999998126    8    292    314    328    328    339    361    388    388    0    0    1060    1155    1199    1200    1244    1271    1272    1273    
348    0.00015300000000000000557    0.00019200000000000000486    0.00015199999999999998126    6    296    296    327    359    406    410    0    0    1075    1076    1192    1274    1275    1276    
349    0.00017899999999999998703    2.1999999999999999428e-05    0.00015300000000000000557    3    324    333    374    0    0    1180    1220    1277    
350    1.9999999999999998248e-05    8.299999999999999815e-05    0.00015300000000000000557    6    305    353    375    385    400    426    0    0    1114    1278    1279    1280    1281    1282    
351    0.00019699999999999999087    0.00012100000000000000024    0.00015300000000000000557    1    337    0    0    1234    
352    0.00014199999999999998214    0.00015699999999999999438    0.00015300000000000000557    4    334    354    406    417    0    0    1225    1283    1284    1285    
353    6.000000000000000152e-06    7.099999999999999107e-05    0.00015400000000000000277    6    316    325    350    395    400    421    0    0    1163    1187    1278    1286    1287    1288    
354    0.0001240000000000000054    0.00016300000000000000469    0.00015400000000000000277    6    334    352    382    390    390    406    0    0    1226    1283    1289    1290    1291    1292    
355    4.4999999999999996058e-05    0.0001640000000000000019    0.00015400000000000000277    9    283    306    330    330    368    378    378    381    401    0    0    1045    1125    1210    1211    1293    1294    1295    1296    1297    
356    0.00014799999999999999246    1.0999999999999999714e-05    0.00015499999999999999997    4    324    344    357    418    0    0    1181    1259    1298    1299    
357    0.00011999999999999998949    1.4999999999999998686e-05    0.00015499999999999999997    13    292    335    344    356    371    371    379    411    414    414    418    447    460    0    0    1061    1229    1260    1298    1300    1301    1302    1303    1304    1305    1306    1307    1308    
358    3.999999999999999819e-06    0.00017599999999999999542    0.00015499999999999999997    3    330    346    378    0    0    1212    1268    1309    
359    0.00010899999999999999316    0.00018799999999999998895    0.00015499999999999999997    6    240    296    348    367    382    410    0    0    906    1077    1274    1310    1311    1312    
360    4.8000000000000001216e-05    3.3999999999999999732e-05    0.00015599999999999999718    0    0    0    
361    9.4999999999999991678e-05    4.6000000000000000036e-05    0.00015599999999999999718    6    339    339    347    370    371    420    0    0    1245    1246    1271    1313    1314    1315    
362    0.00019099999999999998056    6.2999999999999999902e-05    0.00015599999999999999718    4    332    333    337    392    0    0    1219    1221    1235    1316    
363    0.00019699999999999999087    2.799999999999999958e-05    0.00015699999999999999438    2    304    409    0    0    1107    1317    
364    0.00019399999999999999927    0.00014199999999999998214    0.00015699999999999999438    5    323    326    365    380    452    0    0    1177    1189    1318    1319    1320    
365    0.00019399999999999999927    0.00016099999999999998319    0.00015699999999999999438    4    364    366    402    431    0    0    1318    1321    1322    1323    
366    0.00019399999999999999927    0.00018099999999999998143    0.00015699999999999999438    6    327    327    345    365    402    403    0    0    1193    1194    1261    1321    1324    1325    
367    8.3999999999999995352e-05    0.00018799999999999998895    0.00015699999999999999438    9    303    306    313    359    382    396    432    432    442    0    0    1102    1126    1151    1310    1326    1327    1328    1329    1330    
368    4.6999999999999997238e-05    0.00019499999999999999647    0.00015699999999999999438    4    346    355    396    440    0    0    1269    1293    1331    1332    
369    5.3000000000000000778e-05    7.999999999999999638e-06    0.00015799999999999999158    10    0    295    370    400    400    420    429    445    445    445    0    1    71    1070    1333    1334    1335    1336    1337    1338    1339    1340    
370    6.7000000000000002262e-05    1.8999999999999997658e-05    0.00015799999999999999158    5    290    331    361    369    420    0    0    1056    1215    1313    1333    1341    
371    9.8999999999999994038e-05    2.9999999999999997372e-05    0.00015799999999999999158    4    357    357    361    447    0    0    1300    1301    1314    1342    
372    0.00015899999999999998878    7.9999999999999992992e-05    0.00015799999999999999158    8    328    336    340    373    379    388    435    443    0    0    1201    1232    1251    1343    1344    1345    1346    1347    
373    0.00015499999999999999997    9.999999999999999124e-05    0.00015899999999999998878    5    299    315    337    338    372    0    0    1090    1160    1236    1241    1343    
374    0.00017799999999999998983    6.999999999999999895e-06    0.00015999999999999998598    6    324    324    349    409    418    433    0    0    1182    1183    1277    1348    1349    1350    
375    9.999999999999999124e-06    0.00010699999999999999876    0.00016199999999999998039    7    316    322    350    408    423    426    426    0    0    1164    1173    1279    1351    1352    1353    1354    
376    9.3999999999999994476e-05    0.00011199999999999999832    0.00016199999999999998039    7    329    342    386    387    390    407    430    0    0    1207    1256    1355    1356    1357    1358    1359    
377    0.00015999999999999998598    0.00013300000000000000732    0.00016199999999999998039    4    299    311    412    417    0    0    1091    1149    1360    1361    
378    1.6999999999999999866e-05    0.00016899999999999998791    0.00016199999999999998039    7    330    355    355    358    399    405    440    0    0    1213    1294    1295    1309    1362    1363    1364    
379    0.00016300000000000000469    5.0999999999999999598e-05    0.00016300000000000000469    7    328    333    357    372    392    418    461    0    0    1202    1222    1302    1344    1365    1366    1367    
380    0.00018199999999999997864    0.00013999999999999998774    0.00016300000000000000469    3    364    391    452    0    0    1319    1368    1369    
381    4.3999999999999998856e-05    0.00014599999999999999805    0.00016300000000000000469    5    306    355    386    398    444    0    0    1127    1296    1370    1371    1372    
382    0.0001049999999999999908    0.00017199999999999997951    0.0001640000000000000019    18    276    294    296    306    306    306    311    334    354    359    367    390    401    406    432    458    458    471    0    0    1020    1068    1078    1128    1129    1130    1150    1227    1289    1311    1326    1373    1374    1375    1376    1377    1378    1379    
383    5.8999999999999997542e-05    0.00017699999999999999263    0.0001640000000000000019    0    0    0    
384    3.000000000000000076e-06    9.999999999999999124e-06    0.0001649999999999999991    2    295    438    0    0    1071    1380    
385    3.7999999999999995316e-05    7.9999999999999992992e-05    0.0001649999999999999991    4    305    350    407    422    0    0    1115    1280    1381    1382    
386    5.800000000000000034e-05    0.00012100000000000000024    0.0001649999999999999991    16    306    306    306    321    321    341    376    381    387    387    398    401    401    407    408    430    0    0    1131    1132    1133    1169    1170    1252    1355    1370    1383    1384    1385    1386    1387    1388    1389    1390    
387    7.7000000000000001386e-05    0.0001250000000000000026    0.0001649999999999999991    5    376    386    386    401    430    0    0    1356    1383    1384    1391    1392    
388    0.00013599999999999999893    7.099999999999999107e-05    0.0001659999999999999963    8    328    347    347    372    389    404    415    435    0    0    1203    1272    1273    1345    1393    1394    1395    1396    
389    0.00010799999999999999596    8.9999999999999992116e-05    0.0001659999999999999963    11    338    342    388    404    404    407    415    435    435    446    446    0    0    1242    1257    1393    1397    1398    1399    1400    1401    1402    1403    1404    
390    0.00011999999999999998949    0.00013199999999999998302    0.0001659999999999999963    12    329    334    338    354    354    376    382    417    417    430    458    458    0    0    1208    1228    1243    1290    1291    1357    1373    1405    1406    1407    1408    1409    
391    0.00017899999999999998703    0.00015099999999999998406    0.0001659999999999999963    3    345    380    402    0    0    1262    1368    1410    
392    0.00018199999999999997864    4.1999999999999997676e-05    0.0001669999999999999935    8    333    362    379    409    418    443    461    463    0    0    1223    1316    1365    1411    1412    1413    1414    1415    
393    8.0999999999999990194e-05    9.999999999999999124e-05    0.0001669999999999999935    0    0    0    
394    4.3999999999999998856e-05    0.00016999999999999998511    0.0001669999999999999935    0    0    0    
395    6.000000000000000152e-06    3.9999999999999996496e-05    0.0001679999999999999907    7    295    331    353    400    400    467    473    0    0    1072    1216    1286    1416    1417    1418    1419    
396    5.6999999999999996362e-05    0.00019499999999999999647    0.0001679999999999999907    3    367    368    453    0    0    1327    1331    1420    
397    0.00017499999999999999822    2.900000000000000017e-05    0.00016899999999999998791    0    0    0    
398    4.1999999999999997676e-05    0.00013500000000000000173    0.00016899999999999998791    6    381    386    439    444    444    470    0    0    1371    1385    1421    1422    1423    1424    
399    1.5999999999999999276e-05    0.00014999999999999998686    0.00016899999999999998791    9    322    330    378    405    416    423    444    444    465    0    0    1174    1214    1362    1425    1426    1427    1428    1429    1430    
400    3.6000000000000000912e-05    5.399999999999999798e-05    0.00016999999999999998511    19    0    295    295    305    325    350    353    369    369    395    395    420    420    420    434    438    438    467    473    0    1    72    1073    1074    1116    1188    1281    1287    1334    1335    1416    1417    1431    1432    1433    1434    1435    1436    1437    1438    
401    6.5999999999999991508e-05    0.00014799999999999999246    0.00016999999999999998511    11    306    306    306    355    382    386    386    387    439    442    471    0    0    1134    1135    1136    1297    1374    1386    1387    1391    1439    1440    1441    
402    0.00018400000000000000014    0.0001649999999999999991    0.00016999999999999998511    7    345    365    366    391    431    452    452    0    0    1263    1322    1324    1410    1442    1443    1444    
403    0.00018300000000000000294    0.00018699999999999999175    0.00016999999999999998511    5    327    366    428    436    477    0    0    1195    1325    1445    1446    1447    
404    9.2000000000000000072e-05    7.3999999999999996228e-05    0.00017099999999999998231    9    339    388    389    389    415    415    415    425    446    0    0    1247    1394    1397    1398    1448    1449    1450    1451    1452    
405    6.000000000000000152e-06    0.00017199999999999997951    0.00017099999999999998231    3    378    399    454    0    0    1363    1425    1453    
406    0.00013699999999999999613    0.00017499999999999999822    0.00017099999999999998231    12    327    345    345    348    352    354    382    410    424    427    432    458    0    0    1196    1264    1265    1275    1284    1292    1375    1454    1455    1456    1457    1458    
407    5.800000000000000034e-05    9.2999999999999997274e-05    0.00017199999999999997951    18    281    305    339    339    341    341    342    376    385    386    389    408    425    430    446    446    474    482    0    0    1039    1117    1248    1249    1253    1254    1258    1358    1381    1388    1399    1459    1460    1461    1462    1463    1464    1465    
408    3.4999999999999996934e-05    0.00010999999999999999036    0.00017199999999999997951    9    341    375    386    407    416    426    449    464    474    0    0    1255    1351    1389    1459    1466    1467    1468    1469    1470    
409    0.00019200000000000000486    3.100000000000000135e-05    0.00017300000000000000382    7    0    363    374    392    419    459    461    0    1    73    1317    1348    1411    1471    1472    1473    
410    0.00013199999999999998302    0.00019200000000000000486    0.00017300000000000000382    5    348    359    406    424    432    0    0    1276    1312    1454    1474    1475    
411    0.00014899999999999998966    3.1999999999999998552e-05    0.00017400000000000000102    2    357    461    0    0    1303    1476    
412    0.00017300000000000000382    0.00012199999999999999744    0.00017400000000000000102    8    0    337    377    417    450    455    455    475    0    1    74    1237    1360    1477    1478    1479    1480    1481    
413    7.999999999999999638e-06    0    0.00017499999999999999822    0    0    0    
414    0.00013099999999999998581    4.999999999999999562e-06    0.00017599999999999999542    6    357    357    418    418    460    478    0    0    1304    1305    1482    1483    1484    1485    
415    0.0001240000000000000054    6.7000000000000002262e-05    0.00017599999999999999542    9    388    389    404    404    404    425    435    437    447    0    0    1395    1400    1448    1449    1450    1486    1487    1488    1489    
416    1.6999999999999999866e-05    0.00013099999999999998581    0.00017599999999999999542    7    399    408    423    426    444    448    457    0    0    1426    1466    1490    1491    1492    1493    1494    
417    0.00014799999999999999246    0.00013599999999999999893    0.00017599999999999999542    10    352    377    390    390    412    450    458    476    476    485    0    0    1285    1361    1405    1406    1477    1495    1496    1497    1498    1499    
418    0.00015799999999999999158    1.0999999999999999714e-05    0.00017799999999999998983    10    324    356    357    374    379    392    414    414    461    478    0    0    1184    1299    1306    1349    1366    1412    1482    1483    1500    1501    
419    0.00019399999999999999927    2.3000000000000000018e-05    0.00017799999999999998983    2    409    433    0    0    1471    1502    
420    6.5999999999999991508e-05    3.2999999999999995754e-05    0.00017899999999999998703    13    0    361    369    370    400    400    400    425    429    434    468    468    468    0    1    75    1315    1336    1341    1431    1432    1433    1503    1504    1505    1506    1507    1508    
421    1.9999999999999999095e-06    6.8999999999999996666e-05    0.00017899999999999998703    1    353    0    0    1288    
422    2.9999999999999997372e-05    7.3999999999999996228e-05    0.00017899999999999998703    3    385    426    434    0    0    1382    1509    1510    
423    7.999999999999999638e-06    0.00013699999999999999613    0.00017899999999999998703    7    0    322    375    399    416    457    488    0    1    76    1175    1352    1427    1490    1511    1512    
424    0.00014500000000000000085    0.00019300000000000000207    0.00017999999999999998423    5    0    406    410    477    490    0    1    77    1455    1474    1513    1514    
425    7.9999999999999992992e-05    6.5999999999999991508e-05    0.00018099999999999998143    9    339    404    407    415    420    446    447    468    480    0    0    1250    1451    1460    1486    1503    1515    1516    1517    1518    
426    6.000000000000000152e-06    9.2999999999999997274e-05    0.00018099999999999998143    8    350    375    375    408    416    422    448    464    0    0    1282    1353    1354    1467    1491    1509    1519    1520    
427    0.00015599999999999999718    0.0001679999999999999907    0.00018099999999999998143    6    345    345    406    458    477    485    0    0    1266    1267    1456    1521    1522    1523    
428    0.00019599999999999999367    0.00019300000000000000207    0.00018099999999999998143    2    403    472    0    0    1445    1524    
429    6.7999999999999999464e-05    1.8000000000000000456e-05    0.00018199999999999997864    4    0    369    420    445    0    1    78    1337    1504    1525    
430    9.6999999999999999634e-05    0.00013199999999999998302    0.00018199999999999997864    10    376    386    387    390    407    446    446    458    471    474    0    0    1359    1390    1392    1407    1461    1526    1527    1528    1529    1530    
431    0.00019499999999999999647    0.00017099999999999998231    0.00018199999999999997864    4    365    402    452    477    0    0    1323    1442    1531    1532    
432    0.00010799999999999999596    0.00017999999999999998423    0.00018199999999999997864    7    0    367    367    382    406    410    458    0    1    79    1328    1329    1376    1457    1475    1533    
433    0.00019099999999999998056    6.999999999999999895e-06    0.00018300000000000000294    3    374    419    459    0    0    1350    1502    1534    
434    3.8999999999999999294e-05    6.8999999999999996666e-05    0.00018400000000000000014    8    0    400    420    422    467    473    480    482    0    1    80    1434    1505    1510    1535    1536    1537    1538    
435    0.00014099999999999998494    9.2999999999999997274e-05    0.00018400000000000000014    13    0    372    388    389    389    415    437    437    441    446    447    476    481    0    1    81    1346    1396    1401    1402    1487    1539    1540    1541    1542    1543    1544    1545    
436    0.00017199999999999997951    0.00019699999999999999087    0.00018400000000000000014    1    403    0    0    1446    
437    0.00014500000000000000085    5.6999999999999996362e-05    0.00018499999999999999735    8    0    0    415    435    435    447    461    461    0    1    82    83    1488    1539    1540    1546    1547    1548    
438    6.000000000000000152e-06    6.000000000000000152e-06    0.00018599999999999999455    5    0    384    400    400    473    0    1    84    1380    1435    1436    1549    
439    4.999999999999999562e-05    0.00015899999999999998878    0.00018599999999999999455    6    0    398    401    440    444    483    0    1    85    1421    1439    1550    1551    1552    
440    5.0999999999999999598e-05    0.00016999999999999998511    0.00018599999999999999455    6    346    368    378    439    453    465    0    0    1270    1332    1364    1550    1553    1554    
441    0.0001649999999999999991    9.6999999999999999634e-05    0.00018699999999999999175    7    0    435    443    455    455    475    481    0    1    86    1541    1555    1556    1557    1558    1559    
442    7.2999999999999999026e-05    0.00017199999999999997951    0.00018699999999999999175    6    306    367    401    453    458    471    0    0    1137    1330    1440    1560    1561    1562    
443    0.00018499999999999999735    7.899999999999999579e-05    0.00018799999999999998895    10    337    337    372    392    441    455    455    461    463    486    0    0    1238    1239    1347    1413    1555    1563    1564    1565    1566    1567    
444    3.4999999999999996934e-05    0.00015099999999999998406    0.00018799999999999998895    11    0    0    381    398    398    399    399    416    439    465    470    0    1    87    88    1372    1422    1423    1428    1429    1492    1551    1568    1569    
445    7.7999999999999998588e-05    6.000000000000000152e-06    0.00018899999999999998615    6    0    369    369    369    429    460    0    1    89    1338    1339    1340    1525    1570    
446    8.7999999999999997712e-05    8.3999999999999995352e-05    0.00018899999999999998615    14    0    0    389    389    404    407    407    425    430    430    435    468    469    474    0    1    90    91    1403    1404    1452    1462    1463    1515    1526    1527    1542    1571    1572    1573    
447    0.00010699999999999999876    4.999999999999999562e-05    0.00018999999999999998336    10    0    0    357    371    415    425    435    437    460    468    0    1    92    93    1307    1342    1489    1516    1543    1546    1574    1575    
448    9.999999999999999124e-06    0.00010100000000000000199    0.00018999999999999998336    5    0    416    426    457    464    0    1    94    1493    1519    1576    1577    
449    4.8000000000000001216e-05    0.00012100000000000000024    0.00018999999999999998336    4    408    464    470    483    0    0    1468    1578    1579    1580    
450    0.00016199999999999998039    0.00013999999999999998774    0.00018999999999999998336    5    0    412    417    484    485    0    1    95    1478    1495    1581    1582    
451    1.9999999999999999095e-06    0.00015300000000000000557    0.00018999999999999998336    0    0    0    
452    0.00019399999999999999927    0.00015400000000000000277    0.00018999999999999998336    7    364    380    402    402    431    477    484    0    0    1320    1369    1443    1444    1531    1583    1584    
453    6.20000000000000027e-05    0.00018300000000000000294    0.00018999999999999998336    6    0    0    0    396    440    442    0    1    96    97    98    1420    1553    1560    
454    3.999999999999999819e-06    0.00019300000000000000207    0.00018999999999999998336    5    0    405    465    465    465    0    1    99    1453    1585    1586    1587    
455    0.00019200000000000000486    0.00011100000000000000112    0.00019099999999999998056    10    0    0    412    412    441    441    443    443    475    475    0    1    100    101    1479    1480    1556    1557    1563    1564    1588    1589    
456    6.8999999999999996666e-05    4.999999999999999562e-05    0.00019200000000000000486    0    0    0    
457    6.999999999999999895e-06    0.00011799999999999999508    0.00019200000000000000486    7    0    416    423    448    464    464    488    0    1    102    1494    1511    1576    1590    1591    1592    
458    0.00010699999999999999876    0.00016300000000000000469    0.00019200000000000000486    13    0    382    382    390    390    406    417    427    430    432    442    471    485    0    1    103    1377    1378    1408    1409    1458    1496    1521    1528    1533    1561    1593    1594    
459    0.00017599999999999999542    6.000000000000000152e-06    0.00019300000000000000207    4    0    409    433    461    0    1    104    1472    1534    1595    
460    0.00011499999999999998993    7.999999999999999638e-06    0.00019300000000000000207    7    0    357    414    445    447    461    478    0    1    105    1308    1484    1570    1574    1596    1597    
461    0.00016999999999999998511    3.6999999999999998114e-05    0.00019300000000000000207    16    0    0    379    392    409    411    418    437    437    443    459    460    463    463    478    481    0    1    106    107    1367    1414    1473    1476    1500    1547    1548    1565    1595    1596    1598    1599    1600    1601    
462    7.099999999999999107e-05    4.8000000000000001216e-05    0.00019300000000000000207    0    0    0    
463    0.00019300000000000000207    5.599999999999999916e-05    0.00019300000000000000207    5    392    443    461    461    486    0    0    1415    1566    1598    1599    1602    
464    3.6999999999999998114e-05    0.00010999999999999999036    0.00019300000000000000207    11    0    408    426    448    449    457    457    474    482    483    483    0    1    108    1469    1520    1577    1578    1590    1591    1603    1604    1605    1606    
465    1.399999999999999979e-05    0.00016899999999999998791    0.00019300000000000000207    8    0    399    440    444    454    454    454    491    0    1    109    1430    1554    1568    1585    1586    1587    1607    
466    9.0999999999999989318e-05    2.699999999999999899e-05    0.00019399999999999999927    0    0    0    
467    1.399999999999999979e-05    4.999999999999999562e-05    0.00019399999999999999927    5    0    395    400    434    473    0    1    110    1418    1437    1535    1608    
468    8.700000000000000051e-05    5.9999999999999994744e-05    0.00019399999999999999927    8    0    420    420    420    425    446    447    474    0    1    111    1506    1507    1508    1517    1571    1575    1609    
469    0.00010999999999999999036    0.00010899999999999999316    0.00019399999999999999927    3    0    446    476    0    1    112    1572    1610    
470    2.9999999999999997372e-05    0.00014099999999999998494    0.00019399999999999999927    4    0    398    444    449    0    1    113    1424    1569    1579    
471    8.299999999999999815e-05    0.00015599999999999999718    0.00019399999999999999927    7    0    382    401    430    442    458    483    0    1    114    1379    1441    1529    1562    1593    1611    
472    0.00019499999999999999647    0.00019499999999999999647    0.00019399999999999999927    3    0    428    477    0    1    115    1524    1612    
473    1.9999999999999998248e-05    3.7999999999999995316e-05    0.00019499999999999999647    6    0    395    400    434    438    467    0    1    116    1419    1438    1536    1549    1608    
474    7.5999999999999990632e-05    0.00010799999999999999596    0.00019499999999999999647    9    0    407    408    430    446    464    468    480    483    0    1    117    1464    1470    1530    1573    1603    1609    1613    1614    
475    0.00015799999999999999158    0.00010999999999999999036    0.00019499999999999999647    5    0    412    441    455    455    0    1    118    1481    1558    1588    1589    
476    0.00012999999999999998861    0.0001240000000000000054    0.00019499999999999999647    6    0    417    417    435    469    485    0    1    119    1497    1498    1544    1610    1615    
477    0.0001659999999999999963    0.00017499999999999999822    0.00019499999999999999647    8    0    403    424    427    431    452    472    484    0    1    120    1447    1513    1522    1532    1583    1612    1616    
478    0.00014300000000000000645    6.999999999999999895e-06    0.00019599999999999999367    5    0    414    418    460    461    0    1    121    1485    1501    1597    1600    
479    4.6999999999999997238e-05    0    0.00019699999999999999087    0    0    0    
480    6.0999999999999998722e-05    6.4999999999999994306e-05    0.00019699999999999999087    4    0    425    434    474    0    1    122    1518    1537    1613    
481    0.00015400000000000000277    7.499999999999999343e-05    0.00019699999999999999087    4    0    435    441    461    0    1    123    1545    1559    1601    
482    4.6999999999999997238e-05    8.700000000000000051e-05    0.00019699999999999999087    4    0    407    434    464    0    1    124    1465    1538    1604    
483    6.0999999999999998722e-05    0.00013999999999999998774    0.00019699999999999999087    7    0    439    449    464    464    471    474    0    1    125    1552    1580    1605    1606    1611    1614    
484    0.00018400000000000000014    0.00015300000000000000557    0.00019699999999999999087    4    0    450    452    477    0    1    126    1581    1584    1616    
485    0.00014400000000000000365    0.00015599999999999999718    0.00019699999999999999087    6    0    417    427    450    458    476    0    1    127    1499    1523    1582    1594    1615    
486    0.00019499999999999999647    6.0999999999999998722e-05    0.00019799999999999998808    3    0    443    463    0    1    128    1567    1602    
487    0.00011999999999999998949    0.00018899999999999998615    0.00019799999999999998808    2    0    490    0    1    129    1617    
488    1.8000000000000000456e-05    0.00012699999999999999701    0.00019899999999999998528    3    0    423    457    0    1    130    1512    1592    
489    0.00013899999999999999053    0.0001659999999999999963    0.00019899999999999998528    2    0    490    0    1    131    1618    
490    0.00013199999999999998302    0.00018300000000000000294    0.00019899999999999998528    4    0    424    487    489    0    1    132    1514    1617    1618    
491    1.8999999999999997658e-05    0.00019599999999999999367    0.00019899999999999998528    2    0    465    0    1    133    1607    
492    2.1999999999999999428e-05    9.9999999999999995475e-07    0.00019999999999999998248    1    0    0    1    134    
493    0    0.00016300000000000000469    0.00019999999999999998248    1    0    0    1    135    
