11    4.999999999999999562e-05    4.999999999999999562e-05    4.999999999999999562e-05
1    4.6999999999999997238e-05    4.8000000000000001216e-05    1.9999999999999999095e-06    1    -1    1    0    1    
2    2.799999999999999958e-05    1.5999999999999999276e-05    1.8000000000000000456e-05    8    -1    -1    3    4    5    6    9    9    1    0    2    3    11    12    13    14    15    16    
3    4.3999999999999998856e-05    3.3999999999999999732e-05    1.8000000000000000456e-05    3    2    4    6    0    0    11    17    18    
4    6.000000000000000152e-06    4.3999999999999998856e-05    1.8000000000000000456e-05    5    -1    2    3    5    8    1    0    4    12    17    19    20    
5    9.000000000000000228e-06    1.2000000000000000304e-05    2.1999999999999999428e-05    4    -1    2    4    8    1    0    5    13    19    21    
6    4.3999999999999998856e-05    2.9999999999999997372e-05    3.2999999999999995754e-05    5    0    2    3    8    9    0    1    6    14    18    22    23    
7    0    9.9999999999999995475e-07    3.8999999999999999294e-05    0    0    0    
8    1.29999999999999992e-05    3.1999999999999998552e-05    3.9999999999999996496e-05    6    0    4    5    6    9    11    0    1    7    20    21    22    24    25    
9    3.100000000000000135e-05    1.29999999999999992e-05    4.1000000000000000474e-05    5    0    2    2    6    8    0    1    8    15    16    23    24    
10    1.0999999999999999714e-05    1.9999999999999999095e-06    4.8999999999999998418e-05    1    0    0    1    9    
11    9.9999999999999995475e-07    4.8000000000000001216e-05    4.8999999999999998418e-05    2    0    8    0    1    10    25    
