489    0.00019999999999999998248    0.00019999999999999998248    0.00019999999999999998248
1    0.00019999999999999998248    9.9999999999999995475e-07    0    1    0    0    1    85    
2    4.999999999999999562e-05    0.00019599999999999999367    0    0    0    0    
3    5.6999999999999996362e-05    0.00019899999999999998528    0    0    0    0    
4    0.00014699999999999999525    4.999999999999999562e-05    9.9999999999999995475e-07    2    22    52    0    0    169    170    
5    0.00019300000000000000207    9.4999999999999991678e-05    9.9999999999999995475e-07    1    23    0    0    171    
6    9.9999999999999995475e-07    0.00013799999999999999333    9.9999999999999995475e-07    1    -1    1    0    1    
7    1.9999999999999999095e-06    9.999999999999999124e-05    1.9999999999999999095e-06    3    -1    41    50    1    0    2    172    173    
8    9.4999999999999991678e-05    4.4999999999999996058e-05    3.000000000000000076e-06    3    28    59    92    0    0    174    175    176    
9    0.00019799999999999998808    5.399999999999999798e-05    3.000000000000000076e-06    4    0    16    22    23    0    1    86    177    178    179    
10    3.3999999999999999732e-05    7.499999999999999343e-05    3.000000000000000076e-06    0    0    0    
11    2.0999999999999998838e-05    0.0001259999999999999998    3.000000000000000076e-06    1    78    0    0    180    
12    0.00012199999999999999744    0.00013999999999999998774    3.000000000000000076e-06    6    19    32    48    48    67    67    0    0    181    182    183    184    185    186    
13    0.00015499999999999999997    1.2000000000000000304e-05    3.999999999999999819e-06    5    14    14    21    21    47    0    0    187    188    189    190    191    
14    0.00013699999999999999613    2.0999999999999998838e-05    3.999999999999999819e-06    5    13    13    22    47    52    0    0    187    188    192    193    194    
15    7.499999999999999343e-05    6.2999999999999999902e-05    3.999999999999999819e-06    3    33    39    92    0    0    195    196    197    
16    0.00016999999999999998511    6.5999999999999991508e-05    3.999999999999999819e-06    8    9    22    23    23    45    53    53    53    0    0    177    198    199    200    201    202    203    204    
17    0.00011699999999999999788    8.3999999999999995352e-05    3.999999999999999819e-06    3    31    34    53    0    0    205    206    207    
18    1.6999999999999999866e-05    8.7999999999999997712e-05    3.999999999999999819e-06    4    33    41    62    74    0    0    208    209    210    211    
19    8.9999999999999992116e-05    0.00012899999999999999141    3.999999999999999819e-06    5    12    30    33    36    51    0    0    181    212    213    214    215    
20    0.00015099999999999998406    0.00019200000000000000486    3.999999999999999819e-06    3    26    32    71    0    0    216    217    218    
21    0.00017699999999999999263    1.29999999999999992e-05    4.999999999999999562e-06    3    13    13    117    0    0    189    190    219    
22    0.00017400000000000000102    4.4999999999999996058e-05    4.999999999999999562e-06    7    4    9    14    16    38    52    63    0    0    169    178    192    198    220    221    222    
23    0.00019599999999999999367    7.7999999999999998588e-05    4.999999999999999562e-06    7    0    5    9    16    16    54    106    0    1    87    171    179    199    200    223    224    
24    4.8000000000000001216e-05    0.00014400000000000000365    4.999999999999999562e-06    3    25    40    78    0    0    225    226    227    
25    5.8999999999999997542e-05    0.00015899999999999998878    4.999999999999999562e-06    10    24    30    40    44    64    64    75    75    75    84    0    0    225    228    229    230    231    232    233    234    235    236    
26    0.00012699999999999999701    0.00018400000000000000014    4.999999999999999562e-06    3    20    67    71    0    0    216    237    238    
27    0.00019200000000000000486    0.00019899999999999998528    4.999999999999999562e-06    0    0    0    
28    0.0001029999999999999964    4.1000000000000000474e-05    6.000000000000000152e-06    4    8    29    47    58    0    0    174    239    240    241    
29    0.00011699999999999999788    5.399999999999999798e-05    6.000000000000000152e-06    3    28    58    58    0    0    239    242    243    
30    7.499999999999999343e-05    0.00013799999999999999333    6.000000000000000152e-06    5    19    25    33    75    78    0    0    212    228    244    245    246    
31    9.4999999999999991678e-05    8.2000000000000000948e-05    6.999999999999999895e-06    3    17    33    92    0    0    205    247    248    
32    0.00017400000000000000102    0.00015799999999999999158    6.999999999999999895e-06    7    0    12    20    56    66    67    98    0    1    88    182    217    249    250    251    252    
33    4.4999999999999996058e-05    9.6999999999999999634e-05    7.999999999999999638e-06    15    15    18    19    30    31    36    36    39    41    59    78    80    90    92    94    0    0    195    208    213    244    247    253    254    255    256    257    258    259    260    261    262    
34    0.00013199999999999998302    9.7999999999999996836e-05    7.999999999999999638e-06    7    17    35    36    48    53    55    85    0    0    206    263    264    265    266    267    268    
35    0.00015400000000000000277    9.999999999999999124e-05    7.999999999999999638e-06    4    34    48    53    60    0    0    263    269    270    271    
36    0.00010999999999999999036    0.00010899999999999999316    7.999999999999999638e-06    7    19    33    33    34    55    88    94    0    0    214    253    254    264    272    273    274    
37    4.999999999999999562e-05    4.999999999999999562e-06    9.000000000000000228e-06    3    47    57    110    0    0    275    276    277    
38    0.00019599999999999999367    3.1999999999999998552e-05    9.000000000000000228e-06    5    0    22    63    117    117    0    1    89    220    278    279    280    
39    5.399999999999999798e-05    5.800000000000000034e-05    9.000000000000000228e-06    9    15    33    43    43    50    74    92    110    110    0    0    196    255    281    282    283    284    285    286    287    
40    1.8000000000000000456e-05    0.00017199999999999997951    9.000000000000000228e-06    10    -1    -1    -1    -1    24    25    46    78    84    86    1    0    3    4    5    6    226    229    288    289    290    291    
41    1.2000000000000000304e-05    0.00011199999999999999832    9.999999999999999124e-06    4    7    18    33    49    0    0    172    209    256    292    
42    8.5999999999999989756e-05    0.00019399999999999999927    9.999999999999999124e-06    3    44    72    72    0    0    293    294    295    
43    2.4000000000000000608e-05    6.20000000000000027e-05    1.0999999999999999714e-05    4    39    39    50    74    0    0    281    282    296    297    
44    9.6999999999999999634e-05    0.00017300000000000000382    1.0999999999999999714e-05    6    25    42    61    67    75    105    0    0    230    293    298    299    300    301    
45    0.00016199999999999998039    5.9999999999999994744e-05    1.2000000000000000304e-05    4    16    53    63    119    0    0    201    302    303    304    
46    3.4999999999999996934e-05    0.00018999999999999998336    1.2000000000000000304e-05    2    40    86    0    0    288    305    
47    0.00011100000000000000112    9.000000000000000228e-06    1.29999999999999992e-05    9    13    14    28    37    52    58    77    99    113    0    0    191    193    240    275    306    307    308    309    310    
48    0.00015099999999999998406    0.00012100000000000000024    1.29999999999999992e-05    8    12    12    34    35    55    60    85    100    0    0    183    184    265    269    311    312    313    314    
49    3.000000000000000076e-06    0.00012199999999999999744    1.29999999999999992e-05    2    -1    41    1    0    7    292    
50    7.999999999999999638e-06    4.6999999999999997238e-05    1.399999999999999979e-05    8    -1    7    39    43    57    65    68    128    1    0    8    173    283    296    315    316    317    318    
51    9.6999999999999999634e-05    0.00014300000000000000645    1.399999999999999979e-05    3    19    61    81    0    0    215    319    320    
52    0.00014799999999999999246    3.9999999999999996496e-05    1.4999999999999998686e-05    8    4    14    22    47    53    63    73    77    0    0    170    194    221    306    321    322    323    324    
53    0.00013799999999999999333    7.499999999999999343e-05    1.4999999999999998686e-05    14    16    16    16    17    34    35    45    52    59    59    83    83    119    140    0    0    202    203    204    207    266    270    302    321    325    326    327    328    329    330    
54    0.00019599999999999999367    9.6999999999999999634e-05    1.4999999999999998686e-05    4    0    23    60    83    0    1    90    223    331    332    
55    0.0001250000000000000026    0.0001049999999999999908    1.4999999999999998686e-05    4    34    36    48    85    0    0    267    272    311    333    
56    0.00018499999999999999735    0.00018099999999999998143    1.4999999999999998686e-05    7    0    32    70    70    82    101    104    0    1    91    249    334    335    336    337    338    
57    2.900000000000000017e-05    1.5999999999999999276e-05    1.6999999999999999866e-05    5    37    50    65    109    110    0    0    276    315    339    340    341    
58    0.00012199999999999999744    4.6000000000000000036e-05    1.6999999999999999866e-05    8    28    29    29    47    73    89    89    92    0    0    241    242    243    307    342    343    344    345    
59    0.00011600000000000000068    7.099999999999999107e-05    1.6999999999999999866e-05    6    8    33    53    53    89    92    0    0    175    257    325    326    346    347    
60    0.00017599999999999999542    0.00010699999999999999876    1.6999999999999999866e-05    10    0    35    48    54    66    83    85    95    144    144    0    1    92    271    312    331    348    349    350    351    352    353    
61    0.00010699999999999999876    0.00015799999999999999158    1.6999999999999999866e-05    7    44    51    67    75    81    115    124    0    0    298    319    354    355    356    357    358    
62    1.2000000000000000304e-05    9.2000000000000000072e-05    1.8000000000000000456e-05    7    -1    18    74    79    87    102    157    1    0    9    210    359    360    361    362    363    
63    0.00017899999999999998703    4.1999999999999997676e-05    1.8999999999999997658e-05    8    22    38    45    52    97    106    107    117    0    0    222    278    303    322    364    365    366    367    
64    6.4999999999999994306e-05    0.00019200000000000000486    1.8999999999999997658e-05    4    25    25    72    75    0    0    231    232    368    369    
65    9.000000000000000228e-06    1.0999999999999999714e-05    1.9999999999999998248e-05    4    -1    50    57    128    1    0    10    316    339    370    
66    0.00018199999999999997864    0.00014799999999999999246    1.9999999999999998248e-05    5    0    0    32    60    95    0    1    93    94    250    348    371    
67    0.00013699999999999999613    0.00017499999999999999822    1.9999999999999998248e-05    11    12    12    26    32    44    61    71    81    98    115    139    0    0    185    186    237    251    299    354    372    373    374    375    376    
68    3.999999999999999819e-06    6.8999999999999996666e-05    2.0999999999999998838e-05    3    -1    50    79    1    0    11    317    377    
69    9.9999999999999995475e-07    0.0001640000000000000019    2.0999999999999998838e-05    1    -1    1    0    12    
70    0.00019699999999999999087    0.00019300000000000000207    2.0999999999999998838e-05    3    0    56    56    0    1    95    334    335    
71    0.00014099999999999998494    0.00018899999999999998615    2.3000000000000000018e-05    4    20    26    67    101    0    0    218    238    372    378    
72    7.7999999999999998588e-05    0.00019499999999999999647    2.3000000000000000018e-05    4    42    42    64    105    0    0    294    295    368    379    
73    0.00013999999999999998774    4.8999999999999998418e-05    2.4000000000000000608e-05    5    52    58    89    89    97    0    0    323    342    380    381    382    
74    3.100000000000000135e-05    8.7999999999999997712e-05    2.4000000000000000608e-05    10    18    39    43    62    79    102    111    134    134    157    0    0    211    284    297    359    383    384    385    386    387    388    
75    6.7999999999999999464e-05    0.00016999999999999998511    2.4000000000000000608e-05    13    25    25    25    30    44    61    64    91    91    112    114    135    135    0    0    233    234    235    245    300    355    369    389    390    391    392    393    394    
76    0.00015400000000000000277    4.999999999999999562e-06    2.499999999999999781e-05    2    117    126    0    0    395    396    
77    0.00013699999999999999613    1.9999999999999998248e-05    2.499999999999999781e-05    3    47    52    97    0    0    308    324    397    
78    2.699999999999999899e-05    0.00014300000000000000645    2.499999999999999781e-05    12    11    24    30    33    40    84    90    90    102    108    111    111    0    0    180    227    246    258    289    398    399    400    401    402    403    404    
79    1.399999999999999979e-05    7.9999999999999992992e-05    2.59999999999999984e-05    3    62    68    74    0    0    360    377    383    
80    6.2999999999999999902e-05    9.999999999999999124e-05    2.59999999999999984e-05    10    33    85    90    90    92    111    134    146    150    150    0    0    259    405    406    407    408    409    410    411    412    413    
81    0.00011600000000000000068    0.00014899999999999998966    2.59999999999999984e-05    9    51    61    67    88    88    94    98    124    141    0    0    320    356    373    414    415    416    417    418    419    
82    0.00018400000000000000014    0.00016999999999999998511    2.59999999999999984e-05    2    56    120    0    0    336    420    
83    0.00017400000000000000102    8.299999999999999815e-05    2.699999999999999899e-05    8    53    53    54    60    93    93    106    107    0    0    327    328    332    349    421    422    423    424    
84    3.3999999999999999732e-05    0.0001679999999999999907    2.699999999999999899e-05    4    25    40    78    86    0    0    236    290    398    425    
85    0.00012699999999999999701    0.00010100000000000000199    2.799999999999999958e-05    6    34    48    55    60    80    140    0    0    268    313    333    350    405    426    
86    2.900000000000000017e-05    0.00017799999999999998983    2.799999999999999958e-05    7    -1    40    46    84    135    151    151    1    0    13    291    305    425    427    428    429    
87    3.000000000000000076e-06    0.0001029999999999999964    2.900000000000000017e-05    5    -1    62    102    102    157    1    0    14    361    430    431    432    
88    0.00012199999999999999744    0.0001240000000000000054    2.900000000000000017e-05    9    36    81    81    98    100    130    131    140    147    0    0    273    414    415    433    434    435    436    437    438    
89    0.00012999999999999998861    6.0999999999999998722e-05    2.9999999999999997372e-05    13    58    58    59    73    73    99    118    119    121    123    133    133    152    0    0    343    344    346    380    381    439    440    441    442    443    444    445    446    
90    6.5999999999999991508e-05    0.00012999999999999998861    3.100000000000000135e-05    8    33    78    78    80    80    94    111    114    0    0    260    399    400    406    407    447    448    449    
91    8.5999999999999989756e-05    0.00017599999999999999542    3.100000000000000135e-05    3    75    75    135    0    0    389    390    450    
92    8.7999999999999997712e-05    5.9999999999999994744e-05    3.2999999999999995754e-05    15    8    15    31    33    39    58    59    80    99    110    110    121    123    125    134    0    0    176    197    248    261    285    345    347    408    451    452    453    454    455    456    457    
93    0.00019300000000000000207    8.9999999999999992116e-05    3.2999999999999995754e-05    3    83    83    137    0    0    421    422    458    
94    9.4999999999999991678e-05    0.0001259999999999999998    3.2999999999999995754e-05    7    33    36    81    90    129    141    150    0    0    262    274    416    447    459    460    461    
95    0.00019200000000000000486    0.00014899999999999998966    3.3999999999999999732e-05    6    0    60    66    130    144    158    0    1    96    351    371    462    463    464    
96    6.7000000000000002262e-05    2.0999999999999998838e-05    3.4999999999999996934e-05    4    110    110    149    161    0    0    465    466    467    468    
97    0.00014999999999999998686    2.900000000000000017e-05    3.4999999999999996934e-05    10    63    73    77    113    116    117    142    152    172    181    0    0    364    382    397    469    470    471    472    473    474    475    
98    0.00014599999999999999805    0.0001640000000000000019    3.4999999999999996934e-05    9    32    67    81    88    100    100    124    139    148    0    0    252    374    417    433    476    477    478    479    480    
99    0.00010600000000000000156    4.4999999999999996058e-05    3.6000000000000000912e-05    6    47    89    92    113    123    125    0    0    309    439    451    481    482    483    
100    0.00014999999999999998686    0.00013999999999999998774    3.6000000000000000912e-05    6    48    88    98    98    124    130    0    0    314    434    476    477    484    485    
101    0.00017199999999999997951    0.00019300000000000000207    3.6000000000000000912e-05    3    56    71    120    0    0    337    378    486    
102    6.000000000000000152e-06    0.00011600000000000000068    3.6999999999999998114e-05    7    -1    62    74    78    87    87    157    1    0    15    362    384    401    430    431    487    
103    9.9999999999999995475e-07    9.9999999999999995475e-07    3.7999999999999995316e-05    1    -1    1    0    16    
104    0.00019599999999999999367    0.00017699999999999999263    3.7999999999999995316e-05    5    0    56    120    158    158    0    1    97    338    488    489    490    
105    9.7999999999999996836e-05    0.00019399999999999999927    3.7999999999999995316e-05    4    44    72    159    163    0    0    301    379    491    492    
106    0.00019200000000000000486    4.6999999999999997238e-05    3.8999999999999999294e-05    8    0    0    23    63    83    107    117    137    0    1    98    99    224    365    423    493    494    495    
107    0.00017599999999999999542    5.0999999999999999598e-05    3.8999999999999999294e-05    7    63    83    106    119    119    133    152    0    0    366    424    493    496    497    498    499    
108    6.999999999999999895e-06    0.00015199999999999998126    3.8999999999999999294e-05    3    -1    78    127    1    0    17    402    500    
109    3.1999999999999998552e-05    1.29999999999999992e-05    3.9999999999999996496e-05    7    57    110    128    128    149    169    194    0    0    340    501    502    503    504    505    506    
110    5.19999999999999968e-05    2.59999999999999984e-05    3.9999999999999996496e-05    12    37    39    39    57    92    92    96    96    109    128    134    149    0    0    277    286    287    341    452    453    465    466    501    507    508    509    
111    5.3000000000000000778e-05    0.00010999999999999999036    3.9999999999999996496e-05    10    74    78    78    80    90    134    150    157    166    166    0    0    385    403    404    409    448    510    511    512    513    514    
112    6.9999999999999993868e-05    0.00018999999999999998336    3.9999999999999996496e-05    2    75    135    0    0    391    515    
113    0.00010699999999999999876    3.2999999999999995754e-05    4.1000000000000000474e-05    5    47    97    99    116    125    0    0    310    469    481    516    517    
114    7.099999999999999107e-05    0.00014899999999999998966    4.1999999999999997676e-05    7    75    90    135    135    141    166    182    0    0    392    449    518    519    520    521    522    
115    0.00011199999999999999832    0.0001659999999999999963    4.1999999999999997676e-05    4    61    67    139    141    0    0    357    375    523    524    
116    0.00012199999999999999744    9.000000000000000228e-06    4.2999999999999994878e-05    3    97    113    142    0    0    470    516    525    
117    0.00019399999999999999927    2.0999999999999998838e-05    4.2999999999999994878e-05    19    0    21    38    38    63    76    97    106    126    126    136    136    143    181    181    190    190    190    213    0    1    100    219    279    280    367    395    471    494    526    527    528    529    530    531    532    533    534    535    536    
118    0.00012100000000000000024    7.2000000000000001824e-05    4.2999999999999994878e-05    3    89    121    123    0    0    440    537    538    
119    0.00015699999999999999438    7.7999999999999998588e-05    4.2999999999999994878e-05    6    45    53    89    107    107    133    0    0    304    329    441    496    497    539    
120    0.00017799999999999998983    0.00018099999999999998143    4.2999999999999994878e-05    8    82    101    104    158    158    158    158    179    0    0    420    486    488    540    541    542    543    544    
121    0.00011199999999999999832    7.3999999999999996228e-05    4.3999999999999998856e-05    4    89    92    118    123    0    0    442    454    537    545    
122    2.1999999999999999428e-05    0.00019799999999999998808    4.3999999999999998856e-05    0    0    0    
123    0.00011999999999999998949    5.4999999999999995182e-05    4.4999999999999996058e-05    6    89    92    99    118    121    152    0    0    443    455    482    538    545    546    
124    0.00014199999999999998214    0.00014899999999999998966    4.4999999999999996058e-05    7    61    81    98    100    139    141    171    0    0    358    418    478    484    547    548    549    
125    9.2000000000000000072e-05    3.6000000000000000912e-05    4.6000000000000000036e-05    11    92    99    113    134    142    149    152    161    187    214    230    0    0    456    483    517    550    551    552    553    554    555    556    557    
126    0.00015300000000000000557    9.999999999999999124e-06    4.6999999999999997238e-05    4    76    117    117    172    0    0    396    526    527    558    
127    3.000000000000000076e-06    0.00017400000000000000102    4.6999999999999997238e-05    2    -1    108    1    0    18    500    
128    2.4000000000000000608e-05    4.3999999999999998856e-05    4.8000000000000001216e-05    12    -1    50    65    109    109    110    134    134    155    169    169    186    1    0    19    318    370    502    503    507    559    560    561    562    563    564    
129    9.4999999999999991678e-05    0.00011999999999999998949    4.8000000000000001216e-05    5    94    131    141    150    153    0    0    459    565    566    567    568    
130    0.00016099999999999998319    0.00013999999999999998774    4.8000000000000001216e-05    6    88    95    100    145    147    158    0    0    435    462    485    569    570    571    
131    0.00011600000000000000068    0.0001240000000000000054    4.8999999999999998418e-05    4    88    129    147    207    0    0    436    565    572    573    
132    1.2000000000000000304e-05    3.000000000000000076e-06    5.0999999999999999598e-05    1    169    0    0    574    
133    0.00014199999999999998214    6.8999999999999996666e-05    5.0999999999999999598e-05    5    89    89    107    119    137    0    0    444    445    498    539    575    
134    5.399999999999999798e-05    7.2999999999999999026e-05    5.0999999999999999598e-05    20    74    74    80    92    110    111    125    128    128    149    155    157    157    157    167    184    186    186    186    209    0    0    386    387    410    457    508    510    550    559    560    576    577    578    579    580    581    582    583    584    585    586    
135    5.19999999999999968e-05    0.00017899999999999998703    5.0999999999999999598e-05    11    75    75    86    91    112    114    114    151    159    164    221    0    0    393    394    427    450    515    518    519    587    588    589    590    
136    0.00016999999999999998511    3.999999999999999819e-06    5.19999999999999968e-05    2    117    117    0    0    528    529    
137    0.00017699999999999999263    9.2999999999999997274e-05    5.19999999999999968e-05    18    0    93    106    133    140    144    144    154    154    156    165    175    178    206    225    225    238    238    0    1    101    458    495    575    591    592    593    594    595    596    597    598    599    600    601    602    603    604    
138    1.0999999999999999714e-05    0.00013199999999999998302    5.19999999999999968e-05    3    -1    157    166    1    0    20    605    606    
139    0.00012199999999999999744    0.00017099999999999998231    5.19999999999999968e-05    9    67    98    115    124    141    148    163    163    171    0    0    376    479    523    547    607    608    609    610    611    
140    0.00012999999999999998861    9.6999999999999999634e-05    5.599999999999999916e-05    7    53    85    88    137    146    146    165    0    0    330    426    437    591    612    613    614    
141    9.4999999999999991678e-05    0.00014599999999999999805    5.599999999999999916e-05    17    81    94    114    115    124    129    139    147    147    147    150    153    163    182    207    207    235    0    0    419    460    520    524    548    566    607    615    616    617    618    619    620    621    622    623    624    
142    0.00010899999999999999316    1.29999999999999992e-05    5.6999999999999996362e-05    5    97    116    125    161    172    0    0    472    525    551    625    626    
143    0.00017599999999999999542    3.4999999999999996934e-05    5.6999999999999996362e-05    2    117    181    0    0    530    627    
144    0.00018499999999999999735    0.0001250000000000000026    5.6999999999999996362e-05    12    0    0    0    0    60    60    95    137    137    154    158    206    0    1    102    103    104    105    352    353    463    592    593    628    629    630    
145    0.00015699999999999999438    0.00013500000000000000173    5.6999999999999996362e-05    3    130    154    219    0    0    569    631    632    
146    9.6000000000000002432e-05    9.4999999999999991678e-05    5.800000000000000034e-05    10    80    140    140    150    162    165    167    167    170    187    0    0    411    612    613    633    634    635    636    637    638    639    
147    0.0001240000000000000054    0.00013899999999999999053    5.800000000000000034e-05    8    88    130    131    141    141    141    171    207    0    0    438    570    572    615    616    617    640    641    
148    0.00015599999999999999718    0.00017300000000000000382    5.800000000000000034e-05    7    98    139    158    158    160    171    211    0    0    480    608    642    643    644    645    646    
149    6.5999999999999991508e-05    1.29999999999999992e-05    5.9999999999999994744e-05    9    96    109    110    125    134    161    183    189    194    0    0    467    504    509    552    576    647    648    649    650    
150    7.499999999999999343e-05    0.00011899999999999999229    6.0999999999999998722e-05    9    80    80    94    111    129    141    146    153    188    0    0    412    413    461    511    567    618    633    651    652    
151    2.699999999999999899e-05    0.00017599999999999999542    6.0999999999999998722e-05    4    86    86    135    164    0    0    428    429    587    653    
152    0.00012799999999999999421    5.0999999999999999598e-05    6.20000000000000027e-05    6    89    97    107    123    125    174    0    0    446    473    499    546    553    654    
153    8.9999999999999992116e-05    0.00011399999999999999272    6.20000000000000027e-05    4    129    141    150    162    0    0    568    619    651    655    
154    0.00016300000000000000469    0.00011600000000000000068    6.20000000000000027e-05    5    137    137    144    145    203    0    0    594    595    628    631    656    
155    9.999999999999999124e-06    6.3999999999999997104e-05    6.2999999999999999902e-05    9    -1    128    134    157    169    169    202    204    226    1    0    21    561    577    657    658    659    660    661    662    
156    0.00017599999999999999542    6.3999999999999997104e-05    6.2999999999999999902e-05    4    137    173    175    178    0    0    596    663    664    665    
157    2.4000000000000000608e-05    9.4999999999999991678e-05    6.2999999999999999902e-05    22    -1    -1    -1    -1    -1    -1    62    74    87    102    111    134    134    134    138    155    166    166    176    188    198    216    1    0    22    23    24    25    26    27    363    388    432    487    512    578    579    580    605    657    666    667    668    669    670    671    
158    0.00018400000000000000014    0.00015099999999999998406    6.2999999999999999902e-05    18    0    0    0    0    95    104    104    120    120    120    120    130    144    148    148    180    219    219    0    1    106    107    108    109    464    489    490    540    541    542    543    571    629    642    643    672    673    674    
159    0.00011100000000000000112    0.00019300000000000000207    6.2999999999999999902e-05    4    105    135    163    221    0    0    491    588    675    676    
160    0.00015899999999999998878    0.00019300000000000000207    6.2999999999999999902e-05    3    148    179    200    0    0    644    677    678    
161    9.0999999999999989318e-05    1.2000000000000000304e-05    6.4999999999999994306e-05    9    96    125    142    149    172    183    185    212    224    0    0    468    554    625    647    679    680    681    682    683    
162    0.0001019999999999999992    9.999999999999999124e-05    6.4999999999999994306e-05    6    146    153    187    207    210    232    0    0    634    655    684    685    686    687    
163    0.00012699999999999999701    0.00018799999999999998895    6.4999999999999994306e-05    9    105    139    139    141    159    171    200    221    241    0    0    492    609    610    620    675    688    689    690    691    
164    1.4999999999999998686e-05    0.00019200000000000000486    6.4999999999999994306e-05    4    -1    135    151    193    1    0    28    589    653    692    
165    0.0001259999999999999998    9.6999999999999999634e-05    6.5999999999999991508e-05    10    137    140    146    174    187    191    203    207    225    238    0    0    597    614    635    693    694    695    696    697    698    699    
166    2.900000000000000017e-05    0.00013500000000000000173    6.5999999999999991508e-05    10    111    111    114    138    157    157    176    188    199    216    0    0    513    514    521    606    666    667    700    701    702    703    
167    6.9999999999999993868e-05    8.9999999999999992116e-05    6.7000000000000002262e-05    4    134    146    146    184    0    0    581    636    637    704    
168    4.3999999999999998856e-05    2.900000000000000017e-05    6.7999999999999999464e-05    3    186    186    194    0    0    705    706    707    
169    7.999999999999999638e-06    3.1999999999999998552e-05    6.7999999999999999464e-05    9    -1    -1    109    128    128    132    155    155    194    1    0    29    30    505    562    563    574    658    659    708    
170    8.2000000000000000948e-05    7.899999999999999579e-05    6.7999999999999999464e-05    2    146    187    0    0    638    709    
171    0.00013199999999999998302    0.00016099999999999998319    6.7999999999999999464e-05    10    124    139    147    148    163    207    219    221    228    243    0    0    549    611    640    645    688    710    711    712    713    714    
172    0.00013099999999999998581    2.0999999999999998838e-05    6.8999999999999996666e-05    6    97    126    142    161    181    185    0    0    474    558    626    679    715    716    
173    0.00015999999999999998598    5.3000000000000000778e-05    6.8999999999999996666e-05    3    156    181    181    0    0    663    717    718    
174    0.0001259999999999999998    6.9999999999999993868e-05    6.8999999999999996666e-05    6    152    165    191    191    214    225    0    0    654    693    719    720    721    722    
175    0.00019300000000000000207    7.2999999999999999026e-05    6.9999999999999993868e-05    7    0    137    156    178    181    213    215    0    1    110    598    664    723    724    725    726    
176    1.29999999999999992e-05    0.00015099999999999998406    7.2000000000000001824e-05    3    157    166    239    0    0    668    700    727    
177    0.00017599999999999999542    0.00017599999999999999542    7.2000000000000001824e-05    3    179    180    240    0    0    728    729    730    
178    0.00016199999999999998039    6.9999999999999993868e-05    7.2999999999999999026e-05    4    137    156    175    195    0    0    599    665    723    731    
179    0.00018499999999999999735    0.00018899999999999998615    7.2999999999999999026e-05    7    0    120    160    177    180    223    251    0    1    111    544    677    728    732    733    734    
180    0.00019399999999999999927    0.00015999999999999998598    7.3999999999999996228e-05    7    0    158    177    179    219    219    240    0    1    112    672    729    732    735    736    737    
181    0.0001679999999999999907    3.4999999999999996934e-05    7.499999999999999343e-05    13    97    117    117    143    172    173    173    175    190    213    229    237    261    0    0    475    531    532    627    715    717    718    724    738    739    740    741    742    
182    7.9999999999999992992e-05    0.00016899999999999998791    7.499999999999999343e-05    5    114    141    221    222    222    0    0    522    621    743    744    745    
183    8.5999999999999989756e-05    2.3000000000000000018e-05    7.7000000000000001386e-05    9    149    161    185    185    189    209    214    224    224    0    0    648    680    746    747    748    749    750    751    752    
184    5.599999999999999916e-05    7.7999999999999998588e-05    7.7000000000000001386e-05    7    134    167    197    197    201    231    232    0    0    582    704    753    754    755    756    757    
185    0.0001259999999999999998    2.799999999999999958e-05    7.7999999999999998588e-05    10    161    172    183    183    212    229    246    246    261    272    0    0    681    716    746    747    758    759    760    761    762    763    
186    4.2999999999999994878e-05    4.8999999999999998418e-05    7.7999999999999998588e-05    11    128    134    134    134    168    168    201    209    209    209    226    0    0    564    583    584    585    705    706    764    765    766    767    768    
187    0.0001029999999999999964    8.8999999999999994914e-05    7.7999999999999998588e-05    8    125    146    162    165    170    191    227    232    0    0    555    639    684    694    709    769    770    771    
188    6.2999999999999999902e-05    0.00012199999999999999744    7.7999999999999998588e-05    11    150    157    166    197    199    210    216    216    233    235    250    0    0    652    669    701    772    773    774    775    776    777    778    779    
189    5.399999999999999798e-05    7.999999999999999638e-06    8.0999999999999990194e-05    8    149    183    194    194    226    255    255    277    0    0    649    748    780    781    782    783    784    785    
190    0.00018199999999999997864    1.0999999999999999714e-05    8.0999999999999990194e-05    8    0    117    117    117    181    208    213    249    0    1    113    533    534    535    738    786    787    788    
191    0.00011799999999999999508    8.3999999999999995352e-05    8.0999999999999990194e-05    7    165    174    174    187    214    225    258    0    0    695    719    720    769    789    790    791    
192    0.00019200000000000000486    9.3999999999999994476e-05    8.0999999999999990194e-05    0    0    0    
193    7.999999999999999638e-06    0.00017599999999999999542    8.2000000000000000948e-05    3    -1    164    239    1    0    31    692    792    
194    1.8999999999999997658e-05    9.000000000000000228e-06    8.299999999999999815e-05    11    -1    -1    109    149    168    169    189    189    226    267    267    1    0    32    33    506    650    707    708    780    781    793    794    795    
195    0.00014400000000000000365    6.20000000000000027e-05    8.299999999999999815e-05    4    178    225    237    246    0    0    731    796    797    798    
196    6.000000000000000152e-06    8.700000000000000051e-05    8.299999999999999815e-05    3    -1    202    217    1    0    34    799    800    
197    6.7000000000000002262e-05    0.00010799999999999999596    8.299999999999999815e-05    8    184    184    188    210    216    232    232    274    0    0    753    754    772    801    802    803    804    805    
198    6.000000000000000152e-06    0.0001240000000000000054    8.299999999999999815e-05    5    -1    157    216    236    244    1    0    35    670    806    807    808    
199    4.1000000000000000474e-05    0.00015899999999999998878    8.299999999999999815e-05    7    166    188    216    222    222    239    250    0    0    702    773    809    810    811    812    813    
200    0.00013599999999999999893    0.00019200000000000000486    8.299999999999999815e-05    5    160    163    211    211    241    0    0    678    689    814    815    816    
201    4.8999999999999998418e-05    6.9999999999999993868e-05    8.3999999999999995352e-05    5    184    186    202    231    304    0    0    755    764    817    818    819    
202    2.4000000000000000608e-05    7.7000000000000001386e-05    8.3999999999999995352e-05    5    155    196    201    247    304    0    0    660    799    817    820    821    
203    0.00015400000000000000277    0.00011999999999999998949    8.3999999999999995352e-05    5    154    165    207    219    238    0    0    656    696    822    823    824    
204    9.9999999999999995475e-07    3.7999999999999995316e-05    8.4999999999999992554e-05    2    -1    155    1    0    36    661    
205    0.00018699999999999999175    9.8999999999999994038e-05    8.4999999999999992554e-05    0    0    0    
206    0.00018799999999999998895    0.00011600000000000000068    8.4999999999999992554e-05    9    0    0    137    144    218    219    238    270    286    0    1    114    115    600    630    825    826    827    828    829    
207    0.0001259999999999999998    0.00013199999999999998302    8.4999999999999992554e-05    14    131    141    141    147    162    165    171    203    219    227    228    228    275    298    0    0    573    622    623    641    685    697    710    822    830    831    832    833    834    835    
208    0.0001659999999999999963    6.000000000000000152e-06    8.5999999999999989756e-05    4    190    229    249    268    0    0    786    836    837    838    
209    6.0999999999999998722e-05    4.6000000000000000036e-05    8.5999999999999989756e-05    7    134    183    186    186    186    226    230    0    0    586    749    765    766    767    839    840    
210    9.2999999999999997274e-05    0.00012299999999999998109    8.5999999999999989756e-05    6    162    188    197    227    232    235    0    0    686    774    801    841    842    843    
211    0.00015099999999999998406    0.00018899999999999998615    8.700000000000000051e-05    8    148    200    200    223    241    243    243    265    0    0    646    814    815    844    845    846    847    848    
212    0.00012799999999999999421    6.000000000000000152e-06    8.7999999999999997712e-05    4    161    185    229    254    0    0    682    758    849    850    
213    0.00019300000000000000207    3.8999999999999999294e-05    8.7999999999999997712e-05    8    0    0    117    175    181    190    249    249    0    1    116    117    536    725    739    787    851    852    
214    0.0001019999999999999992    5.8999999999999997542e-05    8.7999999999999997712e-05    8    125    174    183    191    234    246    246    269    0    0    556    721    750    789    853    854    855    856    
215    0.00017400000000000000102    7.5999999999999990632e-05    8.7999999999999997712e-05    5    175    237    237    238    238    0    0    726    857    858    859    860    
216    3.3999999999999999732e-05    0.0001250000000000000026    8.7999999999999997712e-05    12    157    166    188    188    197    198    199    233    236    244    262    262    0    0    671    703    775    776    802    806    809    861    862    863    864    865    
217    7.999999999999999638e-06    9.8999999999999994038e-05    8.8999999999999994914e-05    2    196    244    0    0    800    866    
218    0.00018099999999999998143    0.00011899999999999999229    8.8999999999999994914e-05    3    206    219    238    0    0    825    867    868    
219    0.00017799999999999998983    0.00013699999999999999613    8.8999999999999994914e-05    16    0    145    158    158    171    180    180    203    206    207    218    238    243    248    271    298    0    1    118    632    673    674    711    735    736    823    826    830    867    869    870    871    872    873    
220    0.00019999999999999998248    1.399999999999999979e-05    8.9999999999999992116e-05    2    0    249    0    1    119    874    
221    9.2000000000000000072e-05    0.00017999999999999998423    8.9999999999999992116e-05    11    135    159    163    171    182    222    222    228    241    241    257    0    0    590    676    690    712    743    875    876    877    878    879    880    
222    6.9999999999999993868e-05    0.00018499999999999999735    8.9999999999999992116e-05    12    182    182    199    199    221    221    250    252    257    257    260    290    0    0    744    745    810    811    875    876    881    882    883    884    885    886    
223    0.00017099999999999998231    0.00019499999999999999647    9.0999999999999989318e-05    4    0    179    211    251    0    1    120    733    844    887    
224    8.700000000000000051e-05    2.3000000000000000018e-05    9.2000000000000000072e-05    5    161    183    183    255    272    0    0    683    751    752    888    889    
225    0.00013199999999999998302    7.5999999999999990632e-05    9.2000000000000000072e-05    9    137    137    165    174    191    195    238    258    297    0    0    601    602    698    722    790    796    890    891    892    
226    2.699999999999999899e-05    3.4999999999999996934e-05    9.3999999999999994476e-05    11    155    186    189    194    209    242    253    256    277    294    304    0    0    662    768    782    793    839    893    894    895    896    897    898    
227    0.00011999999999999998949    0.00010799999999999999596    9.3999999999999994476e-05    7    187    207    210    232    238    275    297    0    0    770    831    841    899    900    901    902    
228    0.00011600000000000000068    0.0001679999999999999907    9.3999999999999994476e-05    11    171    207    207    221    241    257    263    263    275    288    310    0    0    713    832    833    877    903    904    905    906    907    908    909    
229    0.00014199999999999998214    6.000000000000000152e-06    9.4999999999999991678e-05    6    181    185    208    212    261    292    0    0    740    759    836    849    910    911    
230    6.9999999999999993868e-05    6.3999999999999997104e-05    9.4999999999999991678e-05    5    125    209    231    234    264    0    0    557    840    912    913    914    
231    5.800000000000000034e-05    7.2000000000000001824e-05    9.4999999999999991678e-05    5    184    201    230    232    304    0    0    756    818    912    915    916    
232    9.6000000000000002432e-05    0.0001019999999999999992    9.4999999999999991678e-05    10    162    184    187    197    197    210    227    231    258    301    0    0    687    757    771    803    804    842    899    915    917    918    
233    5.0999999999999999598e-05    0.00013300000000000000732    9.4999999999999991678e-05    8    188    216    245    250    262    274    305    305    0    0    777    861    919    920    921    922    923    924    
234    8.8999999999999994914e-05    4.6999999999999997238e-05    9.6000000000000002432e-05    3    214    230    272    0    0    853    913    925    
235    8.7999999999999997712e-05    0.00013400000000000000452    9.6000000000000002432e-05    4    141    188    210    263    0    0    624    778    843    926    
236    6.000000000000000152e-06    0.00014300000000000000645    9.6000000000000002432e-05    6    -1    198    216    239    262    322    1    0    37    807    862    927    928    929    
237    0.00016099999999999998319    5.8999999999999997542e-05    9.7999999999999996836e-05    8    181    195    215    215    249    261    297    328    0    0    741    797    857    858    930    931    932    933    
238    0.00017099999999999998231    0.00010899999999999999316    9.7999999999999996836e-05    14    137    137    165    203    206    215    215    218    219    225    227    297    297    298    0    0    603    604    699    824    827    859    860    868    869    890    900    934    935    936    
239    6.999999999999999895e-06    0.00016199999999999998039    9.8999999999999994038e-05    5    -1    176    193    199    236    1    0    38    727    792    812    927    
240    0.00019399999999999999927    0.0001640000000000000019    9.8999999999999994038e-05    7    0    177    180    248    251    271    317    0    1    121    730    737    937    938    939    940    
241    0.00011399999999999999272    0.00018300000000000000294    9.999999999999999124e-05    7    163    200    211    221    221    228    358    0    0    691    816    845    878    879    903    941    
242    1.29999999999999992e-05    5.399999999999999798e-05    0.00010100000000000000199    5    -1    226    247    253    253    1    0    39    893    942    943    944    
243    0.00015499999999999999997    0.00017099999999999998231    0.00010100000000000000199    7    171    211    211    219    251    265    298    0    0    714    846    847    870    945    946    947    
244    1.8999999999999997658e-05    0.00011999999999999998949    0.0001019999999999999992    12    -1    -1    -1    198    216    217    247    247    262    274    316    322    1    0    40    41    42    808    863    866    948    949    950    951    952    953    
245    3.9999999999999996496e-05    0.00014599999999999999805    0.0001019999999999999992    1    233    0    0    919    
246    0.00011499999999999998993    4.4999999999999996058e-05    0.0001039999999999999936    9    185    185    195    214    214    261    261    269    272    0    0    760    761    798    854    855    954    955    956    957    
247    1.8999999999999997658e-05    7.9999999999999992992e-05    0.0001039999999999999936    5    202    242    244    244    304    0    0    820    942    948    949    958    
248    0.00018400000000000000014    0.00014599999999999999805    0.0001039999999999999936    3    219    240    271    0    0    871    937    959    
249    0.00019099999999999998056    2.3000000000000000018e-05    0.0001049999999999999908    17    0    0    0    0    0    190    208    213    213    220    237    261    268    279    303    308    318    0    1    122    123    124    125    126    788    837    851    852    874    930    960    961    962    963    964    965    
250    6.0999999999999998722e-05    0.0001649999999999999991    0.00010600000000000000156    8    188    199    222    233    257    257    259    305    0    0    779    813    881    920    966    967    968    969    
251    0.00017400000000000000102    0.00017699999999999999263    0.00010600000000000000156    5    179    223    240    243    265    0    0    734    887    938    945    970    
252    4.6000000000000000036e-05    0.00018400000000000000014    0.00010600000000000000156    2    222    259    0    0    882    971    
253    4.999999999999999562e-06    3.4999999999999996934e-05    0.00010699999999999999876    6    -1    226    242    242    256    294    1    0    43    894    943    944    972    973    
254    0.0001029999999999999964    3.000000000000000076e-06    0.00010799999999999999596    3    212    255    291    0    0    850    974    975    
255    7.9999999999999992992e-05    6.999999999999999895e-06    0.00010799999999999999596    8    189    189    224    254    272    277    289    294    0    0    783    784    888    974    976    977    978    979    
256    2.1999999999999999428e-05    3.6000000000000000912e-05    0.00010799999999999999596    5    226    253    294    325    331    0    0    895    972    980    981    982    
257    8.0999999999999990194e-05    0.00017999999999999998423    0.00010799999999999999596    9    221    222    222    228    250    250    260    293    305    0    0    880    883    884    904    966    967    983    984    985    
258    0.00011100000000000000112    8.7999999999999997712e-05    0.00011100000000000000112    9    191    225    232    269    273    280    297    300    314    0    0    791    891    917    986    987    988    989    990    991    
259    5.8999999999999997542e-05    0.00017999999999999998423    0.00011100000000000000112    3    250    252    276    0    0    968    971    992    
260    8.299999999999999815e-05    0.00019499999999999999647    0.00011100000000000000112    3    222    257    276    0    0    885    983    993    
261    0.00013899999999999999053    2.799999999999999958e-05    0.00011199999999999999832    16    181    185    229    237    246    246    249    272    291    291    292    319    319    328    328    328    0    0    742    762    910    931    954    955    960    994    995    996    997    998    999    1000    1001    1002    
262    2.499999999999999781e-05    0.00013300000000000000732    0.00011199999999999999832    10    216    216    233    236    244    274    282    305    305    322    0    0    864    865    921    928    950    1003    1004    1005    1006    1007    
263    9.999999999999999124e-05    0.00014300000000000000645    0.00011199999999999999832    5    228    228    235    275    305    0    0    905    906    926    1008    1009    
264    7.2000000000000001824e-05    5.599999999999999916e-05    0.00011299999999999999552    7    230    273    277    284    285    289    304    0    0    914    1010    1011    1012    1013    1014    1015    
265    0.0001659999999999999963    0.00017799999999999998983    0.00011299999999999999552    6    211    243    251    281    310    327    0    0    848    946    970    1016    1017    1018    
266    0.00015899999999999998878    4.6999999999999997238e-05    0.00011399999999999999272    0    0    0    
267    9.999999999999999124e-06    3.999999999999999819e-06    0.00011499999999999998993    6    -1    194    194    294    294    313    1    0    44    794    795    1019    1020    1021    
268    0.00016899999999999998791    4.999999999999999562e-06    0.00011499999999999998993    7    208    249    292    292    303    318    324    0    0    838    961    1022    1023    1024    1025    1026    
269    0.00010999999999999999036    5.4999999999999995182e-05    0.00011499999999999998993    8    214    246    258    272    285    297    299    315    0    0    856    956    986    1027    1028    1029    1030    1031    
270    0.00019300000000000000207    0.0001250000000000000026    0.00011499999999999998993    4    0    206    271    298    0    1    127    828    1032    1033    
271    0.00019399999999999999927    0.00014099999999999998494    0.00011499999999999998993    9    0    219    240    248    270    298    310    323    326    0    1    128    872    939    959    1032    1034    1035    1036    1037    
272    0.00010100000000000000199    2.499999999999999781e-05    0.00011600000000000000068    10    185    224    234    246    255    261    269    285    289    291    0    0    763    889    925    957    976    994    1027    1038    1039    1040    
273    7.7000000000000001386e-05    8.0999999999999990194e-05    0.00011600000000000000068    5    258    264    280    300    304    0    0    987    1010    1041    1042    1043    
274    2.900000000000000017e-05    0.00010799999999999999596    0.00011600000000000000068    7    197    233    244    262    280    304    316    0    0    805    922    951    1003    1044    1045    1046    
275    0.00011899999999999999229    0.00013699999999999999613    0.00011600000000000000068    10    207    227    228    263    287    301    305    309    310    380    0    0    834    901    907    1008    1047    1048    1049    1050    1051    1052    
276    6.9999999999999993868e-05    0.00019300000000000000207    0.00011600000000000000068    5    259    260    302    302    312    0    0    992    993    1053    1054    1055    
277    5.800000000000000034e-05    1.8999999999999997658e-05    0.00011699999999999999788    7    189    226    255    264    289    294    331    0    0    785    896    977    1011    1056    1057    1058    
278    9.9999999999999995475e-07    7.899999999999999579e-05    0.00011699999999999999788    1    -1    1    0    45    
279    0.00017699999999999999263    5.9999999999999994744e-05    0.00011899999999999999229    4    249    286    308    328    0    0    962    1059    1060    1061    
280    7.499999999999999343e-05    0.0001039999999999999936    0.00011899999999999999229    14    258    273    274    300    300    301    304    304    305    305    316    321    341    404    0    0    988    1041    1044    1062    1063    1064    1065    1066    1067    1068    1069    1070    1071    1072    
281    0.00017300000000000000382    0.00018799999999999998895    0.00011899999999999999229    2    265    310    0    0    1016    1073    
282    3.6999999999999998114e-05    0.00015400000000000000277    0.00011999999999999998949    6    262    302    305    305    322    355    0    0    1004    1074    1075    1076    1077    1078    
283    9.9999999999999995475e-07    3.8999999999999999294e-05    0.00012100000000000000024    1    -1    1    0    46    
284    6.0999999999999998722e-05    5.399999999999999798e-05    0.00012100000000000000024    3    264    304    320    0    0    1012    1079    1080    
285    9.2999999999999997274e-05    5.399999999999999798e-05    0.00012100000000000000024    4    264    269    272    299    0    0    1013    1028    1038    1081    
286    0.00019099999999999998056    9.6999999999999999634e-05    0.00012100000000000000024    7    0    206    279    298    298    308    337    0    1    129    829    1059    1082    1083    1084    1085    
287    9.6000000000000002432e-05    0.00012699999999999999701    0.00012100000000000000024    2    275    301    0    0    1047    1086    
288    0.0001240000000000000054    0.0001649999999999999991    0.00012100000000000000024    2    228    295    0    0    908    1087    
289    7.099999999999999107e-05    1.8999999999999997658e-05    0.00012199999999999999744    7    255    264    272    277    294    296    368    0    0    978    1014    1039    1056    1088    1089    1090    
290    1.2000000000000000304e-05    0.00018999999999999998336    0.00012199999999999999744    4    -1    222    302    345    1    0    47    886    1091    1092    
291    0.00011399999999999999272    2.0999999999999998838e-05    0.00012299999999999998109    7    254    261    261    272    292    347    357    0    0    975    995    996    1040    1093    1094    1095    
292    0.00013300000000000000732    1.8000000000000000456e-05    0.0001240000000000000054    9    229    261    268    268    291    303    303    324    343    0    0    911    997    1022    1023    1093    1096    1097    1098    1099    
293    8.7999999999999997712e-05    0.00017199999999999997951    0.0001240000000000000054    4    257    305    312    380    0    0    984    1100    1101    1102    
294    1.9999999999999998248e-05    2.0999999999999998838e-05    0.0001250000000000000026    18    -1    -1    -1    226    253    255    256    267    267    277    289    313    331    367    392    397    397    436    1    0    48    49    50    897    973    979    980    1019    1020    1057    1088    1103    1104    1105    1106    1107    1108    1109    
295    0.00012899999999999999141    0.00018300000000000000294    0.0001250000000000000026    5    288    348    348    358    380    0    0    1087    1110    1111    1112    1113    
296    6.0999999999999998722e-05    3.4999999999999996934e-05    0.0001259999999999999998    1    289    0    0    1089    
297    0.00014199999999999998214    9.2999999999999997274e-05    0.0001259999999999999998    11    225    227    237    238    238    258    269    298    315    328    338    0    0    892    902    932    934    935    989    1029    1114    1115    1116    1117    
298    0.00017300000000000000382    0.00011199999999999999832    0.0001259999999999999998    19    0    207    219    238    243    270    271    286    286    297    310    310    310    323    328    334    337    371    375    0    1    130    835    873    936    947    1033    1034    1082    1083    1114    1118    1119    1120    1121    1122    1123    1124    1125    1126    
299    0.0001019999999999999992    6.2999999999999999902e-05    0.00012699999999999999701    4    269    285    314    339    0    0    1030    1081    1127    1128    
300    8.299999999999999815e-05    8.7999999999999997712e-05    0.00012699999999999999701    6    258    273    280    280    314    339    0    0    990    1042    1062    1063    1129    1130    
301    0.00010899999999999999316    0.00011399999999999999272    0.00012699999999999999701    7    232    275    280    287    305    315    329    0    0    918    1048    1064    1086    1131    1132    1133    
302    3.9999999999999996496e-05    0.00018499999999999999735    0.00012699999999999999701    8    276    276    282    290    305    312    330    365    0    0    1053    1054    1074    1091    1134    1135    1136    1137    
303    0.00017400000000000000102    1.9999999999999998248e-05    0.00012799999999999999421    10    0    249    268    292    292    306    308    332    332    406    0    1    131    963    1024    1096    1097    1138    1139    1140    1141    1142    
304    4.999999999999999562e-05    7.3999999999999996228e-05    0.00012799999999999999421    21    201    202    226    231    247    264    273    274    280    280    284    307    316    320    325    339    339    350    382    397    404    0    0    819    821    898    916    958    1015    1043    1045    1065    1066    1079    1143    1144    1145    1146    1147    1148    1149    1150    1151    1152    
305    7.2000000000000001824e-05    0.00015300000000000000557    0.00012799999999999999421    35    233    233    250    257    262    262    263    275    280    280    282    282    293    301    302    309    312    321    322    322    329    334    355    365    379    380    380    380    383    383    383    398    398    398    438    0    0    923    924    969    985    1005    1006    1009    1049    1067    1068    1075    1076    1100    1131    1134    1153    1154    1155    1156    1157    1158    1159    1160    1161    1162    1163    1164    1165    1166    1167    1168    1169    1170    1171    1172    
306    0.00019799999999999998808    1.6999999999999999866e-05    0.00012899999999999999141    3    0    303    318    0    1    132    1138    1173    
307    1.4999999999999998686e-05    6.20000000000000027e-05    0.00012899999999999999141    3    -1    304    325    1    0    51    1143    1174    
308    0.00019300000000000000207    4.4999999999999996058e-05    0.00012999999999999998861    8    0    249    279    286    303    328    332    333    0    1    133    964    1060    1084    1139    1175    1176    1177    
309    0.0001240000000000000054    0.00014400000000000000365    0.00012999999999999998861    4    275    305    310    334    0    0    1050    1153    1178    1179    
310    0.00015199999999999998126    0.00015300000000000000557    0.00012999999999999998861    15    228    265    271    275    281    298    298    298    309    327    334    344    344    375    380    0    0    909    1017    1035    1051    1073    1118    1119    1120    1178    1180    1181    1182    1183    1184    1185    
311    9.9999999999999995475e-07    0.00017099999999999998231    0.00012999999999999998861    1    -1    1    0    52    
312    6.3999999999999997104e-05    0.00018599999999999999455    0.00013099999999999998581    5    276    293    302    305    365    0    0    1055    1101    1135    1154    1186    
313    9.9999999999999995475e-07    9.9999999999999995475e-07    0.00013199999999999998302    3    -1    267    294    1    0    53    1021    1103    
314    0.0001029999999999999964    7.499999999999999343e-05    0.00013199999999999998302    7    258    299    300    315    315    339    347    0    0    991    1127    1129    1187    1188    1189    1190    
315    0.00013199999999999998302    7.7000000000000001386e-05    0.00013199999999999998302    10    269    297    301    314    314    328    328    336    338    371    0    0    1031    1115    1132    1187    1188    1191    1192    1193    1194    1195    
316    9.999999999999999124e-06    9.3999999999999994476e-05    0.00013199999999999998302    12    -1    -1    -1    -1    244    274    280    304    322    341    353    373    1    0    54    55    56    57    952    1046    1069    1144    1196    1197    1198    1199    
317    0.00018899999999999998615    0.00019699999999999999087    0.00013199999999999998302    4    0    0    240    327    0    1    134    135    940    1200    
318    0.00018999999999999998336    3.999999999999999819e-06    0.00013300000000000000732    5    0    249    268    306    346    0    1    136    965    1025    1173    1201    
319    0.00014799999999999999246    2.9999999999999997372e-05    0.00013300000000000000732    3    261    261    328    0    0    998    999    1202    
320    5.0999999999999999598e-05    4.2999999999999994878e-05    0.00013400000000000000452    2    284    304    0    0    1080    1145    
321    4.999999999999999562e-05    0.00011899999999999999229    0.00013500000000000000173    5    280    305    322    383    383    0    0    1070    1155    1203    1204    1205    
322    1.29999999999999992e-05    0.00013999999999999998774    0.00013599999999999999893    16    -1    -1    -1    236    244    262    282    305    305    316    321    330    341    373    396    419    1    0    58    59    60    929    953    1007    1077    1156    1157    1196    1203    1206    1207    1208    1209    1210    
323    0.00017899999999999998703    0.00013999999999999998774    0.00013599999999999999893    4    271    298    326    362    0    0    1036    1121    1211    1212    
324    0.00015999999999999998598    3.999999999999999819e-06    0.00013699999999999999613    9    268    292    332    343    349    356    372    372    415    0    0    1026    1098    1213    1214    1215    1216    1217    1218    1219    
325    2.699999999999999899e-05    5.0999999999999999598e-05    0.00013899999999999999053    7    256    304    307    331    331    353    397    0    0    981    1146    1174    1220    1221    1222    1223    
326    0.00019599999999999999367    0.00013500000000000000173    0.00013899999999999999053    5    0    0    271    323    362    0    1    137    138    1037    1211    1224    
327    0.0001640000000000000019    0.00019200000000000000486    0.00013999999999999998774    11    0    265    310    317    334    344    348    364    364    400    403    0    1    139    1018    1180    1200    1225    1226    1227    1228    1229    1230    1231    
328    0.00014400000000000000365    5.4999999999999995182e-05    0.00014099999999999998494    18    237    261    261    261    279    297    298    308    315    315    319    332    332    347    347    370    377    385    0    0    933    1000    1001    1002    1061    1116    1122    1175    1191    1192    1202    1232    1233    1234    1235    1236    1237    1238    
329    9.6999999999999999634e-05    0.00012100000000000000024    0.00014099999999999998494    7    301    305    334    338    342    374    387    0    0    1133    1158    1239    1240    1241    1242    1243    
330    1.4999999999999998686e-05    0.0001649999999999999991    0.00014099999999999998494    10    -1    302    322    345    345    355    355    376    376    396    1    0    61    1136    1206    1244    1245    1246    1247    1248    1249    1250    
331    3.3999999999999999732e-05    2.699999999999999899e-05    0.00014199999999999998214    7    256    277    294    325    325    368    392    0    0    982    1058    1104    1220    1221    1251    1252    
332    0.00017499999999999999822    3.4999999999999996934e-05    0.00014300000000000000645    10    303    303    308    324    328    328    333    349    377    389    0    0    1140    1141    1176    1213    1232    1233    1253    1254    1255    1256    
333    0.00019799999999999998808    4.2999999999999994878e-05    0.00014300000000000000645    4    0    308    332    361    0    1    140    1177    1253    1257    
334    0.00012999999999999998861    0.00015099999999999998406    0.00014300000000000000645    11    298    305    309    310    327    329    338    352    354    380    387    0    0    1123    1159    1179    1181    1225    1239    1258    1259    1260    1261    1262    
335    9.2999999999999997274e-05    9.999999999999999124e-06    0.00014500000000000000085    1    357    0    0    1263    
336    0.0001649999999999999991    7.7000000000000001386e-05    0.00014500000000000000085    4    315    337    340    370    0    0    1193    1264    1265    1266    
337    0.00017999999999999998423    9.2999999999999997274e-05    0.00014500000000000000085    13    0    0    286    298    336    340    351    361    361    371    409    440    440    0    1    141    142    1085    1124    1264    1267    1268    1269    1270    1271    1272    1273    1274    
338    0.00013199999999999998302    0.00011499999999999998993    0.00014599999999999999805    8    297    315    329    334    342    371    386    387    0    0    1117    1194    1240    1258    1275    1276    1277    1278    
339    9.0999999999999989318e-05    6.3999999999999997104e-05    0.00014699999999999999525    12    299    300    304    304    314    347    360    360    401    404    404    422    0    0    1128    1130    1147    1148    1189    1279    1280    1281    1282    1283    1284    1285    
340    0.00017599999999999999542    7.099999999999999107e-05    0.00014799999999999999246    4    336    337    361    370    0    0    1265    1267    1286    1287    
341    3.8999999999999999294e-05    0.0001039999999999999936    0.00014799999999999999246    7    280    316    322    383    404    404    405    0    0    1071    1197    1207    1288    1289    1290    1291    
342    9.4999999999999991678e-05    0.00011100000000000000112    0.00014799999999999999246    5    329    338    374    386    404    0    0    1241    1275    1292    1293    1294    
343    0.00013899999999999999053    3.000000000000000076e-06    0.00014899999999999998966    4    292    324    356    357    0    0    1099    1214    1295    1296    
344    0.00017300000000000000382    0.0001649999999999999991    0.00014899999999999998966    11    0    310    310    327    364    388    399    403    403    424    424    0    1    143    1182    1183    1226    1297    1298    1299    1300    1301    1302    1303    
345    2.499999999999999781e-05    0.00019499999999999999647    0.00014899999999999998966    5    290    330    330    366    435    0    0    1092    1244    1245    1304    1305    
346    0.00019899999999999998528    3.000000000000000076e-06    0.00014999999999999998686    2    0    318    0    1    144    1201    
347    0.00011699999999999999788    4.999999999999999562e-05    0.00015099999999999998406    8    291    314    328    328    339    360    385    385    0    0    1094    1190    1234    1235    1279    1306    1307    1308    
348    0.00015400000000000000277    0.00019200000000000000486    0.00015099999999999998406    6    295    295    327    358    403    407    0    0    1110    1111    1227    1309    1310    1311    
349    0.00017999999999999998423    2.1999999999999999428e-05    0.00015199999999999998126    3    324    332    372    0    0    1215    1254    1312    
350    2.0999999999999998838e-05    8.299999999999999815e-05    0.00015199999999999998126    6    304    353    373    382    397    423    0    0    1149    1313    1314    1315    1316    1317    
351    0.00019899999999999998528    0.00011999999999999998949    0.00015199999999999998126    2    0    337    0    1    145    1268    
352    0.00014300000000000000645    0.00015699999999999999438    0.00015199999999999998126    4    334    354    403    414    0    0    1259    1318    1319    1320    
353    6.000000000000000152e-06    7.099999999999999107e-05    0.00015300000000000000557    7    -1    316    325    350    392    397    420    1    0    62    1198    1222    1313    1321    1322    1323    
354    0.0001250000000000000026    0.00016300000000000000469    0.00015300000000000000557    6    334    352    380    387    387    403    0    0    1260    1318    1324    1325    1326    1327    
355    4.6000000000000000036e-05    0.0001640000000000000019    0.00015300000000000000557    9    282    305    330    330    366    376    376    379    398    0    0    1078    1160    1246    1247    1328    1329    1330    1331    1332    
356    0.00014899999999999998966    1.0999999999999999714e-05    0.00015400000000000000277    4    324    343    357    415    0    0    1216    1295    1333    1334    
357    0.00012100000000000000024    1.4999999999999998686e-05    0.00015400000000000000277    13    291    335    343    356    369    369    377    408    411    411    415    445    458    0    0    1095    1263    1296    1333    1335    1336    1337    1338    1339    1340    1341    1342    1343    
358    0.00010999999999999999036    0.00018799999999999998895    0.00015400000000000000277    6    241    295    348    365    380    407    0    0    941    1112    1309    1344    1345    1346    
359    4.8999999999999998418e-05    3.3999999999999999732e-05    0.00015499999999999999997    0    0    0    
360    9.6000000000000002432e-05    4.6000000000000000036e-05    0.00015499999999999999997    6    339    339    347    368    369    417    0    0    1280    1281    1306    1347    1348    1349    
361    0.00019200000000000000486    6.2999999999999999902e-05    0.00015499999999999999997    7    0    0    333    337    337    340    389    0    1    146    147    1257    1269    1270    1286    1350    
362    0.00019599999999999999367    0.00014199999999999998214    0.00015599999999999999718    6    0    323    326    363    378    450    0    1    148    1212    1224    1351    1352    1353    
363    0.00019499999999999999647    0.00016099999999999998319    0.00015599999999999999718    7    0    0    0    362    364    399    427    0    1    149    150    151    1351    1354    1355    1356    
364    0.00019599999999999999367    0.00017799999999999998983    0.00015599999999999999718    8    0    0    327    327    344    363    399    400    0    1    152    153    1228    1229    1297    1354    1357    1358    
365    8.4999999999999992554e-05    0.00018799999999999998895    0.00015599999999999999718    9    302    305    312    358    380    393    428    428    438    0    0    1137    1161    1186    1344    1359    1360    1361    1362    1363    
366    4.8000000000000001216e-05    0.00019499999999999999647    0.00015599999999999999718    4    345    355    393    435    0    0    1304    1328    1364    1365    
367    5.399999999999999798e-05    7.999999999999999638e-06    0.00015699999999999999438    9    294    368    397    397    417    425    442    442    442    0    0    1105    1366    1367    1368    1369    1370    1371    1372    1373    
368    6.7999999999999999464e-05    1.8999999999999997658e-05    0.00015699999999999999438    5    289    331    360    367    417    0    0    1090    1251    1347    1366    1374    
369    9.999999999999999124e-05    2.9999999999999997372e-05    0.00015699999999999999438    4    357    357    360    445    0    0    1335    1336    1348    1375    
370    0.00015999999999999998598    7.9999999999999992992e-05    0.00015699999999999999438    8    328    336    340    371    377    385    431    440    0    0    1236    1266    1287    1376    1377    1378    1379    1380    
371    0.00015599999999999999718    9.999999999999999124e-05    0.00015799999999999999158    5    298    315    337    338    370    0    0    1125    1195    1271    1276    1376    
372    0.00017899999999999998703    6.999999999999999895e-06    0.00015899999999999998878    6    324    324    349    406    415    429    0    0    1217    1218    1312    1381    1382    1383    
373    1.0999999999999999714e-05    0.00010699999999999999876    0.00016099999999999998319    8    -1    316    322    350    405    419    423    423    1    0    63    1199    1208    1314    1384    1385    1386    1387    
374    9.4999999999999991678e-05    0.00011199999999999999832    0.00016099999999999998319    7    329    342    383    384    387    404    426    0    0    1242    1292    1388    1389    1390    1391    1392    
375    0.00016099999999999998319    0.00013300000000000000732    0.00016099999999999998319    4    298    310    409    414    0    0    1126    1184    1393    1394    
376    1.8000000000000000456e-05    0.00016899999999999998791    0.00016099999999999998319    7    330    330    355    355    396    402    435    0    0    1248    1249    1329    1330    1395    1396    1397    
377    0.0001640000000000000019    5.0999999999999999598e-05    0.00016199999999999998039    7    328    332    357    370    389    415    439    0    0    1237    1255    1337    1377    1398    1399    1400    
378    0.00018300000000000000294    0.00013999999999999998774    0.00016199999999999998039    3    362    388    450    0    0    1352    1401    1402    
379    4.4999999999999996058e-05    0.00014599999999999999805    0.00016199999999999998039    5    305    355    383    395    441    0    0    1162    1331    1403    1404    1405    
380    0.00010600000000000000156    0.00017199999999999997951    0.00016300000000000000469    18    275    293    295    305    305    305    310    334    354    358    365    387    398    403    428    456    456    462    0    0    1052    1102    1113    1163    1164    1165    1185    1261    1324    1345    1359    1406    1407    1408    1409    1410    1411    1412    
381    5.9999999999999994744e-05    0.00017699999999999999263    0.00016300000000000000469    0    0    0    
382    3.8999999999999999294e-05    7.9999999999999992992e-05    0.0001640000000000000019    4    304    350    404    418    0    0    1150    1315    1413    1414    
383    5.8999999999999997542e-05    0.00012100000000000000024    0.0001640000000000000019    16    305    305    305    321    321    341    374    379    384    384    395    398    398    404    405    426    0    0    1166    1167    1168    1204    1205    1288    1388    1403    1415    1416    1417    1418    1419    1420    1421    1422    
384    7.7999999999999998588e-05    0.0001250000000000000026    0.0001640000000000000019    5    374    383    383    398    426    0    0    1389    1415    1416    1423    1424    
385    0.00013699999999999999613    7.099999999999999107e-05    0.0001649999999999999991    8    328    347    347    370    386    401    412    431    0    0    1238    1307    1308    1378    1425    1426    1427    1428    
386    0.00010899999999999999316    8.9999999999999992116e-05    0.0001649999999999999991    11    338    342    385    401    401    404    412    431    431    443    443    0    0    1277    1293    1425    1429    1430    1431    1432    1433    1434    1435    1436    
387    0.00012100000000000000024    0.00013199999999999998302    0.0001649999999999999991    12    329    334    338    354    354    374    380    414    414    426    456    456    0    0    1243    1262    1278    1325    1326    1390    1406    1437    1438    1439    1440    1441    
388    0.00017999999999999998423    0.00015099999999999998406    0.0001649999999999999991    3    344    378    399    0    0    1298    1401    1442    
389    0.00018300000000000000294    4.1999999999999997676e-05    0.0001659999999999999963    9    0    332    361    377    406    415    439    440    460    0    1    154    1256    1350    1398    1443    1444    1445    1446    1447    
390    8.2000000000000000948e-05    9.999999999999999124e-05    0.0001659999999999999963    0    0    0    
391    4.4999999999999996058e-05    0.00016999999999999998511    0.0001659999999999999963    0    0    0    
392    6.000000000000000152e-06    4.1000000000000000474e-05    0.0001669999999999999935    9    -1    -1    294    331    353    397    397    465    476    1    0    64    65    1106    1252    1321    1448    1449    1450    1451    
393    5.800000000000000034e-05    0.00019499999999999999647    0.0001669999999999999935    3    365    366    451    0    0    1360    1364    1452    
394    0.00017599999999999999542    2.900000000000000017e-05    0.0001679999999999999907    0    0    0    
395    4.2999999999999994878e-05    0.00013500000000000000173    0.0001679999999999999907    6    379    383    434    441    441    471    0    0    1404    1417    1453    1454    1455    1456    
396    1.6999999999999999866e-05    0.00014999999999999998686    0.0001679999999999999907    10    -1    322    330    376    402    413    419    441    441    463    1    0    66    1209    1250    1395    1457    1458    1459    1460    1461    1462    
397    3.6999999999999998114e-05    5.399999999999999798e-05    0.00016899999999999998791    18    294    294    304    325    350    353    367    367    392    392    417    417    417    430    436    436    465    476    0    0    1107    1108    1151    1223    1316    1322    1367    1368    1448    1449    1463    1464    1465    1466    1467    1468    1469    1470    
398    6.7000000000000002262e-05    0.00014799999999999999246    0.00016899999999999998791    11    305    305    305    355    380    383    383    384    434    438    462    0    0    1169    1170    1171    1332    1407    1418    1419    1423    1471    1472    1473    
399    0.00018499999999999999735    0.0001649999999999999991    0.00016899999999999998791    7    344    363    364    388    427    450    450    0    0    1299    1355    1357    1442    1474    1475    1476    
400    0.00018400000000000000014    0.00018699999999999999175    0.00016899999999999998791    5    327    364    432    473    474    0    0    1230    1358    1477    1478    1479    
401    9.2999999999999997274e-05    7.3999999999999996228e-05    0.00016999999999999998511    9    339    385    386    386    412    412    412    422    443    0    0    1282    1426    1429    1430    1480    1481    1482    1483    1484    
402    6.999999999999999895e-06    0.00017199999999999997951    0.00016999999999999998511    3    376    396    453    0    0    1396    1457    1485    
403    0.00013799999999999999333    0.00017499999999999999822    0.00016999999999999998511    12    327    344    344    348    352    354    380    407    421    424    428    456    0    0    1231    1300    1301    1310    1319    1327    1408    1486    1487    1488    1489    1490    
404    5.8999999999999997542e-05    9.2999999999999997274e-05    0.00017099999999999998231    18    280    304    339    339    341    341    342    374    382    383    386    405    422    426    443    443    468    479    0    0    1072    1152    1283    1284    1289    1290    1294    1391    1413    1420    1431    1491    1492    1493    1494    1495    1496    1497    
405    3.6000000000000000912e-05    0.00010999999999999999036    0.00017099999999999998231    9    341    373    383    404    413    423    447    461    468    0    0    1291    1384    1421    1491    1498    1499    1500    1501    1502    
406    0.00019300000000000000207    3.100000000000000135e-05    0.00017199999999999997951    8    0    0    303    372    389    416    439    457    0    1    155    156    1142    1381    1443    1503    1504    1505    
407    0.00013300000000000000732    0.00019200000000000000486    0.00017199999999999997951    5    348    358    403    421    428    0    0    1311    1346    1486    1506    1507    
408    0.00014999999999999998686    3.1999999999999998552e-05    0.00017300000000000000382    2    357    439    0    0    1338    1508    
409    0.00017400000000000000102    0.00012199999999999999744    0.00017300000000000000382    7    337    375    414    448    452    452    469    0    0    1272    1393    1509    1510    1511    1512    1513    
410    9.000000000000000228e-06    0    0.00017400000000000000102    0    0    0    
411    0.00013199999999999998302    4.999999999999999562e-06    0.00017499999999999999822    6    357    357    415    415    458    475    0    0    1339    1340    1514    1515    1516    1517    
412    0.0001250000000000000026    6.7000000000000002262e-05    0.00017499999999999999822    9    385    386    401    401    401    422    431    433    445    0    0    1427    1432    1480    1481    1482    1518    1519    1520    1521    
413    1.8000000000000000456e-05    0.00013099999999999998581    0.00017499999999999999822    7    396    405    419    423    441    446    455    0    0    1458    1498    1522    1523    1524    1525    1526    
414    0.00014899999999999998966    0.00013599999999999999893    0.00017499999999999999822    10    352    375    387    387    409    444    444    448    456    481    0    0    1320    1394    1437    1438    1509    1527    1528    1529    1530    1531    
415    0.00015899999999999998878    1.0999999999999999714e-05    0.00017699999999999999263    10    324    356    357    372    377    389    411    411    439    475    0    0    1219    1334    1341    1382    1399    1444    1514    1515    1532    1533    
416    0.00019599999999999999367    2.3000000000000000018e-05    0.00017699999999999999263    3    0    406    429    0    1    157    1503    1534    
417    6.7000000000000002262e-05    3.2999999999999995754e-05    0.00017799999999999998983    12    360    367    368    397    397    397    422    425    430    466    466    466    0    0    1349    1369    1374    1463    1464    1465    1535    1536    1537    1538    1539    1540    
418    3.100000000000000135e-05    7.3999999999999996228e-05    0.00017799999999999998983    3    382    423    430    0    0    1414    1541    1542    
419    9.000000000000000228e-06    0.00013699999999999999613    0.00017799999999999998983    10    -1    -1    -1    -1    322    373    396    413    455    455    1    0    67    68    69    70    1210    1385    1459    1522    1543    1544    
420    1.9999999999999999095e-06    6.7999999999999999464e-05    0.00017899999999999998703    2    -1    353    1    0    71    1323    
421    0.00014599999999999999805    0.00019300000000000000207    0.00017899999999999998703    5    403    407    484    485    487    0    0    1487    1506    1545    1546    1547    
422    8.0999999999999990194e-05    6.5999999999999991508e-05    0.00017999999999999998423    9    339    401    404    412    417    443    445    466    477    0    0    1285    1483    1492    1518    1535    1548    1549    1550    1551    
423    6.999999999999999895e-06    9.2999999999999997274e-05    0.00017999999999999998423    9    -1    350    373    373    405    413    418    446    461    1    0    72    1317    1386    1387    1499    1523    1541    1552    1553    
424    0.00015699999999999999438    0.0001679999999999999907    0.00017999999999999998423    6    344    344    403    456    472    481    0    0    1302    1303    1488    1554    1555    1556    
425    6.8999999999999996666e-05    1.8000000000000000456e-05    0.00018099999999999998143    3    367    417    442    0    0    1370    1536    1557    
426    9.7999999999999996836e-05    0.00013199999999999998302    0.00018099999999999998143    10    374    383    384    387    404    443    443    456    462    468    0    0    1392    1422    1424    1439    1493    1558    1559    1560    1561    1562    
427    0.00019599999999999999367    0.00017099999999999998231    0.00018099999999999998143    5    0    363    399    450    473    0    1    158    1356    1474    1563    1564    
428    0.00010899999999999999316    0.00017999999999999998423    0.00018099999999999998143    6    365    365    380    403    407    456    0    0    1361    1362    1409    1489    1507    1565    
429    0.00019200000000000000486    6.999999999999999895e-06    0.00018199999999999997864    4    0    372    416    457    0    1    159    1383    1534    1566    
430    3.9999999999999996496e-05    6.8999999999999996666e-05    0.00018300000000000000294    7    397    417    418    465    476    477    479    0    0    1466    1537    1542    1567    1568    1569    1570    
431    0.00014199999999999998214    9.2999999999999997274e-05    0.00018300000000000000294    12    370    385    386    386    412    433    433    437    443    444    445    478    0    0    1379    1428    1433    1434    1519    1571    1572    1573    1574    1575    1576    1577    
432    0.00017300000000000000382    0.00019699999999999999087    0.00018300000000000000294    1    400    0    0    1477    
433    0.00014599999999999999805    5.6999999999999996362e-05    0.00018400000000000000014    6    412    431    431    439    439    445    0    0    1520    1571    1572    1578    1579    1580    
434    5.0999999999999999598e-05    0.00015899999999999998878    0.00018499999999999999735    5    395    398    435    441    480    0    0    1453    1471    1581    1582    1583    
435    5.19999999999999968e-05    0.00016999999999999998511    0.00018499999999999999735    6    345    366    376    434    451    463    0    0    1305    1365    1397    1581    1584    1585    
436    6.999999999999999895e-06    6.999999999999999895e-06    0.00018599999999999999455    5    -1    294    397    397    476    1    0    73    1109    1467    1468    1586    
437    0.0001659999999999999963    9.6999999999999999634e-05    0.00018599999999999999455    7    431    440    452    452    452    469    478    0    0    1573    1587    1588    1589    1590    1591    1592    
438    7.3999999999999996228e-05    0.00017199999999999997951    0.00018599999999999999455    6    305    365    398    451    456    462    0    0    1172    1363    1472    1593    1594    1595    
439    0.00017599999999999999542    3.9999999999999996496e-05    0.00018699999999999999175    14    377    389    406    408    415    433    433    440    457    458    460    460    475    478    0    0    1400    1445    1504    1508    1532    1578    1579    1596    1597    1598    1599    1600    1601    1602    
440    0.00018599999999999999455    7.899999999999999579e-05    0.00018699999999999999175    11    0    337    337    370    389    437    439    452    452    460    483    0    1    160    1273    1274    1380    1446    1587    1596    1603    1604    1605    1606    
441    3.6000000000000000912e-05    0.00015099999999999998406    0.00018699999999999999175    9    379    395    395    396    396    413    434    463    471    0    0    1405    1454    1455    1460    1461    1524    1582    1607    1608    
442    7.899999999999999579e-05    6.000000000000000152e-06    0.00018799999999999998895    5    367    367    367    425    458    0    0    1371    1372    1373    1557    1609    
443    8.8999999999999994914e-05    8.3999999999999995352e-05    0.00018799999999999998895    12    386    386    401    404    404    422    426    426    431    466    467    468    0    0    1435    1436    1484    1494    1495    1548    1558    1559    1574    1610    1611    1612    
444    0.00013099999999999998581    0.00013199999999999998302    0.00018799999999999998895    5    414    414    431    467    481    0    0    1527    1528    1575    1613    1614    
445    0.00010799999999999999596    4.999999999999999562e-05    0.00018899999999999998615    8    357    369    412    422    431    433    458    466    0    0    1342    1375    1521    1549    1576    1580    1615    1616    
446    1.0999999999999999714e-05    0.00010100000000000000199    0.00018899999999999998615    6    -1    -1    413    423    455    461    1    0    74    75    1525    1552    1617    1618    
447    4.8999999999999998418e-05    0.00012100000000000000024    0.00018899999999999998615    7    405    461    468    470    471    480    480    0    0    1500    1619    1620    1621    1622    1623    1624    
448    0.00016300000000000000469    0.00013999999999999998774    0.00018899999999999998615    4    409    414    450    481    0    0    1510    1529    1625    1626    
449    1.9999999999999999095e-06    0.00015300000000000000557    0.00018899999999999998615    1    -1    1    0    76    
450    0.00019499999999999999647    0.00015400000000000000277    0.00018899999999999998615    11    0    0    0    362    378    399    399    427    448    472    472    0    1    161    162    163    1353    1402    1475    1476    1563    1625    1627    1628    
451    6.2999999999999999902e-05    0.00018300000000000000294    0.00018899999999999998615    3    393    435    438    0    0    1452    1584    1593    
452    0.00019300000000000000207    0.00011100000000000000112    0.00018999999999999998336    8    0    409    409    437    437    437    440    440    0    1    164    1511    1512    1588    1589    1590    1603    1604    
453    3.999999999999999819e-06    0.00019300000000000000207    0.00018999999999999998336    5    -1    402    463    463    463    1    0    77    1485    1629    1630    1631    
454    6.9999999999999993868e-05    4.999999999999999562e-05    0.00019099999999999998056    0    0    0    
455    7.999999999999999638e-06    0.00011799999999999999508    0.00019099999999999998056    7    -1    413    419    419    446    461    461    1    0    78    1526    1543    1544    1617    1632    1633    
456    0.00010899999999999999316    0.00016300000000000000469    0.00019099999999999998056    12    380    380    387    387    403    414    424    426    428    438    462    481    0    0    1410    1411    1440    1441    1490    1530    1554    1560    1565    1594    1634    1635    
457    0.00017699999999999999263    6.000000000000000152e-06    0.00019200000000000000486    4    0    406    429    439    0    1    165    1505    1566    1597    
458    0.00011600000000000000068    7.999999999999999638e-06    0.00019200000000000000486    6    357    411    439    442    445    475    0    0    1343    1516    1598    1609    1615    1636    
459    7.2000000000000001824e-05    4.8000000000000001216e-05    0.00019200000000000000486    0    0    0    
460    0.00019399999999999999927    5.599999999999999916e-05    0.00019200000000000000486    6    0    389    439    439    440    483    0    1    166    1447    1599    1600    1605    1637    
461    3.7999999999999995316e-05    0.00010999999999999999036    0.00019200000000000000486    7    405    423    446    447    455    455    479    0    0    1501    1553    1618    1619    1632    1633    1638    
462    8.3999999999999995352e-05    0.00015599999999999999718    0.00019200000000000000486    6    380    398    426    438    456    480    0    0    1412    1473    1561    1595    1634    1639    
463    1.4999999999999998686e-05    0.00016899999999999998791    0.00019200000000000000486    10    -1    -1    -1    396    435    441    453    453    453    486    1    0    79    80    81    1462    1585    1607    1629    1630    1631    1640    
464    9.2000000000000000072e-05    2.699999999999999899e-05    0.00019300000000000000207    0    0    0    
465    1.4999999999999998686e-05    5.0999999999999999598e-05    0.00019300000000000000207    5    -1    392    397    430    476    1    0    82    1450    1469    1567    1641    
466    8.7999999999999997712e-05    5.9999999999999994744e-05    0.00019300000000000000207    7    417    417    417    422    443    445    468    0    0    1538    1539    1540    1550    1610    1616    1642    
467    0.00011100000000000000112    0.00010899999999999999316    0.00019300000000000000207    2    443    444    0    0    1611    1613    
468    7.7999999999999998588e-05    0.00010999999999999999036    0.00019300000000000000207    8    404    405    426    443    447    466    470    477    0    0    1496    1502    1562    1612    1620    1642    1643    1644    
469    0.00015899999999999998878    0.00010999999999999999036    0.00019300000000000000207    2    409    437    0    0    1513    1591    
470    6.9999999999999993868e-05    0.00012699999999999999701    0.00019300000000000000207    3    447    468    480    0    0    1621    1643    1645    
471    3.100000000000000135e-05    0.00014099999999999998494    0.00019300000000000000207    3    395    441    447    0    0    1456    1608    1622    
472    0.0001669999999999999935    0.00017699999999999999263    0.00019300000000000000207    5    424    450    450    473    487    0    0    1555    1627    1628    1646    1647    
473    0.00018199999999999997864    0.00018899999999999998615    0.00019300000000000000207    4    400    427    472    474    0    0    1478    1564    1646    1648    
474    0.00019699999999999999087    0.00019499999999999999647    0.00019300000000000000207    3    0    400    473    0    1    167    1479    1648    
475    0.00014300000000000000645    6.999999999999999895e-06    0.00019399999999999999927    4    411    415    439    458    0    0    1517    1533    1601    1636    
476    2.0999999999999998838e-05    3.7999999999999995316e-05    0.00019399999999999999927    6    -1    392    397    430    436    465    1    0    83    1451    1470    1568    1586    1641    
477    6.0999999999999998722e-05    6.4999999999999994306e-05    0.00019499999999999999647    3    422    430    468    0    0    1551    1569    1644    
478    0.00015599999999999999718    7.5999999999999990632e-05    0.00019499999999999999647    3    431    437    439    0    0    1577    1592    1602    
479    4.8999999999999998418e-05    8.7999999999999997712e-05    0.00019499999999999999647    3    404    430    461    0    0    1497    1570    1638    
480    6.20000000000000027e-05    0.00013999999999999998774    0.00019499999999999999647    5    434    447    447    462    470    0    0    1583    1623    1624    1639    1645    
481    0.00014500000000000000085    0.00015699999999999999438    0.00019499999999999999647    5    414    424    444    448    456    0    0    1531    1556    1614    1626    1635    
482    4.8000000000000001216e-05    0    0.00019599999999999999367    0    0    0    
483    0.00019799999999999998808    5.9999999999999994744e-05    0.00019599999999999999367    3    0    440    460    0    1    168    1606    1637    
484    0.00013999999999999998774    0.0001659999999999999963    0.00019699999999999999087    1    421    0    0    1545    
485    0.00012100000000000000024    0.00018899999999999998615    0.00019699999999999999087    1    421    0    0    1546    
486    2.0999999999999998838e-05    0.00019699999999999999087    0.00019699999999999999087    1    463    0    0    1640    
487    0.00016199999999999998039    0.00019799999999999998808    0.00019799999999999998808    2    421    472    0    0    1547    1647    
488    2.3000000000000000018e-05    9.9999999999999995475e-07    0.00019899999999999998528    0    0    0    
489    9.9999999999999995475e-07    0.00016300000000000000469    0.00019899999999999998528    1    -1    1    0    84    
