60    9.999999999999999124e-05    9.999999999999999124e-05    9.999999999999999124e-05
1    3.1999999999999998552e-05    7.499999999999999343e-05    1.9999999999999999095e-06    1    -1    1    0    1    
2    1.9999999999999999095e-06    9.6999999999999999634e-05    1.9999999999999999095e-06    3    -1    5    13    1    0    2    38    39    
3    9.4999999999999991678e-05    4.4999999999999996058e-05    3.000000000000000076e-06    3    -1    7    22    1    0    3    40    41    
4    7.499999999999999343e-05    3.2999999999999995754e-05    3.999999999999999819e-06    5    -1    10    22    26    26    1    0    4    42    43    44    45    
5    1.5999999999999999276e-05    8.7999999999999997712e-05    3.999999999999999819e-06    5    -1    2    12    16    20    1    0    5    38    46    47    48    
6    7.3999999999999996228e-05    6.2999999999999999902e-05    4.999999999999999562e-06    4    -1    10    12    22    1    0    6    49    50    51    
7    9.6999999999999999634e-05    6.20000000000000027e-05    6.000000000000000152e-06    3    -1    3    12    1    0    7    40    52    
8    9.3999999999999994476e-05    8.2000000000000000948e-05    7.999999999999999638e-06    1    12    0    0    53    
9    4.8999999999999998418e-05    4.999999999999999562e-06    9.999999999999999124e-06    4    -1    14    15    26    1    0    8    54    55    56    
10    5.3000000000000000778e-05    5.800000000000000034e-05    9.999999999999999124e-06    10    -1    4    6    11    11    12    13    20    22    26    1    0    9    42    49    57    58    59    60    61    62    63    
11    2.3000000000000000018e-05    6.20000000000000027e-05    1.2000000000000000304e-05    6    -1    -1    10    10    13    20    1    0    10    11    57    58    64    65    
12    5.6999999999999996362e-05    9.2000000000000000072e-05    1.2000000000000000304e-05    9    -1    5    6    7    8    10    19    19    22    1    0    12    46    50    52    53    59    66    67    68    
13    7.999999999999999638e-06    4.6999999999999997238e-05    1.4999999999999998686e-05    10    -1    -1    -1    2    10    11    15    17    18    28    1    0    13    14    15    39    60    64    69    70    71    72    
14    9.3999999999999994476e-05    4.999999999999999562e-06    1.6999999999999999866e-05    2    -1    9    1    0    16    54    
15    2.799999999999999958e-05    1.5999999999999999276e-05    1.8000000000000000456e-05    7    -1    -1    9    13    17    25    26    1    0    17    18    55    69    73    74    75    
16    1.0999999999999999714e-05    9.2000000000000000072e-05    1.8999999999999997658e-05    5    5    20    21    31    31    0    0    47    76    77    78    79    
17    9.000000000000000228e-06    1.2000000000000000304e-05    2.1999999999999999428e-05    4    -1    13    15    28    1    0    19    70    73    80    
18    3.999999999999999819e-06    6.8999999999999996666e-05    2.3000000000000000018e-05    2    13    21    0    0    71    81    
19    7.2000000000000001824e-05    9.2000000000000000072e-05    2.4000000000000000608e-05    6    -1    12    12    22    30    32    1    0    20    66    67    82    83    84    
20    2.9999999999999997372e-05    8.7999999999999997712e-05    2.499999999999999781e-05    8    5    10    11    16    21    30    30    31    0    0    48    61    65    76    85    86    87    88    
21    1.29999999999999992e-05    7.9999999999999992992e-05    2.699999999999999899e-05    3    16    18    20    0    0    77    81    85    
22    8.700000000000000051e-05    5.9999999999999994744e-05    3.3999999999999999732e-05    9    3    4    6    10    12    19    26    27    30    0    0    41    43    51    62    68    82    89    90    91    
23    6.5999999999999991508e-05    2.0999999999999998838e-05    3.6000000000000000912e-05    4    26    26    33    35    0    0    92    93    94    95    
24    0    9.9999999999999995475e-07    3.8999999999999999294e-05    0    0    0    
25    3.100000000000000135e-05    1.29999999999999992e-05    4.1000000000000000474e-05    7    15    26    28    28    33    38    45    0    0    74    96    97    98    99    100    101    
26    5.0999999999999999598e-05    2.59999999999999984e-05    4.1000000000000000474e-05    13    -1    4    4    9    10    15    22    23    23    25    28    30    33    1    0    21    44    45    56    63    75    89    92    93    96    102    103    104    
27    8.9999999999999992116e-05    3.7999999999999995316e-05    4.6999999999999997238e-05    6    22    30    33    40    44    55    0    0    90    105    106    107    108    109    
28    2.3000000000000000018e-05    4.3999999999999998856e-05    4.8999999999999998418e-05    11    13    17    25    25    26    30    30    34    38    38    42    0    0    72    80    97    98    102    110    111    112    113    114    115    
29    1.0999999999999999714e-05    3.000000000000000076e-06    5.19999999999999968e-05    1    38    0    0    116    
30    5.3000000000000000778e-05    7.2999999999999999026e-05    5.19999999999999968e-05    19    19    20    20    22    26    27    28    28    31    31    31    33    34    36    41    42    42    42    49    0    0    83    86    87    91    103    105    110    111    117    118    119    120    121    122    123    124    125    126    127    
31    1.29999999999999992e-05    9.0999999999999989318e-05    5.19999999999999968e-05    7    16    16    20    30    30    30    34    0    0    78    79    88    117    118    119    128    
32    9.2999999999999997274e-05    9.3999999999999994476e-05    5.6999999999999996362e-05    5    19    36    36    39    44    0    0    84    129    130    131    132    
33    6.4999999999999994306e-05    1.29999999999999992e-05    6.0999999999999998722e-05    9    23    25    26    27    30    35    40    43    45    0    0    94    99    104    106    120    133    134    135    136    
34    9.000000000000000228e-06    6.3999999999999997104e-05    6.3999999999999997104e-05    7    28    30    31    38    38    48    54    0    0    112    121    128    137    138    139    140    
35    8.8999999999999994914e-05    1.2000000000000000304e-05    6.4999999999999994306e-05    4    23    33    40    52    0    0    95    133    141    142    
36    6.8999999999999996666e-05    8.9999999999999992116e-05    6.7999999999999999464e-05    4    30    32    32    41    0    0    122    129    130    143    
37    4.2999999999999994878e-05    2.900000000000000017e-05    6.8999999999999996666e-05    3    42    42    45    0    0    144    145    146    
38    6.999999999999999895e-06    3.1999999999999998552e-05    6.8999999999999996666e-05    7    25    28    28    29    34    34    45    0    0    100    113    114    116    137    138    147    
39    8.0999999999999990194e-05    7.899999999999999579e-05    6.8999999999999996666e-05    2    32    44    0    0    131    148    
40    8.4999999999999992554e-05    2.3000000000000000018e-05    7.7999999999999998588e-05    7    27    33    35    43    49    52    52    0    0    107    134    141    149    150    151    152    
41    5.4999999999999995182e-05    7.7999999999999998588e-05    7.7999999999999998588e-05    7    30    36    47    50    50    53    56    0    0    123    143    153    154    155    156    157    
42    4.1999999999999997676e-05    4.8999999999999998418e-05    7.899999999999999579e-05    11    28    30    30    30    37    37    47    49    49    49    54    0    0    115    124    125    126    144    145    158    159    160    161    162    
43    5.3000000000000000778e-05    7.999999999999999638e-06    8.2000000000000000948e-05    8    0    0    33    40    45    45    54    59    0    1    22    23    135    149    163    164    165    166    
44    9.3999999999999994476e-05    8.700000000000000051e-05    8.2000000000000000948e-05    4    27    32    39    53    0    0    108    132    148    167    
45    1.8000000000000000456e-05    9.000000000000000228e-06    8.3999999999999995352e-05    9    0    0    25    33    37    38    43    43    54    0    1    24    25    101    136    146    147    163    164    168    
46    4.999999999999999562e-06    8.700000000000000051e-05    8.3999999999999995352e-05    2    48    48    0    0    169    170    
47    4.8000000000000001216e-05    6.9999999999999993868e-05    8.4999999999999992554e-05    5    41    42    48    56    58    0    0    153    158    171    172    173    
48    2.3000000000000000018e-05    7.7000000000000001386e-05    8.4999999999999992554e-05    6    0    34    46    46    47    58    0    1    26    139    169    170    171    174    
49    5.9999999999999994744e-05    4.6000000000000000036e-05    8.700000000000000051e-05    7    30    40    42    42    42    54    55    0    0    127    150    159    160    161    175    176    
50    7.5999999999999990632e-05    9.6000000000000002432e-05    8.7999999999999997712e-05    3    41    41    53    0    0    154    155    177    
51    9.4999999999999991678e-05    5.800000000000000034e-05    8.8999999999999994914e-05    1    57    0    0    178    
52    8.5999999999999989756e-05    2.3000000000000000018e-05    9.2999999999999997274e-05    5    0    35    40    40    59    0    1    27    142    151    152    179    
53    8.9999999999999992116e-05    8.9999999999999992116e-05    9.2999999999999997274e-05    5    0    41    44    50    56    0    1    28    156    167    177    180    
54    2.59999999999999984e-05    3.3999999999999999732e-05    9.3999999999999994476e-05    10    0    0    0    34    42    43    45    49    58    60    0    1    29    30    31    140    162    165    168    175    181    182    
55    6.8999999999999996666e-05    6.3999999999999997104e-05    9.6000000000000002432e-05    5    0    27    49    56    57    0    1    32    109    176    183    184    
56    5.6999999999999996362e-05    7.2000000000000001824e-05    9.6000000000000002432e-05    5    0    41    47    53    55    0    1    33    157    172    180    183    
57    8.7999999999999997712e-05    4.6999999999999997238e-05    9.6999999999999999634e-05    3    0    51    55    0    1    34    178    184    
58    3.3999999999999999732e-05    6.5999999999999991508e-05    9.6999999999999999634e-05    4    0    47    48    54    0    1    35    173    174    181    
59    6.4999999999999994306e-05    6.000000000000000152e-06    9.7999999999999996836e-05    3    0    43    52    0    1    36    166    179    
60    1.29999999999999992e-05    2.3000000000000000018e-05    9.7999999999999996836e-05    2    0    54    0    1    37    182    
