207    0.00014999999999999998686    0.00014999999999999998686    0.00014999999999999998686
1    0    0.00013899999999999999053    0    0    0    0    
2    0.00014599999999999999805    5.0999999999999999598e-05    9.9999999999999995475e-07    1    35    0    0    69    
3    0.00014799999999999999246    7.499999999999999343e-05    9.9999999999999995475e-07    0    0    0    
4    9.9999999999999995475e-07    0.00014999999999999998686    9.9999999999999995475e-07    1    0    0    1    35    
5    2.4000000000000000608e-05    0.00014799999999999999246    1.9999999999999999095e-06    2    0    45    0    1    36    70    
6    0.00014599999999999999805    6.000000000000000152e-06    3.000000000000000076e-06    4    -1    11    11    28    1    0    1    71    72    73    
7    9.3999999999999994476e-05    4.6000000000000000036e-05    3.000000000000000076e-06    3    17    38    55    0    0    74    75    76    
8    3.2999999999999995754e-05    7.5999999999999990632e-05    3.000000000000000076e-06    0    0    0    
9    1.9999999999999998248e-05    0.00012699999999999999701    3.000000000000000076e-06    1    45    0    0    77    
10    0.00012100000000000000024    0.00014099999999999998494    3.000000000000000076e-06    4    0    15    34    34    0    1    37    78    79    80    
11    0.00013599999999999999893    2.1999999999999999428e-05    3.999999999999999819e-06    4    6    6    28    35    0    0    71    72    81    82    
12    7.3999999999999996228e-05    6.3999999999999997104e-05    3.999999999999999819e-06    3    22    25    55    0    0    83    84    85    
13    0.00011600000000000000068    8.4999999999999992554e-05    3.999999999999999819e-06    3    20    23    32    0    0    86    87    88    
14    1.5999999999999999276e-05    8.8999999999999994914e-05    3.999999999999999819e-06    4    22    26    39    44    0    0    89    90    91    92    
15    8.8999999999999994914e-05    0.00012999999999999998861    3.999999999999999819e-06    6    0    10    19    22    24    31    0    1    38    78    93    94    95    96    
16    4.6999999999999997238e-05    0.00014500000000000000085    4.999999999999999562e-06    3    0    19    45    0    1    39    97    98    
17    0.0001019999999999999992    4.1999999999999997676e-05    6.000000000000000152e-06    4    7    18    28    37    0    0    74    99    100    101    
18    0.00011600000000000000068    5.4999999999999995182e-05    6.000000000000000152e-06    3    17    37    37    0    0    99    102    103    
19    7.3999999999999996228e-05    0.00013899999999999999053    6.000000000000000152e-06    7    0    0    15    16    22    45    62    0    1    40    41    93    97    104    105    106    
20    9.3999999999999994476e-05    8.299999999999999815e-05    6.999999999999999895e-06    3    13    22    55    0    0    86    107    108    
21    4.999999999999999562e-05    4.999999999999999562e-06    7.999999999999999638e-06    4    -1    28    36    65    1    0    2    109    110    111    
22    4.3999999999999998856e-05    9.7999999999999996836e-05    7.999999999999999638e-06    15    12    14    15    19    20    24    24    25    26    38    45    49    54    55    56    0    0    83    89    94    104    107    112    113    114    115    116    117    118    119    120    121    
23    0.00013099999999999998581    9.8999999999999994038e-05    7.999999999999999638e-06    8    13    24    32    32    33    34    34    50    0    0    87    122    123    124    125    126    127    128    
24    0.00010899999999999999316    0.00010999999999999999036    7.999999999999999638e-06    7    15    22    22    23    33    52    56    0    0    95    112    113    122    129    130    131    
25    5.3000000000000000778e-05    5.8999999999999997542e-05    9.000000000000000228e-06    9    12    22    27    27    30    44    55    65    65    0    0    84    114    132    133    134    135    136    137    138    
26    1.0999999999999999714e-05    0.00011299999999999999552    9.999999999999999124e-06    4    14    22    29    30    0    0    90    115    139    140    
27    2.3000000000000000018e-05    6.2999999999999999902e-05    1.0999999999999999714e-05    4    25    25    30    44    0    0    132    133    141    142    
28    0.00010999999999999999036    9.999999999999999124e-06    1.29999999999999992e-05    10    -1    6    11    17    21    35    37    47    59    67    1    0    3    73    81    100    109    143    144    145    146    147    
29    3.000000000000000076e-06    0.0001240000000000000054    1.29999999999999992e-05    1    26    0    0    139    
30    7.999999999999999638e-06    4.8000000000000001216e-05    1.399999999999999979e-05    7    25    26    27    36    41    42    74    0    0    134    140    141    148    149    150    151    
31    9.6000000000000002432e-05    0.00014400000000000000365    1.399999999999999979e-05    3    0    15    51    0    1    42    96    152    
32    0.00013699999999999999613    7.5999999999999990632e-05    1.4999999999999998686e-05    7    13    23    23    35    38    38    83    0    0    88    123    124    153    154    155    156    
33    0.0001240000000000000054    0.00010600000000000000156    1.4999999999999998686e-05    4    23    24    34    50    0    0    125    129    157    158    
34    0.00014099999999999998494    0.00011399999999999999272    1.4999999999999998686e-05    7    10    10    23    23    33    50    57    0    0    79    80    126    127    157    159    160    
35    0.00014500000000000000085    3.8999999999999999294e-05    1.5999999999999999276e-05    6    2    11    28    32    43    47    0    0    69    82    143    153    161    162    
36    2.799999999999999958e-05    1.6999999999999999866e-05    1.6999999999999999866e-05    6    -1    21    30    41    64    65    1    0    4    110    148    163    164    165    
37    0.00012100000000000000024    4.6999999999999997238e-05    1.6999999999999999866e-05    8    17    18    18    28    43    53    53    55    0    0    101    102    103    144    166    167    168    169    
38    0.00011499999999999998993    7.2000000000000001824e-05    1.6999999999999999866e-05    6    7    22    32    32    53    55    0    0    75    116    154    155    170    171    
39    1.0999999999999999714e-05    9.2999999999999997274e-05    1.8000000000000000456e-05    6    14    44    48    60    60    92    0    0    91    172    173    174    175    176    
40    0.00013300000000000000732    0.00014300000000000000645    1.9999999999999998248e-05    5    0    51    52    57    57    0    1    43    177    178    179    180    
41    9.000000000000000228e-06    1.29999999999999992e-05    2.0999999999999998838e-05    4    -1    30    36    74    1    0    5    149    163    181    
42    3.999999999999999819e-06    6.9999999999999993868e-05    2.1999999999999999428e-05    2    30    48    0    0    150    182    
43    0.00013899999999999999053    4.999999999999999562e-05    2.4000000000000000608e-05    5    35    37    47    53    53    0    0    161    166    183    184    185    
44    2.9999999999999997372e-05    8.8999999999999994914e-05    2.4000000000000000608e-05    10    14    25    27    39    48    60    66    81    81    92    0    0    92    135    142    172    186    187    188    189    190    191    
45    2.499999999999999781e-05    0.00014300000000000000645    2.4000000000000000608e-05    12    0    5    9    16    19    22    54    54    60    66    66    68    0    1    44    70    77    98    105    117    192    193    194    195    196    197    
46    0.00014799999999999999246    6.000000000000000152e-06    2.499999999999999781e-05    2    -1    63    1    0    6    198    
47    0.00013599999999999999893    2.0999999999999998838e-05    2.499999999999999781e-05    8    28    35    43    67    69    84    89    103    0    0    145    162    183    199    200    201    202    203    
48    1.29999999999999992e-05    8.0999999999999990194e-05    2.59999999999999984e-05    3    39    42    44    0    0    173    182    186    
49    6.20000000000000027e-05    0.00010100000000000000199    2.59999999999999984e-05    10    22    50    54    54    55    66    81    85    88    88    0    0    118    204    205    206    207    208    209    210    211    212    
50    0.0001259999999999999998    0.0001019999999999999992    2.799999999999999958e-05    5    23    33    34    49    83    0    0    128    158    159    204    213    
51    0.00011799999999999999508    0.00014500000000000000085    2.799999999999999958e-05    7    0    31    40    52    52    56    93    0    1    45    152    177    214    215    216    217    
52    0.00012100000000000000024    0.0001250000000000000026    2.900000000000000017e-05    9    24    40    51    51    57    76    77    83    86    0    0    130    178    214    215    218    219    220    221    222    
53    0.00012899999999999999141    6.20000000000000027e-05    2.9999999999999997372e-05    12    37    37    38    43    43    59    70    71    72    80    80    89    0    0    167    168    170    184    185    223    224    225    226    227    228    229    
54    6.4999999999999994306e-05    0.00013099999999999998581    3.100000000000000135e-05    8    22    45    45    49    49    56    62    66    0    0    119    192    193    205    206    230    231    232    
55    8.700000000000000051e-05    6.0999999999999998722e-05    3.2999999999999995754e-05    15    7    12    20    22    25    37    38    49    59    65    65    71    72    73    81    0    0    76    85    108    120    136    169    171    207    233    234    235    236    237    238    239    
56    9.3999999999999994476e-05    0.00012699999999999999701    3.2999999999999995754e-05    7    22    24    51    54    75    88    93    0    0    121    131    216    230    240    241    242    
57    0.00014400000000000000365    0.00013899999999999999053    3.3999999999999999732e-05    9    0    0    34    40    40    52    77    86    93    0    1    46    47    160    179    180    218    243    244    245    
58    6.5999999999999991508e-05    2.1999999999999999428e-05    3.4999999999999996934e-05    6    -1    65    65    78    87    94    1    0    7    246    247    248    249    250    
59    0.0001049999999999999908    4.6000000000000000036e-05    3.6000000000000000912e-05    6    28    53    55    67    72    73    0    0    146    223    233    251    252    253    
60    4.999999999999999562e-06    0.00011699999999999999788    3.6999999999999998114e-05    6    39    39    44    45    92    92    0    0    174    175    187    194    254    255    
61    9.9999999999999995475e-07    9.9999999999999995475e-07    3.7999999999999995316e-05    1    -1    1    0    8    
62    6.8999999999999996666e-05    0.00014599999999999999805    3.7999999999999995316e-05    4    0    19    54    98    0    1    48    106    231    256    
63    0.00014799999999999999246    1.2000000000000000304e-05    3.8999999999999999294e-05    2    46    103    0    0    198    257    
64    3.100000000000000135e-05    1.399999999999999979e-05    3.9999999999999996496e-05    8    -1    36    65    74    74    87    101    118    1    0    9    164    258    259    260    261    262    263    
65    5.0999999999999999598e-05    2.699999999999999899e-05    3.9999999999999996496e-05    12    21    25    25    36    55    55    58    58    64    74    81    87    0    0    111    137    138    165    234    235    246    247    258    264    265    266    
66    5.19999999999999968e-05    0.00011100000000000000112    3.9999999999999996496e-05    10    44    45    45    49    54    81    88    92    98    98    0    0    188    195    196    208    232    267    268    269    270    271    
67    0.00010600000000000000156    3.3999999999999999732e-05    4.1000000000000000474e-05    5    28    47    59    69    73    0    0    147    199    251    272    273    
68    9.000000000000000228e-06    0.00014699999999999999525    4.1000000000000000474e-05    2    0    45    0    1    49    197    
69    0.00012100000000000000024    9.999999999999999124e-06    4.2999999999999994878e-05    4    -1    47    67    84    1    0    10    200    272    274    
70    0.00011999999999999998949    7.2999999999999999026e-05    4.2999999999999994878e-05    3    53    71    72    0    0    224    275    276    
71    0.00011100000000000000112    7.499999999999999343e-05    4.3999999999999998856e-05    4    53    55    70    72    0    0    225    236    275    277    
72    0.00011899999999999999229    5.599999999999999916e-05    4.4999999999999996058e-05    6    53    55    59    70    71    89    0    0    226    237    252    276    277    278    
73    9.0999999999999989318e-05    3.6999999999999998114e-05    4.6000000000000000036e-05    11    55    59    67    81    84    87    89    94    110    125    132    0    0    238    253    273    279    280    281    282    283    284    285    286    
74    2.3000000000000000018e-05    4.4999999999999996058e-05    4.8000000000000001216e-05    11    30    41    64    64    65    81    81    91    101    101    109    0    0    151    181    259    260    264    287    288    289    290    291    292    
75    9.3999999999999994476e-05    0.00012100000000000000024    4.8000000000000001216e-05    5    56    76    88    90    93    0    0    240    293    294    295    296    
76    0.00011499999999999998993    0.0001250000000000000026    4.8999999999999998418e-05    4    52    75    86    121    0    0    219    293    297    298    
77    0.00014599999999999999805    0.00013099999999999998581    4.8999999999999998418e-05    3    52    57    86    0    0    220    243    299    
78    6.8999999999999996666e-05    3.999999999999999819e-06    4.999999999999999562e-05    3    -1    58    87    1    0    11    248    300    
79    1.0999999999999999714e-05    3.000000000000000076e-06    5.0999999999999999598e-05    2    -1    101    1    0    12    301    
80    0.00014099999999999998494    6.9999999999999993868e-05    5.0999999999999999598e-05    2    53    53    0    0    227    228    
81    5.3000000000000000778e-05    7.3999999999999996228e-05    5.0999999999999999598e-05    20    44    44    49    55    65    66    73    74    74    87    91    92    92    92    99    107    109    109    109    122    0    0    189    190    209    239    265    267    279    287    288    302    303    304    305    306    307    308    309    310    311    312    
82    9.999999999999999124e-06    0.00013300000000000000732    5.19999999999999968e-05    2    92    98    0    0    313    314    
83    0.00012899999999999999141    9.7999999999999996836e-05    5.599999999999999916e-05    7    32    50    52    85    85    96    97    0    0    156    213    221    315    316    317    318    
84    0.00010799999999999999596    1.399999999999999979e-05    5.6999999999999996362e-05    5    47    69    73    94    103    0    0    201    274    280    319    320    
85    9.4999999999999991678e-05    9.6000000000000002432e-05    5.800000000000000034e-05    10    49    83    83    88    95    97    99    99    102    110    0    0    210    315    316    321    322    323    324    325    326    327    
86    0.00012299999999999998109    0.00013999999999999998774    5.800000000000000034e-05    9    0    52    57    76    77    93    93    93    121    0    1    50    222    244    297    299    328    329    330    331    
87    6.4999999999999994306e-05    1.399999999999999979e-05    5.9999999999999994744e-05    11    -1    58    64    65    73    78    81    94    106    113    118    1    0    13    249    261    266    281    300    302    332    333    334    335    
88    7.3999999999999996228e-05    0.00011999999999999998949    6.0999999999999998722e-05    9    49    49    56    66    75    85    90    93    111    0    0    211    212    241    268    294    321    336    337    338    
89    0.00012699999999999999701    5.19999999999999968e-05    6.20000000000000027e-05    5    47    53    72    73    104    0    0    202    229    278    282    339    
90    8.8999999999999994914e-05    0.00011499999999999998993    6.20000000000000027e-05    4    75    88    93    95    0    0    295    336    340    341    
91    9.000000000000000228e-06    6.4999999999999994306e-05    6.2999999999999999902e-05    7    74    81    92    101    101    120    130    0    0    289    303    342    343    344    345    346    
92    2.3000000000000000018e-05    9.6000000000000002432e-05    6.2999999999999999902e-05    16    39    44    60    60    66    81    81    81    82    91    98    98    98    111    117    126    0    0    176    191    254    255    269    304    305    306    313    342    347    348    349    350    351    352    
93    9.6000000000000002432e-05    0.00014199999999999998214    6.3999999999999997104e-05    14    0    0    51    56    57    75    86    86    86    88    90    121    121    138    0    1    51    52    217    242    245    296    328    329    330    337    340    353    354    355    
94    8.9999999999999992116e-05    1.29999999999999992e-05    6.4999999999999994306e-05    11    -1    -1    58    73    84    87    103    106    108    124    128    1    0    14    15    250    283    319    332    356    357    358    359    360    
95    0.00010100000000000000199    0.00010100000000000000199    6.4999999999999994306e-05    6    85    90    110    121    123    134    0    0    322    341    361    362    363    364    
96    0.00014300000000000000645    9.4999999999999991678e-05    6.5999999999999991508e-05    3    83    97    129    0    0    317    365    366    
97    0.0001250000000000000026    9.7999999999999996836e-05    6.5999999999999991508e-05    9    83    85    96    104    110    112    121    121    129    0    0    318    323    365    367    368    369    370    371    372    
98    2.799999999999999958e-05    0.00013599999999999999893    6.5999999999999991508e-05    10    0    62    66    66    82    92    92    92    111    126    0    1    53    256    270    271    314    347    348    349    373    374    
99    6.8999999999999996666e-05    9.0999999999999989318e-05    6.7000000000000002262e-05    4    81    85    85    107    0    0    307    324    325    375    
100    4.2999999999999994878e-05    2.9999999999999997372e-05    6.7999999999999999464e-05    3    109    109    118    0    0    376    377    378    
101    6.999999999999999895e-06    3.2999999999999995754e-05    6.7999999999999999464e-05    7    64    74    74    79    91    91    118    0    0    262    290    291    301    343    344    379    
102    8.0999999999999990194e-05    7.9999999999999992992e-05    6.7999999999999999464e-05    2    85    110    0    0    326    380    
103    0.00012999999999999998861    2.1999999999999999428e-05    6.8999999999999996666e-05    6    47    63    84    94    108    152    0    0    203    257    320    356    381    382    
104    0.0001250000000000000026    7.099999999999999107e-05    6.8999999999999996666e-05    6    89    97    112    112    125    129    0    0    339    367    383    384    385    386    
105    0.00014799999999999999246    0.00013500000000000000173    6.9999999999999993868e-05    0    0    0    
106    8.4999999999999992554e-05    2.4000000000000000608e-05    7.7000000000000001386e-05    9    87    94    108    108    113    122    125    128    128    0    0    333    357    387    388    389    390    391    392    393    
107    5.4999999999999995182e-05    7.899999999999999579e-05    7.7000000000000001386e-05    7    81    99    116    116    119    133    134    0    0    308    375    394    395    396    397    398    
108    0.0001250000000000000026    2.900000000000000017e-05    7.7999999999999998588e-05    10    94    103    106    106    124    136    143    143    152    159    0    0    358    381    387    388    399    400    401    402    403    404    
109    4.1999999999999997676e-05    4.999999999999999562e-05    7.7999999999999998588e-05    11    74    81    81    81    100    100    119    122    122    122    130    0    0    292    309    310    311    376    377    405    406    407    408    409    
110    0.0001019999999999999992    8.9999999999999992116e-05    7.7999999999999998588e-05    8    73    85    95    97    102    112    131    134    0    0    284    327    361    368    380    410    411    412    
111    6.20000000000000027e-05    0.00012299999999999998109    7.7999999999999998588e-05    10    0    88    92    98    116    123    126    126    135    138    0    1    54    338    350    373    413    414    415    416    417    418    
112    0.00011699999999999999788    8.4999999999999992554e-05    8.0999999999999990194e-05    7    97    104    104    110    125    129    150    0    0    369    383    384    410    419    420    421    
113    5.3000000000000000778e-05    7.999999999999999638e-06    8.2000000000000000948e-05    9    -1    87    106    118    118    130    148    151    163    1    0    16    334    389    422    423    424    425    426    427    
114    0.00014300000000000000645    6.2999999999999999902e-05    8.299999999999999815e-05    2    129    143    0    0    428    429    
115    4.999999999999999562e-06    8.7999999999999997712e-05    8.299999999999999815e-05    2    120    127    0    0    430    431    
116    6.5999999999999991508e-05    0.00010899999999999999316    8.299999999999999815e-05    8    107    107    111    123    126    134    134    161    0    0    394    395    413    432    433    434    435    436    
117    6.000000000000000152e-06    0.0001250000000000000026    8.299999999999999815e-05    4    92    126    139    141    0    0    351    437    438    439    
118    1.29999999999999992e-05    6.000000000000000152e-06    8.3999999999999995352e-05    11    -1    -1    64    87    100    101    113    113    130    156    156    1    0    17    18    263    335    378    379    422    423    440    441    442    
119    4.8000000000000001216e-05    7.099999999999999107e-05    8.3999999999999995352e-05    5    107    109    120    133    181    0    0    396    405    443    444    445    
120    2.3000000000000000018e-05    7.7999999999999998588e-05    8.3999999999999995352e-05    5    91    115    119    144    181    0    0    345    430    443    446    447    
121    0.0001250000000000000026    0.00013300000000000000732    8.4999999999999992554e-05    13    0    0    76    86    93    93    95    97    97    131    131    162    183    0    1    55    56    298    331    353    354    362    370    371    448    449    450    451    
122    5.9999999999999994744e-05    4.6999999999999997238e-05    8.5999999999999989756e-05    7    81    106    109    109    109    130    132    0    0    312    390    406    407    408    452    453    
123    9.2000000000000000072e-05    0.0001240000000000000054    8.5999999999999989756e-05    6    95    111    116    131    134    138    0    0    363    414    432    454    455    456    
124    0.00012699999999999999701    6.999999999999999895e-06    8.7999999999999997712e-05    5    -1    94    108    136    147    1    0    19    359    399    457    458    
125    0.00010100000000000000199    5.9999999999999994744e-05    8.7999999999999997712e-05    8    73    104    106    112    137    143    143    157    0    0    285    385    391    419    459    460    461    462    
126    3.2999999999999995754e-05    0.0001259999999999999998    8.7999999999999997712e-05    11    92    98    111    111    116    117    135    139    141    153    153    0    0    352    374    415    416    433    437    463    464    465    466    467    
127    6.999999999999999895e-06    9.999999999999999124e-05    8.8999999999999994914e-05    2    115    141    0    0    431    468    
128    8.5999999999999989756e-05    2.4000000000000000608e-05    9.2000000000000000072e-05    5    94    106    106    148    159    0    0    360    392    393    469    470    
129    0.00013099999999999998581    7.7000000000000001386e-05    9.2000000000000000072e-05    7    96    97    104    112    114    150    177    0    0    366    372    386    420    428    471    472    
130    2.59999999999999984e-05    3.6000000000000000912e-05    9.3999999999999994476e-05    11    91    109    113    118    122    140    146    149    163    175    181    0    0    346    409    424    440    452    473    474    475    476    477    478    
131    0.00011899999999999999229    0.00010899999999999999316    9.3999999999999994476e-05    8    110    121    121    123    134    158    162    177    0    0    411    448    449    454    479    480    481    482    
132    6.8999999999999996666e-05    6.4999999999999994306e-05    9.4999999999999991678e-05    5    73    122    133    137    155    0    0    286    453    483    484    485    
133    5.6999999999999996362e-05    7.2999999999999999026e-05    9.4999999999999991678e-05    5    107    119    132    134    181    0    0    397    444    483    486    487    
134    9.4999999999999991678e-05    0.0001029999999999999964    9.4999999999999991678e-05    10    95    107    110    116    116    123    131    133    150    180    0    0    364    398    412    434    435    455    479    486    488    489    
135    4.999999999999999562e-05    0.00013400000000000000452    9.4999999999999991678e-05    9    0    111    126    142    153    161    174    174    174    0    1    57    417    463    490    491    492    493    494    495    
136    0.00014199999999999998214    6.000000000000000152e-06    9.6000000000000002432e-05    5    -1    108    124    152    173    1    0    20    400    457    496    497    
137    8.7999999999999997712e-05    4.8000000000000001216e-05    9.6000000000000002432e-05    3    125    132    159    0    0    459    484    498    
138    8.700000000000000051e-05    0.00013500000000000000173    9.6000000000000002432e-05    6    0    0    93    111    123    154    0    1    58    59    355    418    456    499    
139    6.000000000000000152e-06    0.00014300000000000000645    9.6000000000000002432e-05    5    0    117    126    153    192    0    1    60    438    464    500    501    
140    1.2000000000000000304e-05    5.4999999999999995182e-05    0.00010100000000000000199    4    130    144    146    146    0    0    473    502    503    504    
141    1.8000000000000000456e-05    0.00012100000000000000024    0.0001019999999999999992    9    117    126    127    144    144    153    161    186    192    0    0    439    465    468    505    506    507    508    509    510    
142    3.8999999999999999294e-05    0.00014699999999999999525    0.0001019999999999999992    1    135    0    0    490    
143    0.00011399999999999999272    4.6000000000000000036e-05    0.0001039999999999999936    9    108    108    114    125    125    152    152    157    159    0    0    401    402    429    460    461    511    512    513    514    
144    1.8000000000000000456e-05    8.0999999999999990194e-05    0.0001039999999999999936    5    120    140    141    141    181    0    0    446    502    505    506    515    
145    0.00014799999999999999246    5.800000000000000034e-05    0.00010600000000000000156    0    0    0    
146    4.999999999999999562e-06    3.6999999999999998114e-05    0.00010699999999999999876    5    130    140    140    149    175    0    0    474    503    504    516    517    
147    0.0001019999999999999992    3.999999999999999819e-06    0.00010799999999999999596    4    -1    124    148    172    1    0    21    458    518    519    
148    7.899999999999999579e-05    7.999999999999999638e-06    0.00010799999999999999596    13    -1    -1    -1    -1    113    128    147    151    159    163    170    171    171    1    0    22    23    24    25    425    469    518    520    521    522    523    524    525    
149    2.0999999999999998838e-05    3.6999999999999998114e-05    0.00010799999999999999596    5    130    146    175    194    197    0    0    475    516    526    527    528    
150    0.00010999999999999999036    8.8999999999999994914e-05    0.00011100000000000000112    9    112    129    134    157    160    165    177    179    184    0    0    421    471    488    529    530    531    532    533    534    
151    6.3999999999999997104e-05    6.000000000000000152e-06    0.00011199999999999999832    8    -1    113    148    163    170    170    171    195    1    0    26    426    520    535    536    537    538    539    
152    0.00013799999999999999333    2.900000000000000017e-05    0.00011199999999999999832    10    103    108    136    143    143    159    172    172    173    190    0    0    382    403    496    511    512    540    541    542    543    544    
153    2.4000000000000000608e-05    0.00013400000000000000452    0.00011199999999999999832    9    126    126    135    139    141    161    174    174    192    0    0    466    467    491    500    507    545    546    547    548    
154    9.8999999999999994038e-05    0.00014400000000000000365    0.00011199999999999999832    4    0    138    162    174    0    1    61    499    549    550    
155    7.099999999999999107e-05    5.6999999999999996362e-05    0.00011299999999999999552    7    132    160    163    167    168    170    181    0    0    485    551    552    553    554    555    556    
156    6.999999999999999895e-06    3.999999999999999819e-06    0.00011499999999999998993    6    -1    118    118    175    188    204    1    0    27    441    442    557    558    559    
157    0.00010899999999999999316    5.599999999999999916e-05    0.00011499999999999998993    8    125    143    150    159    168    177    178    185    0    0    462    513    529    560    561    562    563    564    
158    0.00014400000000000000365    0.00012299999999999998109    0.00011499999999999998993    3    131    177    193    0    0    480    565    566    
159    9.999999999999999124e-05    2.59999999999999984e-05    0.00011600000000000000068    10    108    128    137    143    148    152    157    168    170    172    0    0    404    470    498    514    521    540    560    567    568    569    
160    7.5999999999999990632e-05    8.2000000000000000948e-05    0.00011600000000000000068    5    150    155    165    179    181    0    0    530    551    570    571    572    
161    2.799999999999999958e-05    0.00010899999999999999316    0.00011600000000000000068    7    116    135    141    153    165    181    186    0    0    436    492    508    545    573    574    575    
162    0.00011799999999999999508    0.00013799999999999999333    0.00011600000000000000068    9    0    0    121    131    154    169    174    180    183    0    1    62    63    450    481    549    576    577    578    579    
163    5.6999999999999996362e-05    1.9999999999999998248e-05    0.00011699999999999999788    8    113    130    148    151    155    170    195    197    0    0    427    476    522    535    552    580    581    582    
164    0    7.9999999999999992992e-05    0.00011699999999999999788    0    0    0    
165    7.3999999999999996228e-05    0.0001049999999999999908    0.00011899999999999999229    14    150    160    161    174    174    179    179    180    181    181    186    191    203    205    0    0    531    570    573    583    584    585    586    587    588    589    590    591    592    593    
166    0    3.9999999999999996496e-05    0.00012100000000000000024    0    0    0    
167    5.9999999999999994744e-05    5.4999999999999995182e-05    0.00012100000000000000024    3    155    181    189    0    0    553    594    595    
168    9.2000000000000000072e-05    5.4999999999999995182e-05    0.00012100000000000000024    4    155    157    159    178    0    0    554    561    567    596    
169    9.4999999999999991678e-05    0.00012799999999999999421    0.00012100000000000000024    2    162    180    0    0    576    597    
170    6.9999999999999993868e-05    1.9999999999999998248e-05    0.00012199999999999999744    8    148    151    151    155    159    163    171    176    0    0    523    536    537    555    568    580    598    599    
171    7.5999999999999990632e-05    6.999999999999999895e-06    0.00012299999999999998109    8    -1    148    148    151    170    195    197    201    1    0    28    524    525    538    598    600    601    602    
172    0.00011299999999999999552    2.1999999999999999428e-05    0.00012299999999999998109    9    -1    -1    147    152    152    159    173    200    202    1    0    29    30    519    541    542    569    603    604    605    
173    0.00013199999999999998302    1.8999999999999997658e-05    0.0001240000000000000054    5    -1    136    152    172    187    1    0    31    497    543    603    606    
174    5.0999999999999999598e-05    0.00014300000000000000645    0.0001240000000000000054    19    0    135    135    135    153    153    154    162    165    165    180    183    191    191    192    192    192    196    196    0    1    64    493    494    495    546    547    550    577    583    584    607    608    609    610    611    612    613    614    615    
175    1.8999999999999997658e-05    2.1999999999999999428e-05    0.0001250000000000000026    8    130    146    149    156    188    195    197    197    0    0    477    517    526    557    616    617    618    619    
176    5.9999999999999994744e-05    3.6000000000000000912e-05    0.0001259999999999999998    1    170    0    0    599    
177    0.00014099999999999998494    9.3999999999999994476e-05    0.0001259999999999999998    7    129    131    150    157    158    185    198    0    0    472    482    532    562    565    620    621    
178    0.00010100000000000000199    6.3999999999999997104e-05    0.00012699999999999999701    4    157    168    184    199    0    0    563    596    622    623    
179    8.2000000000000000948e-05    8.8999999999999994914e-05    0.00012699999999999999701    6    150    160    165    165    184    199    0    0    533    571    585    586    624    625    
180    0.00010799999999999999596    0.00011499999999999998993    0.00012699999999999999701    7    134    162    165    169    174    185    196    0    0    489    578    587    597    607    626    627    
181    4.8999999999999998418e-05    7.499999999999999343e-05    0.00012799999999999999421    18    119    120    130    133    144    155    160    161    165    165    167    182    186    186    189    194    194    199    0    0    445    447    478    487    515    556    572    574    588    589    594    628    629    630    631    632    633    634    
182    1.399999999999999979e-05    6.2999999999999999902e-05    0.00012899999999999999141    2    181    194    0    0    628    635    
183    0.00012299999999999998109    0.00014500000000000000085    0.00012999999999999998861    6    0    121    162    174    193    196    0    1    65    451    579    608    636    637    
184    0.0001019999999999999992    7.5999999999999990632e-05    0.00013199999999999998302    7    150    178    179    185    185    199    202    0    0    534    622    624    638    639    640    641    
185    0.00013099999999999998581    7.7999999999999998588e-05    0.00013199999999999998302    8    157    177    180    184    184    190    190    198    0    0    564    620    626    638    639    642    643    644    
186    9.000000000000000228e-06    9.4999999999999991678e-05    0.00013199999999999998302    8    141    161    165    181    181    192    194    203    0    0    509    575    590    629    630    645    646    647    
187    0.00014599999999999999805    3.100000000000000135e-05    0.00013300000000000000732    2    173    190    0    0    606    648    
188    2.3000000000000000018e-05    3.000000000000000076e-06    0.00013400000000000000452    4    -1    156    175    204    1    0    32    558    616    649    
189    4.999999999999999562e-05    4.3999999999999998856e-05    0.00013400000000000000452    2    167    181    0    0    595    631    
190    0.00014199999999999998214    5.3000000000000000778e-05    0.00013500000000000000173    5    152    185    185    187    202    0    0    544    642    643    648    650    
191    4.8999999999999998418e-05    0.00011999999999999998949    0.00013500000000000000173    4    165    174    174    192    0    0    591    609    610    651    
192    1.2000000000000000304e-05    0.00014099999999999998494    0.00013599999999999999893    10    0    139    141    153    174    174    174    186    191    203    0    1    66    501    510    548    611    612    613    645    651    652    
193    0.00014099999999999998494    0.00014599999999999999805    0.00013799999999999999333    5    0    158    183    196    198    0    1    67    566    636    653    654    
194    2.59999999999999984e-05    5.19999999999999968e-05    0.00013899999999999999053    7    149    181    181    182    186    197    197    0    0    527    632    633    635    646    655    656    
195    5.0999999999999999598e-05    6.000000000000000152e-06    0.00013999999999999998774    7    -1    151    163    171    175    197    197    1    0    33    539    581    600    617    657    658    
196    9.6000000000000002432e-05    0.00012199999999999999744    0.00014099999999999998494    8    0    174    174    180    183    193    198    205    0    1    68    614    615    627    637    653    659    660    
197    3.2999999999999995754e-05    2.799999999999999958e-05    0.00014199999999999998214    9    149    163    171    175    175    194    194    195    195    0    0    528    582    601    618    619    655    656    657    658    
198    0.00013199999999999998302    0.00011399999999999999272    0.00014199999999999998214    4    177    185    193    196    0    0    621    644    654    659    
199    9.2999999999999997274e-05    6.2999999999999999902e-05    0.00014300000000000000645    7    178    179    181    184    201    202    205    0    0    623    625    634    640    661    662    663    
200    9.2000000000000000072e-05    1.0999999999999999714e-05    0.00014500000000000000085    1    172    0    0    604    
201    8.0999999999999990194e-05    4.1000000000000000474e-05    0.00014500000000000000085    2    171    199    0    0    602    661    
202    0.00011299999999999999552    4.8000000000000001216e-05    0.00014500000000000000085    4    172    184    190    199    0    0    605    641    650    662    
203    3.7999999999999995316e-05    0.00010600000000000000156    0.00014500000000000000085    3    165    186    192    0    0    592    647    652    
204    1.4999999999999998686e-05    1.9999999999999999095e-06    0.00014699999999999999525    3    -1    156    188    1    0    34    559    649    
205    6.8999999999999996666e-05    8.4999999999999992554e-05    0.00014699999999999999525    3    165    196    199    0    0    593    660    663    
206    0    1.0999999999999999714e-05    0.00014899999999999998966    0    0    0    
207    5.9999999999999994744e-05    2.900000000000000017e-05    0.00014899999999999998966    0    0    0    
