669
1    -1    1    2.5000000000000010515e-06    0.034722222222222258459    4.9999999999999997737e-07
2    -1    2    2.5000000000000010515e-06    0.040064102564102602178    2.2912878474779167913e-06
3    -1    3    3.3284271247461821371e-06    0.055392135623730694161    4.9999999999999997737e-07
4    -1    4    4.9999999999999997737e-07    0.015625    1.4999999999999962264e-06
5    -1    5    4.9999999999999997737e-07    0.012500000000000000694    1.4999999999999981322e-06
6    -1    6    4.9999999999999997737e-07    0.0078125    1.1180339887498947594e-06
7    -1    7    1.5000000000000106259e-06    0.025568181818182180581    2.0615528128088273314e-06
8    -1    8    3.6622776601683972738e-06    0.032873229559236542829    2.6925824035672516872e-06
9    -1    9    6.1568542494923910843e-06    0.046683318041246937846    3.3541019662496815254e-06
10    -1    10    4.1055512754639848352e-06    0.029675266330042176371    6.3442887702247628389e-06
11    -1    11    4.5000000000000162076e-06    0.039862204724409738832    3.7749172176353710003e-06
12    -1    12    7.4999999999999942608e-06    0.029481132075471653403    3.2015621187164208801e-06
13    -1    13    5.4999999999999964689e-06    0.039183937823834141811    3.6400549446402583627e-06
14    -1    14    5.4999999999999973159e-06    0.045833333333333295401    3.7749172176353731179e-06
15    -1    15    5.8851648071345036693e-06    0.041829909187360514444    5.4083269131959857041e-06
16    -1    16    4.5000000000000026551e-06    0.038645038167938981777    6.3442887702247577567e-06
17    -1    17    3.4999999999999914772e-06    0.048611111111110869021    5.3150729063673199869e-06
18    -1    18    8.3102496759066602118e-06    0.037289551660856783133    6.800735254367710705e-06
19    -1    19    5.8851648071344943519e-06    0.0521613927818289011    4.9244289008980497791e-06
20    -1    20    2.4999999999999942753e-06    0.011322463768115889962    5.9371710435189556767e-06
21    -1    22    4.4999999999999891026e-06    0.060267857142856852415    7.8898669190297439938e-06
22    -1    24    9.5000000000000022171e-06    0.015800070028011210799    1.3351029922818690023e-05
23    -1    24    7.5710678118654826406e-06    0.026197928616026322501    3.5174564673923118063e-05
24    -1    25    6.8245553203367713828e-06    0.016681430988659363274    1.4739402972983670426e-05
25    -1    26    1.0348857801796108324e-05    0.04069105539581922143    9.0691785736085241555e-06
26    -1    27    6.500000000000000447e-06    0.027293281653746774562    1.6132265804901683244e-05
27    -1    28    8.7462112512353265613e-06    0.02716484774546712444    1.0781929326423911114e-05
28    -1    29    6.500000000000000447e-06    0.033746006389776365963    1.3573871960498231238e-05
29    -1    30    2.7360679774997893903e-06    0.036696411654410725223    1.6889345754054534496e-05
30    -1    30    3.6622776601683777921e-06    0.039917493036215383195    1.3500000000000001189e-05
31    -1    31    7.5710678118654750173e-06    0.028660533905932733534    1.8090052515125540063e-05
32    -1    31    4.9999999999999997737e-07    0.0089285714285714298105    1.9059118552545918391e-05
33    -1    31    4.9999999999999997737e-07    0.03125    2.7335873865673285992e-05
34    -1    31    7.7111025509279727634e-06    0.043465718238982382904    3.064718584144390459e-05
35    -1    33    3.6622776601683807567e-06    0.050804082046092387259    1.4773286702694155267e-05
36    -1    33    2.499999999999999781e-06    0.020032051282051280272    2.3879907872519102048e-05
37    -1    33    4.9999999999999997737e-07    0.03125    2.0958291915134688555e-05
38    -1    35    4.5000000000000026551e-06    0.028125000000000038858    2.0814658296498642656e-05
39    -1    38    4.1055512754640000818e-06    0.023541272731095085752    2.1662179022434480699e-05
40    -1    39    5.499999999999999857e-06    0.035504694835680750131    2.2164160259301505883e-05
41    -1    39    3.6622776601683777921e-06    0.029412889605632392548    2.4479583329787292761e-05
42    -1    41    3.3284271247461914545e-06    0.027421849318678710034    2.047559522944326552e-05
43    -1    44    4.9721359549995801797e-06    0.049843016038305612558    2.1546461426415245116e-05
44    -1    67    3.3284271247461914545e-06    0.046160113019775836363    4.1112650121343432955e-05
45    172    0    7.5000000000000078133e-06    0.042229729729729825749    2.7825348155953047262e-05
46    173    0    3.4999999999999999475e-06    0.024114173228346455491    3.0401480227120519832e-05
47    174    0    6.1568542494923792258e-06    0.047147828668522850926    2.6177280225416849286e-05
48    174    0    1.4999999999999970734e-06    0.021634615384615300815    3.3470135942359118344e-05
49    175    0    4.9999999999999997737e-07    0.0069444444444444449263    4.8272663071349184967e-05
50    181    0    6.4999999999999970589e-06    0.019742990654205590934    2.8057975693196405279e-05
51    185    0    2.4999999999999942753e-06    0.026939655172413669998    2.8640006983239368801e-05
52    186    0    5.8851648071345019752e-06    0.018661187934878493283    1.8309833423600545748e-05
53    189    0    1.0399494936611671683e-05    0.049884453384046047175    3.0712375355872421629e-05
54    189    0    6.4999999999999835064e-06    0.041584645669291125936    1.4840822079655830937e-05
55    190    0    4.7426406871192834343e-06    0.04292488680747953006    2.6818836663807767357e-05
56    191    0    6.3309518948453120048e-06    0.016983454192731124721    2.0402205763103155832e-05
57    192    0    5.499999999999999857e-06    0.036533816425120775595    1.4705441169852749152e-05
58    192    0    4.1055512754639941525e-06    0.045310621708236638316    2.717075633838705401e-05
59    193    0    4.1055512754640017758e-06    0.026840049801694420423    1.4534441853748640978e-05
60    194    0    6.8245553203367713828e-06    0.031384471240119227176    1.3275918047351764473e-05
61    194    0    4.4999999999999891026e-06    0.020009881422924806482    3.061453902968326986e-05
62    195    0    4.5000000000000026551e-06    0.033305921052631623502    3.077742679302479051e-05
63    195    0    5.4999999999999956218e-06    0.040013227513227458965    8.2613558209291490248e-06
64    195    0    1.9142135623730982041e-06    0.023488548476750688992    2.005617112013157618e-05
65    196    0    1.1545361017187256932e-05    0.038613951627226882068    6.8738635424337609617e-06
66    197    0    5.499999999999999857e-06    0.019901315789473687096    1.38654246238620427e-05
67    198    0    9.4442719099991651467e-06    0.030672032981430289583    6.9462219947248997286e-06
68    199    0    2.4999999999999942753e-06    0.055803571428571174806    4.6097722286464444809e-06
69    200    0    6.8245553203367671476e-06    0.035937156882975981875    1.1368817000902071605e-05
70    201    0    6.4999999999999835064e-06    0.036422413793103264323    7.0178344238090985762e-06
71    201    0    4.9999999999999997737e-07    0.0089285714285714298105    2.1685248442201442739e-05
72    202    0    4.623105625617659193e-06    0.0331880522136920042    3.5000000000000037591e-06
73    203    0    6.9031242374328496785e-06    0.026711392509771787751    1.5272524349301265073e-05
74    204    0    4.1055512754639899174e-06    0.023026709392710377478    3.9051248379533350406e-06
75    205    0    2.499999999999999781e-06    0.036337209302325576554    2.0615528128088366488e-06
76    206    0    4.9999999999999997737e-07    0.020833333333333332177    1.1180339887498992063e-06
77    207    0    4.9999999999999997737e-07    0.010416666666666666088    1.118033988749897724e-06
78    1    16    4.9999999999999997737e-07    0.020833333333333332177    1.5780407937367714818e-05
79    2    38    4.9999999999999997737e-07    0.03125    2.8532049066468452054e-05
80    3    35    4.9999999999999997737e-07    0.015625    2.5391138237443093507e-05
81    3    38    4.9999999999999997737e-07    0.0089285714285714298105    2.9912934086406436603e-05
82    8    46    1.4999999999999970734e-06    0.037499999999999859834    2.9272601222292573111e-05
83    9    16    4.9999999999999997737e-07    0.03125    1.9415394791323563957e-05
84    9    16    4.9999999999999997737e-07    0.0044642857142857149053    2.2117166924308406025e-05
85    9    31    1.500000000000000038e-06    0.022500000000000006106    3.8711979599950733393e-05
86    10    21    3.0495097567963854686e-06    0.038112744904903073095    9.1044727597243662719e-06
87    10    41    4.9999999999999997737e-07    0.010416666666666666088    3.9198933895629231843e-05
88    10    58    1.2071067811865456497e-06    0.030356391274719642798    3.7824306481306569825e-05
89    11    46    4.9999999999999997737e-07    0.015625    2.627123106681338114e-05
90    12    18    1.500000000000000038e-06    0.025568181818181823228    3.8335344744664257705e-05
91    12    37    4.9999999999999997737e-07    0.03125    4.4030195120985107728e-05
92    12    37    2.0811388300841839613e-06    0.027069617688026036129    4.3839192376803843361e-05
93    13    28    2.7360679774997881198e-06    0.025637219101026648138    3.4640570094484837574e-05
94    13    58    4.9999999999999997737e-07    0.012500000000000000694    4.3659141284939426001e-05
95    13    67    4.9999999999999997737e-07    0.03125    5.6257588711617961472e-05
96    13    67    3.2386127875258292777e-06    0.030139691918177651669    4.4781541158416042448e-05
97    14    23    1.2071067811865456497e-06    0.036427669529663579684    2.3057218727432026546e-05
98    14    25    2.5000000000000002045e-06    0.020559210526315797873    2.3550423114765646276e-05
99    14    35    2.499999999999999781e-06    0.037202380952380945112    2.9620204873918039681e-05
100    15    24    4.9999999999999997737e-07    0.0078125    3.351971411022885137e-05
101    15    29    1.500000000000000038e-06    0.023437500000000003469    2.733003267970683176e-05
102    15    42    3.0495097567963854686e-06    0.02767711237141770933    1.7939288672359764447e-05
103    15    48    1.5000000000000106259e-06    0.033088235294118119312    2.5317977802344323387e-05
104    16    31    4.9999999999999997737e-07    0.0041666666666666674762    3.8722794399696475567e-05
105    16    38    1.4999999999999970734e-06    0.025568181818181719145    2.6346311742697284394e-05
106    17    24    2.4999999999999942753e-06    0.021114864864864770627    4.8630835753898440119e-05
107    17    28    1.5000000000000004615e-06    0.020833333333333349524    2.2966752965216310632e-05
108    17    58    3.0495097567963892803e-06    0.030998365855987919382    3.4281303490446565579e-05
109    18    19    2.9494897427831833324e-06    0.033459575933781571244    1.6383415981450839187e-05
110    18    24    1.500000000000000038e-06    0.013719512195121952997    6.2499772548408667099e-05
111    18    26    2.8452078799117176576e-06    0.01477227715312359746    3.074839066659526939e-05
112    18    34    2.9494897427831833324e-06    0.015759945186201464867    1.8737684895724109117e-05
113    19    20    3.5822070014844813196e-06    0.02376334629904525847    3.0801463693092547772e-05
114    19    24    3.0495097567963897038e-06    0.020574136630080480659    5.3233693681447891719e-05
115    19    46    2.3708286933869780449e-06    0.032679236589459335904    5.7154490816570758182e-05
116    19    57    1.2071067811865382381e-06    0.026019763949759380089    3.6857431961819486484e-05
117    20    46    1.5000000000000004615e-06    0.022500000000000016515    3.2927801873270574917e-05
118    21    31    2.499999999999999781e-06    0.026041666666666667823    3.837188860166538992e-05
119    21    40    4.9999999999999997737e-07    0.03125    2.460815596344894838e-05
120    22    31    4.9999999999999997737e-07    0.0031250000000000001735    4.9922051803558805327e-05
121    22    40    1.724744871391586308e-06    0.033803918993086136402    1.6721130455929632979e-05
122    22    40    1.7247448713915752966e-06    0.017295028322043850405    1.773816979630947447e-05
123    23    24    4.9999999999999997737e-07    0.020833333333333332177    5.8213059423177248338e-05
124    23    58    4.9999999999999997737e-07    0.0078125    3.7724256722910514826e-05
125    24    26    4.0355339059327291858e-06    0.011904630048196395906    6.6383426801874242723e-05
126    24    26    4.9999999999999997737e-07    0.020833333333333332177    7.5283461557977795673e-05
127    24    28    3.0495097567963901273e-06    0.028702190607396232958    4.6379851315296873287e-05
128    24    29    2.4999999999999993575e-06    0.036337209302325569615    4.0092120578813855649e-05
129    24    41    4.9999999999999997737e-07    0.03125    8.6130861894063257965e-05
130    24    46    3.0495097567963981741e-06    0.018306121568496903917    5.477511810485067743e-05
131    24    52    6.2445626465380282578e-06    0.007379743120086682158    2.7354960132182441204e-05
132    24    57    2.9494897427831795208e-06    0.025891338520188055677    6.074378066199920777e-05
133    24    58    2.621320343559636359e-06    0.044046925279228273109    6.6614554238202298791e-05
134    24    59    2.5000000000000078278e-06    0.019531250000000121431    6.7122864837530229164e-05
135    25    26    2.6213203435596452528e-06    0.010164675064437363183    2.7773238530881624202e-05
136    25    35    2.2320508075688742572e-06    0.018316363263120822441    3.9928494180208013798e-05
137    25    35    2.4999999999999993575e-06    0.033967391304347810399    2.6185998913207488622e-05
138    25    36    4.499999999999999267e-06    0.016874999999999997641    1.3398970144269896956e-05
139    25    37    4.801162633521314218e-06    0.033898768578707834387    1.9963181835455897696e-05
140    25    37    4.9999999999999997737e-07    0.015625    3.2365965031771500157e-05
141    25    53    2.4999999999999942753e-06    0.025614754098360538459    2.3573668543335850312e-05
142    26    36    3.0495097567963918214e-06    0.017349831635814157854    1.7614619963429810329e-05
143    26    55    3.4999999999999927477e-06    0.018448795180722815656    2.8845808384131528063e-05
144    26    59    3.049509756796406221e-06    0.011983904325768655191    3.4969473278272702457e-05
145    27    31    1.500000000000000038e-06    0.035156250000000006939    6.5233579523205198329e-05
146    27    39    5.1368092477478528792e-06    0.023901095333104950547    2.7168668759123435023e-05
147    27    67    3.0495097567963918214e-06    0.018901442595114614775    4.6529821036198319316e-05
148    28    30    1.500000000000000038e-06    0.029605263157894749076    3.5781238633256704765e-05
149    28    30    4.5620192023179843152e-06    0.016947898373223142798    3.0459363510797391838e-05
150    28    33    2.5000000000000010515e-06    0.020032051282051301089    4.8415050056830008529e-05
151    28    48    3.662277660168376945e-06    0.018124699540768059863    4.2062088175549020496e-05
152    28    58    2.9494897427831765562e-06    0.020325910613979366465    4.5742309339230300682e-05
153    28    67    3.5822070014844868253e-06    0.021823481295041632227    4.8520154738492204905e-05
154    29    32    1.2071067811865460732e-06    0.024285113019775737137    1.3940971508067051551e-05
155    29    33    4.9999999999999997737e-07    0.010416666666666666088    7.2181332246274552034e-05
156    30    33    5.0276925690687093991e-06    0.019091912816517161988    2.3790834875300560021e-05
157    30    48    2.8452078799117113048e-06    0.034301728304710579764    3.7247730960137630642e-05
158    31    38    4.9999999999999997737e-07    0.0020833333333333337381    5.6582910947480447223e-05
159    31    40    2.4999999999999993575e-06    0.022007042253521121727    3.9579381619815827799e-05
160    31    50    3.7403703492039347463e-06    0.041638006991678473689    3.2398344868184936955e-05
161    31    62    4.9999999999999997737e-07    0.0625    4.4959429445506818963e-05
162    31    69    1.5000000000000004615e-06    0.035156250000000027756    3.8656279424172707742e-05
163    33    39    3.4999999999999969829e-06    0.019382911392405031276    4.2995828445333259839e-05
164    33    44    2.499999999999999781e-06    0.040064102564102560544    4.0639883700881651238e-05
165    33    45    3.0495097567963918214e-06    0.033693875930421696152    2.4296167474646925601e-05
166    33    75    4.5000000000000026551e-06    0.023879716981132104864    3.9641333618799668576e-05
167    34    54    1.7247448713915939313e-06    0.024789540594930055406    3.0473777364493018899e-05
168    35    41    1.4999999999999970734e-06    0.035156249999999861222    4.541933907381585239e-05
169    35    41    4.4370039370058989765e-06    0.028614831303787575251    2.3422711881731491317e-05
170    35    83    1.2071067811865456497e-06    0.030356391274719642798    5.0697259563882397316e-05
171    36    37    1.7247448713915799553e-06    0.029747448713915578683    2.0980907712051501476e-05
172    36    53    4.0355339059327418913e-06    0.01770166728905736217    1.5306163358102238092e-05
173    37    53    3.4999999999999935948e-06    0.019382911392404993112    2.5282539949738891134e-05
174    37    60    4.9999999999999997737e-07    0.015625    3.4455760832931698863e-05
175    38    47    2.736067977499792355e-06    0.026735957062499302039    1.5037430007810844649e-05
176    38    50    3.5822070014844864018e-06    0.023416436134095761079    2.2365169214640245204e-05
177    39    44    6.5415229867972851338e-06    0.02007107081932330353    2.2109082311423134141e-05
178    39    66    6.5000000000000038351e-06    0.029922096317280488798    2.3692753280021512424e-05
179    39    67    4.0355339059327385032e-06    0.010686045870034610247    4.5305431151623464501e-05
180    40    47    2.5000000000000010515e-06    0.032552083333333356463    2.0302023552114458361e-05
181    40    56    3.0495097567963918214e-06    0.016725736972655377843    2.5714479791368552604e-05
182    40    56    1.724744871391585461e-06    0.024789540594929812545    2.2427262577482452672e-05
183    40    58    2.0811388300841852319e-06    0.020051568657797089884    4.5638213104228598583e-05
184    41    56    4.6231056256176659693e-06    0.020012271185035315074    2.1967873892625728579e-05
185    41    58    3.0495097567963918214e-06    0.028702190607396264183    3.9507192994990031505e-05
186    42    48    3.6622776601683803332e-06    0.018837468623832006459    2.1109521627887948734e-05
187    42    51    2.08113883008418862e-06    0.023037972500447794627    1.6362420072208453325e-05
188    42    63    3.0495097567963918214e-06    0.029806121015373044508    3.595711439022922397e-05
189    42    63    1.4999999999999970734e-06    0.04326923076923060163    3.3883039787090194882e-05
190    42    92    2.0811388300841852319e-06    0.040103137315594179768    5.5432135458363757867e-05
191    43    54    2.9494897427831875676e-06    0.025891338520188197925    1.7176800170005958031e-05
192    43    55    1.4999999999999970734e-06    0.037499999999999859834    2.4637659209004618205e-05
193    43    60    2.0811388300841733734e-06    0.025780588274310251712    1.8660461753660672105e-05
194    43    60    4.9999999999999997737e-07    0.0089285714285714298105    3.0435592503048620582e-05
195    44    75    5.0825756949558355716e-06    0.019810257434782051894    4.5121807801809978163e-05
196    45    51    2.0811388300841852319e-06    0.030077352986695636561    1.4835646245734732294e-05
197    46    57    1.4999999999999970734e-06    0.035156249999999861222    4.723137672729720753e-05
198    46    57    2.0811388300841915846e-06    0.023037972500447864016    4.5497805018787790818e-05
199    46    63    2.08113883008418862e-06    0.03281165780366807061    5.0885613642441342749e-05
200    46    68    2.4999999999999942753e-06    0.039062499999999819589    5.2181674899188490425e-05
201    46    68    4.1055512754639882233e-06    0.023281148170530362174    4.7924271964065238397e-05
202    47    50    1.4999999999999970734e-06    0.0312499999999998751    3.3139944965960172482e-05
203    47    56    2.6213203435596444058e-06    0.02174468463151788683    1.7125947140454064835e-05
204    47    56    1.7247448713915799553e-06    0.035413629421328071678    2.1624404748406680715e-05
205    48    51    2.0811388300841983609e-06    0.018352283178322995744    2.2934948793261819436e-05
206    48    63    3.4999999999999982534e-06    0.024697580645161264917    4.3447892901226155174e-05
207    48    68    2.621320343559636359e-06    0.045206054891839549115    4.2114501458898836344e-05
208    48    81    4.9999999999999997737e-07    0.0069444444444444449263    4.0198764079902732382e-05
209    48    81    1.9142135623730982041e-06    0.022342765624226261501    4.8714486710156330428e-05
210    48    92    3.0495097567963918214e-06    0.03811274490490323269    4.2289002853866951336e-05
211    49    65    4.9999999999999997737e-07    0.0069444444444444449263    1.5432484926745603085e-05
212    50    69    3.0495097567963888568e-06    0.031417262691879631331    4.8149431436156470122e-05
213    50    70    4.9999999999999997737e-07    0.0069444444444444449263    3.6419541659644571378e-05
214    50    84    1.5000000000000004615e-06    0.014802631578947381477    5.0332890342569383589e-05
215    50    89    1.7247448713915884256e-06    0.028603316071072953236    5.3303773550004976607e-05
216    50    103    3.3284271247461867958e-06    0.020981869554443501741    5.0999113397494252571e-05
217    52    53    4.9999999999999997737e-07    0.010416666666666666088    6.6824354857037101857e-05
218    52    57    4.9999999999999997737e-07    0.012500000000000000694    3.7467646903723147381e-05
219    52    57    2.4999999999999942753e-06    0.052083333333333106663    3.2688280485412107271e-05
220    52    58    4.8588989435406808797e-06    0.027199192331268145367    4.8176739390097699151e-05
221    52    68    6.5415229867972885219e-06    0.0238791980953110064    2.0362799460738413083e-05
222    52    81    3.8911649915626304815e-06    0.010784305549546017305    3.8981979449325136929e-05
223    52    85    3.0495097567963850451e-06    0.030590492621040625554    4.7133165304924517797e-05
224    52    88    3.0495097567963850451e-06    0.019056372452451533078    4.2504999500099972679e-05
225    52    88    3.3284271247461867958e-06    0.032204730013797006061    5.1507089369968389137e-05
226    53    83    3.2386127875258102195e-06    0.012083655285167858515    2.9141219721580828751e-05
227    54    55    2.3708286933869801624e-06    0.026022355061976927548    2.760660795605031603e-05
228    54    55    4.9999999999999997737e-07    0.0625    2.2021966489508031843e-05
229    54    59    2.7360679774997830376e-06    0.031191949906248978702    3.1223002444280078085e-05
230    54    93    2.4999999999999942753e-06    0.016447368421052557808    4.4029003795604626601e-05
231    55    60    4.0355339059327368091e-06    0.016483333912887379591    2.7789280678118860379e-05
232    55    77    3.3284271247461965367e-06    0.016785495643554897843    2.3788344255057538814e-05
233    55    78    4.9999999999999997737e-07    0.03125    3.2953766731280382336e-05
234    55    83    2.0811388300841873495e-06    0.020429900141906511685    3.9021266972678154365e-05
235    55    86    1.7247448713915909667e-06    0.025644352339582721784    4.1859520501806240871e-05
236    56    62    3.0495097567963918214e-06    0.019373978659992480839    2.9939228433272866282e-05
237    56    71    3.8911649915626364107e-06    0.017688276859302166921    1.9490277268722458644e-05
238    56    72    4.9999999999999997737e-07    0.0625    3.0660098092850934402e-05
239    56    73    3.8911649915626364107e-06    0.016176458324319076265    1.920973122097396023e-05
240    56    80    3.7403703492039313582e-06    0.038435083376933909527    2.6666417611698753701e-05
241    56    80    1.2071067811865456497e-06    0.040475188366292859377    2.9627676360882820839e-05
242    56    89    1.2071067811865456497e-06    0.021428040899802103247    4.1421814688883102468e-05
243    57    59    2.3708286933869670334e-06    0.016728656825556409427    3.5494261656147028624e-05
244    57    68    3.4999999999999982534e-06    0.026630434782608673749    2.6169011310032906626e-05
245    57    98    1.2071067811865456497e-06    0.024285113019775719789    5.5355650200097350207e-05
246    58    62    4.6231056256176574989e-06    0.011590621272026915486    2.9211632495973908959e-05
247    58    67    2.0811388300841915846e-06    0.030936705929172848145    6.67165071000427732e-05
248    58    72    3.5822070014844902134e-06    0.021245375830272358181    3.0701843577729327252e-05
249    58    73    3.3284271247461821371e-06    0.02688938622511198584    3.9883984894343988662e-05
250    58    74    6.1124860801609098276e-06    0.024261354597507070463    2.917172302205307214e-05
251    58    81    2.6213203435596524526e-06    0.01506868496394670083    4.9418263750032061883e-05
252    59    76    5.0276925690687093991e-06    0.023148070118194804395    1.6759142264341600107e-05
253    59    88    2.0811388300841852319e-06    0.018352283178322763291    4.3521093725226099288e-05
254    59    93    5.0276925690687093991e-06    0.028086325076743023921    3.6373717321130309265e-05
255    60    78    1.4999999999999970734e-06    0.026785714285714180144    1.8126271712314454498e-05
256    60    86    4.9999999999999997737e-07    0.0052083333333333330442    3.7749014139436265491e-05
257    60    93    1.2071067811865551788e-06    0.021428040899802443253    6.0217662896755116703e-05
258    61    67    2.5000000000000010515e-06    0.038109756097561009458    3.4624973404465043297e-05
259    61    67    6.4999999999999970589e-06    0.028166666666666641955    1.7230021131037741978e-05
260    61    87    3.0495097567963892803e-06    0.012915985773328298586    4.1217720993512744956e-05
261    61    94    2.499999999999999781e-06    0.015318627450980389776    5.5213378392809139405e-05
262    62    69    4.5000000000000026551e-06    0.040826612903225853457    1.3515609770940699018e-05
263    62    73    4.3078865529319524503e-06    0.025774842434627697613    1.969029064023569719e-05
264    62    74    5.1368092477478520321e-06    0.014371900461736303659    2.4919351255225850015e-05
265    63    92    1.500000000000000038e-06    0.028125000000000004163    5.9920214630637788807e-05
266    63    92    2.0811388300841852319e-06    0.040103137315594179768    3.8519353479023952765e-05
267    65    103    4.9999999999999997737e-07    0.0032894736842105270005    3.9333395090356973532e-05
268    66    67    5.3989794855663570525e-06    0.021949532745155396485    2.684637876449218606e-05
269    66    75    4.5620192023179834682e-06    0.015960137425090500235    3.6863937231150391142e-05
270    66    75    4.9999999999999997737e-07    0.03125    4.8500675699800588987e-05
271    66    87    3.499999999999999524e-06    0.011600378787878786249    4.282810603076355957e-05
272    66    101    2.0811388300841915846e-06    0.02776371044925768361    4.4784324282094446464e-05
273    66    115    3.3284271247461914545e-06    0.023875920527470256838    4.7793563278469814544e-05
274    67    75    4.6231056256176659693e-06    0.018298891802754891495    3.6405263994483169469e-05
275    67    81    4.6231056256176574989e-06    0.02120347780319209452    5.0329965915096874524e-05
276    67    87    2.2320508075688742572e-06    0.017061817834139948041    2.948902158087899234e-05
277    68    81    4.9999999999999997737e-07    0.015625    4.9495170040118581858e-05
278    68    88    3.8911649915626372577e-06    0.011265747761579361641    3.1930954710545863574e-05
279    68    92    3.7403703492039207702e-06    0.019008655365766114614    4.0461439049675729761e-05
280    68    98    2.4999999999999942753e-06    0.021114864864864770627    4.371142268639505613e-05
281    68    98    4.9999999999999997737e-07    0.0625    4.7386844777423127841e-05
282    69    70    4.9999999999999997737e-07    0.012500000000000000694    3.258215868301554696e-05
283    69    74    5.0276925690687026229e-06    0.018107229634003334934    1.8437413300040553644e-05
284    70    84    5.0825756949558431949e-06    0.031350213222033830596    1.9628918275457327196e-05
285    71    72    3.8911649915626389518e-06    0.037110698508732040124    9.3462017805165864201e-06
286    71    73    4.0355339059327385032e-06    0.027696486234579504454    1.7887685150839963171e-05
287    72    73    3.0495097567963850451e-06    0.029428828344292241176    2.1908671186498145436e-05
288    73    89    4.4370039370059091409e-06    0.020007117822160514625    1.9749372952364273608e-05
289    74    81    5.4497474683058334477e-06    0.028890804930258601885    5.4508267825099067307e-05
290    74    84    1.2071067811865477672e-06    0.033116063208785184724    4.2034165492715259613e-05
291    74    87    2.0811388300841915846e-06    0.021655694150420991273    3.8040937820613987769e-05
292    74    89    3.0495097567963837746e-06    0.023018588506921632691    4.3267581063726395308e-05
293    74    94    3.4154759474226434444e-06    0.042887779218465454933    4.4452725769283431018e-05
294    74    110    2.7360679774997830376e-06    0.033419946328123902035    7.4943846162596008975e-05
295    74    126    4.9999999999999997737e-07    0.03125    4.9726007060129666566e-05
296    74    134    1.4999999999999970734e-06    0.040178571428571271951    6.2384999930340613366e-05
297    75    81    3.5000000000000050297e-06    0.018014705882352995137    4.4447139745552474396e-05
298    75    81    4.9999999999999997737e-07    0.012500000000000000694    5.1829390147170891878e-05
299    75    91    4.8011626335213133709e-06    0.012005813871625687153    3.2164632904095674323e-05
300    75    101    5.027692569068706011e-06    0.018264228734876215843    3.2888779524718850548e-05
301    75    101    3.4999999999999948653e-06    0.017205056179775232716    4.6929867604795574029e-05
302    75    109    4.4370039370058998236e-06    0.043555318444703221281    3.8015662397122471604e-05
303    76    77    3.3284271247461867958e-06    0.026630834434485984447    2.2696959813990602844e-05
304    76    88    5.1368092477478528792e-06    0.027259100462549444577    2.5285989565236671143e-05
305    76    90    3.3284271247461821371e-06    0.028552647228727159184    1.8118244936733999759e-05
306    76    93    3.5822070014844825901e-06    0.019925787269385791811    2.946342855161507865e-05
307    77    86    3.2386127875258352069e-06    0.0297971954191075597    2.2210487677048333687e-05
308    77    122    3.4999999999999914772e-06    0.039772727272727084746    3.8535125975864501771e-05
309    78    86    1.5000000000000241784e-06    0.020833333333334008719    2.7959885371172878724e-05
310    79    101    1.7247448713915875786e-06    0.021873124054349882966    3.4257070386699297834e-05
311    81    87    3.0495097567963930919e-06    0.022571625623292224799    6.1974262477193422377e-05
312    81    91    4.4999999999999958788e-06    0.018342391304347793052    4.7229848536844681991e-05
313    81    92    4.9999999999999997737e-07    0.020833333333333332177    5.4453074861081054081e-05
314    81    92    1.2071067811865456497e-06    0.033116063208785066763    5.4365691713430910382e-05
315    81    92    6.2445626465380197874e-06    0.02156778907441257026    4.0136742093170899807e-05
316    81    99    2.7360679774997830376e-06    0.029242453037108411679    2.8337729350595208062e-05
317    81    107    1.9142135623731054039e-06    0.029550109373976892607    2.7158511156785755528e-05
318    81    109    4.4370039370059082939e-06    0.015876616078230588319    3.8323540866442330495e-05
319    81    109    4.9999999999999997737e-07    0.03125    4.1804984781929845799e-05
320    81    109    4.9999999999999997737e-07    0.03125    4.3733215304185243163e-05
321    81    123    3.4154759474226502207e-06    0.020537809766589174704    4.7440265722261719199e-05
322    82    92    4.9999999999999997737e-07    0.0625    5.4215233685462523049e-05
323    82    98    2.845207879911714693e-06    0.016725636115520071262    2.3307092894960853701e-05
324    83    85    4.9999999999999997737e-07    0.03125    3.4640001486398359649e-05
325    83    85    4.9999999999999997737e-07    0.010416666666666666088    3.422500797579870372e-05
326    83    96    4.5000000000000026551e-06    0.027217741935483905774    1.9339980591793717217e-05
327    83    97    6.8245553203367671476e-06    0.026462815522918681221    1.2955005467328057641e-05
328    84    94    6.9031242374328488314e-06    0.016319563095011251075    1.97397101709167856e-05
329    84    103    1.5000000000000004615e-06    0.029605263157894762954    2.9298494395310555353e-05
330    85    88    1.4999999999999970734e-06    0.033088235294117515628    3.7004242436658612062e-05
331    85    95    5.8385391260156581795e-06    0.015665688936588092334    1.0705860092321050828e-05
332    85    97    4.5620192023179877033e-06    0.025014446156632275803    3.168636756153351804e-05
333    85    99    4.9999999999999997737e-07    0.0069444444444444449263    3.1257740309944168316e-05
334    85    99    2.0811388300841852319e-06    0.027069617688026070823    2.8543944180761882589e-05
335    85    102    4.9999999999999997737e-07    0.010416666666666666088    2.751221174886392325e-05
336    85    110    3.500000000000000371e-06    0.041952054794520562964    2.6235455276791949306e-05
337    86    93    4.5620192023179961737e-06    0.026682075900407851987    3.0903433816400979761e-05
338    86    112    4.9999999999999997737e-07    0.0625    2.6934208702103647177e-05
339    86    112    4.9999999999999997737e-07    0.0625    2.7620694182051031148e-05
340    86    122    3.74037034920392797e-06    0.025717592553683665813    2.9351234127476897445e-05
341    87    94    5.027692569068707705e-06    0.028988179551684298274    2.8618988608619829166e-05
342    87    106    3.4999999999999999475e-06    0.032236842105263160962    3.3736227809530147973e-05
343    87    113    4.9158804331639164193e-06    0.011731009919011582687    2.5289246474358210949e-05
344    87    115    4.9999999999999997737e-07    0.0625    5.5460563776740577451e-05
345    88    90    3.7403703492039292406e-06    0.021997437655981010723    1.6102339553174954429e-05
346    88    93    3.0495097567963985977e-06    0.014440232541609364023    3.1467313848011282138e-05
347    88    111    4.4370039370059125291e-06    0.015774842898241964173    2.4422324041771006876e-05
348    89    104    2.0811388300841958198e-06    0.033837022110032928535    2.0456351511866545519e-05
349    90    93    3.5822070014844770844e-06    0.034128210110330875482    2.8797847144980377672e-05
350    90    95    3.8911649915626245522e-06    0.020913211314312930844    1.9052728737803899576e-05
351    91    92    4.6231056256176634282e-06    0.020012271185035290788    4.1347337201198789574e-05
352    91    101    1.4999999999999970734e-06    0.023437499999999906325    3.6620193324684526708e-05
353    91    101    3.4999999999999914772e-06    0.023557692307692192774    4.1414710799426296406e-05
354    91    121    3.0495097567963981741e-06    0.018901442595114694573    2.9024375751773790128e-05
355    91    131    3.7403703492039330522e-06    0.019008655365766239514    4.6527952201598450415e-05
356    92    98    2.232050807568882304e-06    0.037742809148249241435    4.9551438692329913185e-05
357    92    98    1.5000000000000004615e-06    0.023437500000000013878    5.4101685757774264994e-05
358    92    98    2.0811388300841894671e-06    0.025181039709791800535    6.4299901862235921677e-05
359    92    111    3.5822070014844897899e-06    0.023588615811552391538    5.0404871027194558418e-05
360    92    119    1.500000000000000038e-06    0.0090725806451612909381    4.7997215595163834044e-05
361    92    127    2.9494897427831795208e-06    0.027882979944817906648    4.5700536606755611619e-05
362    93    112    2.4999999999999942753e-06    0.025201612903225686924    2.1661356237035348589e-05
363    93    139    1.2071067811865551788e-06    0.040475188366293504694    4.1884702812571758524e-05
364    94    103    2.5000000000000078278e-06    0.042229729729729999221    4.6686760670925973686e-05
365    94    106    6.9420493633625599662e-06    0.014258002770225602571    1.7753720581846725438e-05
366    94    108    3.0495097567963850451e-06    0.022354590761529683635    4.354773409273747964e-05
367    94    125    1.500000000000000038e-06    0.035156250000000006939    4.7439426092687315105e-05
368    94    129    2.8452078799117100343e-06    0.032641967257708411065    3.4225352594415888862e-05
369    95    110    4.6231056256176490286e-06    0.028271303737589362215    1.8293641107919616682e-05
370    95    122    3.0495097567963850451e-06    0.021329150818340251311    4.7280581325629677538e-05
371    95    124    2.5000000000000078278e-06    0.024038461538461688982    3.2508081496346618894e-05
372    95    136    3.0495097567963850451e-06    0.030193213496092042442    3.1762447525902131273e-05
373    96    97    4.8011626335213201472e-06    0.022688152198347813493    1.8644594232803605153e-05
374    96    130    1.4999999999999970734e-06    0.025568181818181719145    3.699996051556007665e-05
375    97    104    2.0811388300841725264e-06    0.04511602948004289626    2.8663476597548068225e-05
376    97    110    2.0811388300841983609e-06    0.034928538952292143005    2.7492241300486889221e-05
377    97    114    5.5000000000000049392e-06    0.020329301075268858129    2.2578174559118963051e-05
378    97    122    5.9772255750516633426e-06    0.021016015044148052271    4.2848264157272194564e-05
379    97    122    1.2071067811865456497e-06    0.033116063208785066763    6.1862276116456235611e-05
380    97    130    2.3708286933869653394e-06    0.027553081830328163965    4.1264300132414143899e-05
381    98    111    3.2386127875258352069e-06    0.021318318673833058091    4.0536087357149928553e-05
382    98    127    4.6231056256176659693e-06    0.014441287584876833297    3.0046848378351182385e-05
383    99    107    2.3708286933869725391e-06    0.03603095316273705051    2.2299914461364895424e-05
384    100    109    1.2071067811865456497e-06    0.040475188366292859377    2.2413930292982920761e-05
385    100    109    4.9999999999999997737e-07    0.0625    2.6425078338450911676e-05
386    100    115    1.724744871391585461e-06    0.033803918993086101707    3.6930719035107225918e-05
387    101    115    3.7403703492039305111e-06    0.010167420311921464282    3.0280745688233391634e-05
388    102    110    2.2320508075688725631e-06    0.028965411671911956565    2.7110813297716807523e-05
389    103    108    5.5000000000000134095e-06    0.024553571428571549506    1.3121112231675943771e-05
390    103    152    1.9142135623730935454e-06    0.032716192521188298958    5.2850637885210944482e-05
391    104    114    2.5000000000000078278e-06    0.03063725490196097731    2.8670071594623514749e-05
392    104    114    2.0811388300842021726e-06    0.027069617688026511443    2.4466051068647275688e-05
393    104    126    1.2071067811865456497e-06    0.021428040899802103247    3.5097197168230309845e-05
394    104    130    4.9999999999999997737e-07    0.0625    2.5574204505832735465e-05
395    106    108    4.9999999999999997737e-07    0.0625    4.0691167572950416532e-05
396    106    108    1.4999999999999970734e-06    0.056249999999999779343    4.0516937231773109867e-05
397    106    113    3.7403703492039258524e-06    0.033310405593342619357    3.6734344222372269787e-05
398    106    123    3.0495097567963918214e-06    0.015096606748046085406    3.7191695099765788226e-05
399    106    126    2.0811388300841852319e-06    0.033837022110032588529    4.4484398108492328593e-05
400    106    129    4.7426406871192902106e-06    0.016299014990666188529    1.5458406682486135479e-05
401    106    129    2.0811388300841852319e-06    0.029264451554622782081    3.0307245025846264979e-05
402    107    118    3.3284271247462011954e-06    0.0553921356237313256    3.2825256049197142592e-05
403    107    118    4.9999999999999997737e-07    0.010416666666666666088    4.1372139581019847844e-05
404    107    120    4.0355339059327410443e-06    0.023002166533803342779    1.2955629875077587527e-05
405    107    135    3.5000000000000050297e-06    0.024697580645161358592    2.2673990905493524197e-05
406    107    136    4.9999999999999997737e-07    0.020833333333333332177    5.0143435355581829967e-05
407    108    125    3.5000000000000050297e-06    0.019506369426751650475    3.5051214796017154778e-05
408    108    133    1.4999999999999970734e-06    0.040178571428571271951    4.543113142799474791e-05
409    108    144    1.2071067811865359088e-06    0.036427669529662989878    5.0197494789222059559e-05
410    108    144    3.0495097567963850451e-06    0.029060967989988587684    3.4566689697486162141e-05
411    108    152    1.5000000000000004615e-06    0.02008928571428572965    4.6942635919433687306e-05
412    108    159    2.4999999999999942753e-06    0.04595588235294096463    4.6817455096724230955e-05
413    109    120    2.8452078799117121519e-06    0.038184942829772174078    2.3078079297431974869e-05
414    109    123    3.4999999999999982534e-06    0.015950520833333318299    2.4379644670595008408e-05
415    109    123    1.4999999999999970734e-06    0.040178571428571271951    2.4849247849200526014e-05
416    109    123    4.9999999999999997737e-07    0.0625    2.4248566857860160014e-05
417    109    131    4.9999999999999997737e-07    0.012500000000000000694    2.9519925485340788528e-05
418    110    114    5.2434164902525682347e-06    0.023783232258003945969    1.6833102503549752447e-05
419    110    132    1.2071067811865456497e-06    0.030356391274719642798    3.1312537414621485895e-05
420    110    136    3.7403703492039398285e-06    0.013770049556303152333    2.7712718334728940917e-05
421    111    118    5.6478150704934968357e-06    0.021265210046995643156    1.6611568036816911611e-05
422    111    124    3.4999999999999914772e-06    0.032236842105263008307    3.6774772661166138391e-05
423    111    127    3.582207001484479202e-06    0.020967658499157559165    3.2144780436609288459e-05
424    111    127    1.724744871391585461e-06    0.0391413798867312826    3.5875463139687955119e-05
425    111    137    5.136809247747849491e-06    0.017974665700100700416    2.3614532585216980787e-05
426    111    139    2.621320343559636359e-06    0.022603027445919774557    3.4844466637193438467e-05
427    112    122    1.5000000000000106259e-06    0.029605263157895161941    2.6461476516637424245e-05
428    112    122    2.2320508075688725631e-06    0.032776650049795109931    2.5503966449730664857e-05
429    113    115    2.7360679774997864257e-06    0.027123434701086128473    4.212991117477569552e-05
430    113    115    4.0355339059327368091e-06    0.015966209711698757523    3.553013113161964195e-05
431    113    131    4.5620192023179775389e-06    0.022235063250339699714    4.1296970986391069096e-05
432    113    149    2.84520787991171554e-06    0.025617746455416832985    3.757205151099911886e-05
433    113    149    2.08113883008418862e-06    0.028494334408448590557    4.7693963827765027881e-05
434    113    164    1.2071067811865456497e-06    0.060712782549439285595    4.2134314624286991319e-05
435    114    126    3.0495097567963981741e-06    0.030590492621040885762    3.1816907089645043571e-05
436    114    130    4.4370039370059065998e-06    0.016913233622857317545    2.1560666149939192686e-05
437    114    151    1.5000000000000106259e-06    0.029605263157895161941    3.2694172395569515534e-05
438    115    131    2.7360679774997970136e-06    0.031191949906249294422    3.2749526609892392281e-05
439    115    156    4.9999999999999997737e-07    0.0625    3.5890388087509743549e-05
440    115    156    4.9999999999999997737e-07    0.0078125    4.2803066491906832506e-05
441    116    130    3.049509756796382504e-06    0.021135249447264393974    2.1671854474854922851e-05
442    116    144    3.3284271247461867958e-06    0.027696067811865423408    4.3068844041455029521e-05
443    117    121    2.3708286933869657629e-06    0.037978572252614514748    2.1361541461658005583e-05
444    117    128    3.0495097567963918214e-06    0.024998682141925777922    1.5569527629646767177e-05
445    118    124    2.2320508075688725631e-06    0.028965411671911956565    3.0567484095731824179e-05
446    118    127    1.5000000000000106259e-06    0.02812500000000039968    4.3470910068067775839e-05
447    118    136    5.027692569068707705e-06    0.025481544928496673713    3.4891884368569046557e-05
448    118    136    2.0811388300841852319e-06    0.012304371676375488315    3.5042211565672412045e-05
449    118    161    2.4999999999999942753e-06    0.023674242424242316479    5.0556510337621630774e-05
450    119    127    4.1742346141747761217e-06    0.020842385902123020114    2.7846355446870684923e-05
451    119    140    4.0355339059327257977e-06    0.020772364675934493899    2.2561028345356938285e-05
452    119    142    4.5620192023179843152e-06    0.022426744830084072851    2.3795806391482354856e-05
453    120    121    2.4999999999999942753e-06    0.030637254901960644243    2.6040669531411992683e-05
454    120    135    3.662277660168376945e-06    0.022809996020694493779    1.547452521680920003e-05
455    120    181    2.6213203435596490645e-06    0.030675537248034276394    5.3984367758632401915e-05
456    121    145    3.5000000000000050297e-06    0.026630434782608774363    2.1273620163774803373e-05
457    121    181    3.2386127875258275836e-06    0.027895246775334607559    5.2456368909151586226e-05
458    122    132    4.2416573867739312307e-06    0.023549289773264214104    2.8123326125225459374e-05
459    122    132    4.9999999999999997737e-07    0.015625    6.1194441448134622536e-05
460    122    162    3.0495097567964011388e-06    0.023967808651537234055    3.442602403738343088e-05
461    122    163    1.4999999999999970734e-06    0.011968085106382933547    4.4206109843215560956e-05
462    123    131    3.8166247903554069226e-06    0.017592542017337505639    3.7890292117790756591e-05
463    123    134    2.7360679774997830376e-06    0.038194224374998746174    2.5493881436674755737e-05
464    124    132    1.4999999999999970734e-06    0.025568181818181719145    3.492190770767902001e-05
465    124    136    4.1742346141747566399e-06    0.022338762325864972014    2.3236226740982583196e-05
466    124    139    4.8011626335213125239e-06    0.017049676504083809137    1.5862888455838435069e-05
467    125    133    4.5000000000000026551e-06    0.016818936877076431924    1.839942955346560334e-05
468    125    148    4.9999999999999997737e-07    0.0069444444444444449263    3.4958092022149916359e-05
469    126    138    2.8452078799117138459e-06    0.030205999551909362699    2.017098022919578811e-05
470    126    144    4.9999999999999997737e-07    0.0625    2.7691915969144316364e-05
471    126    144    4.9999999999999997737e-07    0.0625    2.7125206044750782303e-05
472    126    157    3.0495097567963918214e-06    0.024472394096832605914    2.9141877636159368623e-05
473    127    137    5.0276925690687102461e-06    0.015488782211439171277    2.3276772696138883453e-05
474    127    140    4.0355339059327410443e-06    0.014913492587850520413    3.5316952383355635844e-05
475    127    142    6.2008771254957016034e-06    0.019341487487673961199    2.2235250627747105189e-05
476    127    153    4.9999999999999997737e-07    0.03125    2.9033461217192416413e-05
477    127    153    4.9999999999999997737e-07    0.0625    2.6961498332862227447e-05
478    128    142    2.4999999999999942753e-06    0.03633720930232541696    2.9363662565477390535e-05
479    129    149    2.3708286933869695745e-06    0.034273345691383939882    2.5385900822995443422e-05
480    129    159    2.3708286933869755038e-06    0.014637574722361960597    2.8049456688481904282e-05
481    130    151    1.4999999999999970734e-06    0.037499999999999859834    3.3604469397607872067e-05
482    130    177    4.1742346141747701925e-06    0.013784995739062335177    4.1257851442492474256e-05
483    131    141    1.9142135623730935454e-06    0.025445927516479786151    2.5924555715901184097e-05
484    131    147    2.7360679774997876963e-06    0.022548397522589698483    3.9433061372443314516e-05
485    131    150    5.499999999999999857e-06    0.032044491525423733636    1.5384392857364553094e-05
486    131    164    3.0495097567963850451e-06    0.016725736972655304985    4.9817662507296514443e-05
487    131    174    1.5000000000000004615e-06    0.033088235294117668284    4.6890433808954504321e-05
488    131    181    2.6213203435596427117e-06    0.033035193959421366161    6.1551011657993629075e-05
489    132    136    3.049509756796395633e-06    0.01174180524848031891    2.6155079424607616967e-05
490    132    158    1.4999999999999970734e-06    0.021634615384615300815    4.7355860908991891794e-05
491    132    162    2.0811388300841852319e-06    0.023037972500447721769    4.6069623002609809913e-05
492    132    177    2.0811388300841809967e-06    0.014437129433613847887    5.2096305696729225832e-05
493    133    152    4.8588989435406656331e-06    0.018619005475978389619    3.1491378692498434781e-05
494    133    173    3.0495097567963918214e-06    0.019056372452451616345    3.3322581839402176283e-05
495    134    135    2.2320508075688725631e-06    0.041517090063073809614    1.457126570160408667e-05
496    134    138    1.5000000000000038496e-06    0.040178571428571639712    2.655238910737024537e-05
497    134    155    2.5000000000000010515e-06    0.016108247422680424532    2.315898890117215603e-05
498    135    136    4.9999999999999997737e-07    0.015625    5.1491189550309786707e-05
499    135    181    3.5000000000000050297e-06    0.031250000000000090206    3.5137181250052604135e-05
500    136    151    1.9142135623731007452e-06    0.038168891274719958517    2.7001673873557887826e-05
501    136    180    2.0811388300841852319e-06    0.01503867649334781828    4.927412567703055293e-05
502    137    143    4.9999999999999997737e-07    0.020833333333333332177    2.1934676552809123873e-05
503    137    153    4.6833001326703746614e-06    0.031513362259583836689    3.1142278764377345995e-05
504    137    161    2.0811388300841915846e-06    0.015250488838324643623    4.2582127101828526187e-05
505    137    175    2.2320508075688725631e-06    0.018871404574124457654    4.1565649225394933272e-05
506    137    175    4.9999999999999997737e-07    0.015625    3.9513741650866316584e-05
507    137    175    4.9999999999999997737e-07    0.020833333333333332177    3.895801465735582972e-05
508    138    159    3.0495097567963905508e-06    0.035767345218447627042    3.2149145274196386202e-05
509    139    154    3.0495097567963981741e-06    0.011396458035289739816    2.7997189512295934965e-05
510    140    153    1.2071067811865456497e-06    0.028021284253587366853    2.6582122255310669599e-05
511    140    191    1.7247448713915935078e-06    0.018138688240192709505    4.2991188821739082979e-05
512    141    145    1.9142135623730922749e-06    0.036642135623730844041    2.7624991406364652078e-05
513    141    147    1.2071067811865467085e-06    0.024285113019775764892    2.0487128893419309682e-05
514    141    147    1.500000000000000038e-06    0.033088235294117654406    2.739078262836413402e-05
515    142    145    1.7247448713915867315e-06    0.03380391899308615028    4.0757196941522392153e-05
516    142    145    1.724744871391585461e-06    0.032334183384691052299    4.2931414372440399041e-05
517    142    153    6.28791845139511428e-06    0.027922258793358144952    1.793401389439151848e-05
518    142    161    4.0355339059327283388e-06    0.033371995708878408882    2.6285959884747915844e-05
519    142    186    1.5000000000000004615e-06    0.024456521739130453186    4.0915824753844020028e-05
520    142    191    3.0495097567963867392e-06    0.036326209987485771902    4.701326798817304e-05
521    144    152    2.6213203435596414412e-06    0.023531918984793277067    3.786954125393250805e-05
522    144    152    3.3284271247461821371e-06    0.028261293685576883289    3.5649964863584757818e-05
523    144    157    3.9641016151377490663e-06    0.01070442889314558027    1.6662276716025734913e-05
524    144    159    4.2416573867739507125e-06    0.014462747095477509335    2.856642900892177511e-05
525    145    181    4.5000000000000026551e-06    0.019396551724137955919    4.0156384848442149373e-05
526    147    150    3.2386127875258339364e-06    0.02341208211501306577    1.6611568036816911611e-05
527    147    174    2.3708286933869784684e-06    0.040148776381335772589    3.3082154190933248062e-05
528    148    149    1.500000000000000038e-06    0.031250000000000006939    2.528806261469836457e-05
529    148    172    2.7360679774997843081e-06    0.029706618958332379338    2.7792839699356353762e-05
530    149    159    2.5000000000000010515e-06    0.041118421052631623502    2.8856412867937642343e-05
531    149    164    5.347679857416330825e-06    0.016322876630945407084    2.9976793445829586307e-05
532    149    171    4.9721359549995818738e-06    0.010132022932376888447    2.8513068581284344797e-05
533    149    197    2.499999999999999781e-06    0.031887755102040810096    5.9490819721786334111e-05
534    150    174    3.5822070014844859783e-06    0.019681299082031398356    2.3642528318216138908e-05
535    150    192    2.0811388300841915846e-06    0.013706135538241133454    3.7046152176218048778e-05
536    150    195    4.9999999999999997737e-07    0.020833333333333332177    4.1464269735258002427e-05
537    151    157    3.0495097567963850451e-06    0.026722729186196402668    3.7376424878734424958e-05
538    151    160    1.4999999999999970734e-06    0.033088235294117515628    3.7469015033211807049e-05
539    151    166    1.7247448713915909667e-06    0.026560222065996393764    4.0264822262751925495e-05
540    151    177    5.1368092477478596554e-06    0.01097621016961228442    4.5063791045117408956e-05
541    151    179    4.1742346141747718865e-06    0.018536419802313627153    3.6409133271234085368e-05
542    151    184    3.0495097567963850451e-06    0.020574136630080418209    2.9021793833581990916e-05
543    152    159    4.9999999999999997737e-07    0.0089285714285714298105    3.9981150060623726113e-05
544    152    172    1.5000000000000004615e-06    0.021634615384615401429    3.3795788170505604265e-05
545    152    172    2.5000000000000010515e-06    0.033244680851063863891    3.3641420360004378797e-05
546    152    173    4.9158804331639257366e-06    0.0096973838014301552701    1.6818206055090474785e-05
547    152    189    4.9999999999999997737e-07    0.0078125    4.3954308993191052715e-05
548    153    161    3.3284271247461965367e-06    0.029780718077274823119    2.9158251492571120225e-05
549    153    175    5.4497474683058266714e-06    0.020286712751574977748    3.4326465736438296482e-05
550    153    175    4.9999999999999997737e-07    0.0625    4.0236422975186870586e-05
551    153    191    5.4999999999999973159e-06    0.0159546413502109595    3.3865117780939422315e-05
552    154    162    5.6478150704934976828e-06    0.018165042750850495662    2.0720034879476895465e-05
553    154    175    3.4999999999999914772e-06    0.014939024390243830706    5.2600520908729397668e-05
554    155    160    2.3708286933869653394e-06    0.017565089666834204918    2.9747733992787303862e-05
555    155    164    2.3708286933869653394e-06    0.029898024964824181093    4.2811886234156672139e-05
556    155    168    5.499999999999999857e-06    0.025898972602739728927    1.4424214182707178374e-05
557    155    169    3.0495097567963850451e-06    0.051663943093313048627    2.2666793650428636807e-05
558    155    171    3.4154759474226489501e-06    0.025808575104917352849    4.2116447997661254064e-05
559    155    181    1.4999999999999970734e-06    0.024456521739130338694    3.9259047631048205702e-05
560    156    174    4.9999999999999997737e-07    0.0625    2.4609448814850296201e-05
561    156    174    1.500000000000000038e-06    0.035156250000000006939    3.7099360386299190832e-05
562    156    205    4.9999999999999997737e-07    0.020833333333333332177    3.8828338198353513032e-05
563    157    159    2.4999999999999942753e-06    0.04595588235294096463    3.1678998074058971129e-05
564    157    169    2.9494897427831765562e-06    0.019771567597234477459    1.8915435898236011939e-05
565    157    177    1.4999999999999970734e-06    0.028124999999999889672    5.5799640370533739068e-05
566    157    178    3.0495097567963918214e-06    0.017480281497737570201    1.7598110838503539747e-05
567    157    185    3.891164991562644881e-06    0.030041994030878409888    3.7014941692973736705e-05
568    158    177    4.0355339059327393502e-06    0.026785417608442031734    3.2627837190673717295e-05
569    158    193    4.9999999999999997737e-07    0.0048076923076923079592    3.7994768854432820176e-05
570    159    169    2.0811388300841852319e-06    0.031846609044736552685    3.1761520487126349574e-05
571    159    171    4.6231056256176634282e-06    0.035860915479224313163    3.2878506456813891181e-05
572    159    172    6.287918451395113433e-06    0.018070346641405450605    1.595382724978349753e-05
573    160    166    1.9142135623730910043e-06    0.043621590028250945004    2.4528569500925672319e-05
574    160    179    5.2434164902525682347e-06    0.023701221112286691844    1.6460837672224189589e-05
575    160    181    5.0276925690687093991e-06    0.021494636538323744213    3.4550597541015690747e-05
576    161    166    2.8452078799117079167e-06    0.021081270520603320046    5.1935284319079893167e-05
577    161    181    1.4999999999999970734e-06    0.033088235294117515628    4.2866880278454451121e-05
578    161    186    1.9142135623731054039e-06    0.032716192521188708353    4.7616388787763999592e-05
579    162    163    2.4999999999999942753e-06    0.048828124999999777955    3.0075659997133706201e-05
580    162    170    1.9142135623731104861e-06    0.033927903355306987532    2.6348076824970761577e-05
581    162    175    1.4999999999999970734e-06    0.033088235294117515628    7.0394020463382145662e-05
582    162    180    3.8911649915626304815e-06    0.022007507255178207495    3.629364403287454262e-05
583    162    183    5.1368092477478520321e-06    0.023814809790386151644    1.599775696844556996e-05
584    163    183    3.4999999999999914772e-06    0.021566901408450602634    2.6641411393550090019e-05
585    163    193    1.4999999999999970734e-06    0.023437499999999906325    2.4445708967589293973e-05
586    164    171    5.4999999999999981629e-06    0.020113031914893605284    1.4027069391200838665e-05
587    164    195    4.0355339059327385032e-06    0.025131996768414734816    3.5631078701449022132e-05
588    164    197    2.0811388300841809967e-06    0.037337403707622014715    3.5392490619338018995e-05
589    166    175    3.5000000000000050297e-06    0.015705128205128249946    5.0405318019236110706e-05
590    166    175    4.9999999999999997737e-07    0.03125    4.6785176372104170651e-05
591    166    179    4.9721359549995734035e-06    0.019809403810095771448    1.9617401829477331191e-05
592    166    179    4.9999999999999997737e-07    0.0625    3.6905432009832536266e-05
593    166    180    3.5000000000000050297e-06    0.014723557692307735409    4.1355493852699572145e-05
594    166    181    4.0355339059327410443e-06    0.019387540364205674281    4.2719993073694954812e-05
595    166    181    3.6622776601683964268e-06    0.021221958323051431927    4.4811685169834763467e-05
596    166    186    2.0811388300841852319e-06    0.012738643617894623503    6.7281501426075121866e-05
597    166    190    3.0495097567963981741e-06    0.025548103727462717627    3.611853234081853015e-05
598    166    203    2.9494897427831735916e-06    0.016352424328539758719    4.9319045454379924632e-05
599    166    204    1.9142135623731104861e-06    0.039828408286664722382    3.7049304934972811221e-05
600    168    181    5.3476798574163223547e-06    0.015179235593108421007    2.6054149735258560008e-05
601    168    188    2.3708286933869725391e-06    0.039033532592965138053    2.1001483119230907824e-05
602    169    178    4.9999999999999997737e-07    0.015625    1.4951610753135518141e-05
603    170    180    3.049509756796395633e-06    0.017747156024420635695    1.9865035684228213357e-05
604    171    176    3.0495097567963981741e-06    0.021932806030180253265    1.9354271734332749785e-05
605    171    195    1.5000000000000106259e-06    0.02812500000000039968    5.7100805481608243766e-05
606    171    197    2.499999999999999781e-06    0.030048076923076920408    5.6543297361282526586e-05
607    171    202    3.4999999999999914772e-06    0.020553691275167686181    2.6983162412538905098e-05
608    172    173    4.801162633521315912e-06    0.018470482879424151429    2.0657763230937654085e-05
609    172    189    2.5000000000000078278e-06    0.018601190476190593986    5.4746174013046140327e-05
610    172    199    1.4999999999999970734e-06    0.070312499999999722444    3.5256303319979060567e-05
611    173    187    3.0495097567963897038e-06    0.029428828344292327912    2.2671623094742875885e-05
612    174    195    6.2445626465380418103e-06    0.017953297719400639759    2.5894691202614563563e-05
613    174    195    4.9999999999999997737e-07    0.020833333333333332177    5.4806154256188609436e-05
614    174    197    5.6478150704934985298e-06    0.035600240034032906711    2.7262140661091814403e-05
615    174    205    4.9999999999999997737e-07    0.03125    3.3698447503404614081e-05
616    175    180    4.9999999999999997737e-07    0.03125    6.8624870414033992778e-05
617    175    183    4.9999999999999997737e-07    0.010416666666666666088    7.2373076636227264393e-05
618    175    190    2.6213203435596460998e-06    0.035057756854896232612    3.0182491299828924396e-05
619    175    190    1.4999999999999970734e-06    0.018749999999999929917    3.4335074802858395041e-05
620    175    191    5.1368092477478503381e-06    0.034003620164623500621    4.3579595419808995127e-05
621    175    191    2.2320508075688725631e-06    0.027678060042049205253    5.1494559632167984434e-05
622    175    194    3.5000000000000096884e-06    0.020833333333333450138    6.4531288211276685509e-05
623    175    194    1.4999999999999970734e-06    0.033088235294117515628    9.0238497443856965485e-05
624    175    201    3.5000000000000185822e-06    0.010708041958042072497    3.3034441853748640035e-05
625    177    185    7.3190908484929305991e-06    0.010389660754168535128    2.0492942301261026698e-05
626    177    196    4.4999999999999891026e-06    0.027072192513368856237    2.9136316785045264846e-05
627    178    184    3.0495097567963850451e-06    0.026722729186196402668    1.5306163358102238092e-05
628    178    198    2.8452078799117168106e-06    0.025617746455416853801    1.8889473611048858805e-05
629    179    184    2.5000000000000078278e-06    0.027412280701754561385    2.5720562689967527972e-05
630    179    198    1.2071067811865551788e-06    0.019172457647191661761    3.5286970832147475569e-05
631    180    185    4.9999999999999997737e-07    0.0625    4.6341893646032948867e-05
632    180    194    1.9142135623730910043e-06    0.028626668456039682659    2.0160516399657224106e-05
633    181    182    2.7360679774997830376e-06    0.044559928437498536047    4.1333544081174691267e-05
634    181    186    2.8452078799117210457e-06    0.016320983628854333902    4.8606579681884852203e-05
635    181    186    4.9999999999999997737e-07    0.010416666666666666088    6.837815562459509432e-05
636    181    188    2.0811388300841958198e-06    0.036092823584035135798    3.3809137946564681086e-05
637    181    192    3.662277660168376945e-06    0.010039129985155959349    3.5994736757053743094e-05
638    181    192    4.9999999999999997737e-07    0.0069444444444444449263    4.5479231415748803393e-05
639    181    198    2.0811388300841852319e-06    0.031846609044736552685    4.8440139493908927109e-05
640    182    192    2.4999999999999993575e-06    0.03004807692307691    2.030025265191959713e-05
641    183    193    3.4999999999999914772e-06    0.014048165137614612025    2.5891183831051584171e-05
642    183    194    1.4999999999999970734e-06    0.01562499999999993755    4.3723358551003437033e-05
643    184    185    1.7247448713915909667e-06    0.0097853449716828831001    3.0513771364870670108e-05
644    184    185    1.2071067811865359088e-06    0.033116063208784539407    3.9357936768417105386e-05
645    184    189    1.2071067811865456497e-06    0.033116063208785066763    5.2380310672828496823e-05
646    184    198    1.7247448713916024016e-06    0.028603316071073418142    2.6717194062970508789e-05
647    185    189    2.4999999999999942753e-06    0.024414062499999888978    3.4409501665090784365e-05
648    185    189    4.4370039370059049058e-06    0.023106812132636034979    3.826728900375792801e-05
649    185    196    3.049509756796382504e-06    0.020944841794586332995    4.613185124993709888e-05
650    186    191    1.4999999999999970734e-06    0.026785714285714180144    5.5516761565958463879e-05
651    186    192    1.4999999999999970734e-06    0.015202702702702644566    6.3249632903563139316e-05
652    186    203    3.0495097567963892803e-06    0.01684693796521082379    3.4692217133444931015e-05
653    187    189    2.4999999999999942753e-06    0.031249999999999857753    2.3718160336796525523e-05
654    189    198    3.0495097567963892803e-06    0.015708631345939822604    5.5803945017073391618e-05
655    190    191    3.5822070014844902134e-06    0.017340820272276354086    4.2936884221745000973e-05
656    191    201    4.9999999999999997737e-07    0.0625    4.6166297740036501499e-05
657    191    203    2.3708286933869581396e-06    0.0401487763813350787    5.1757553054410847335e-05
658    192    195    2.3708286933869564455e-06    0.031936526666971047639    3.0075867318792150011e-05
659    192    195    1.4999999999999970734e-06    0.025568181818181719145    3.0372725357558421017e-05
660    193    194    1.4999999999999970734e-06    0.013392857142857090072    5.8745430135935225761e-05
661    193    196    3.4999999999999914772e-06    0.018121301775147841129    3.3988341461131045171e-05
662    194    196    2.6213203435596333943e-06    0.033035193959421130239    3.72878505035270389e-05
663    194    204    1.4999999999999970734e-06    0.022499999999999912431    4.6757268337993257293e-05
664    195    197    6.2879184513951244444e-06    0.020255081173870523314    3.3011827984779208798e-05
665    195    197    2.0811388300841903141e-06    0.027763710449257645446    5.0958898919862153439e-05
666    195    202    1.4999999999999970734e-06    0.028124999999999889672    4.5526215183487643784e-05
667    198    200    1.4999999999999970734e-06    0.012499999999999952122    3.6127003464705032681e-05
668    198    204    1.4999999999999970734e-06    0.013719512195121895751    3.3886861064015818472e-05
669    200    202    3.2386127875258352069e-06    0.032776914961018317751    1.5924879049815040839e-05
