17    4.999999999999999562e-05    4.999999999999999562e-05    4.999999999999999562e-05
1    3.999999999999999819e-06    1.29999999999999992e-05    3.999999999999999819e-06    2    3    4    0    0    17    18    
2    2.1999999999999999428e-05    3.9999999999999996496e-05    4.999999999999999562e-06    5    0    4    4    5    6    0    1    10    19    20    21    22    
3    2.799999999999999958e-05    1.2000000000000000304e-05    6.999999999999999895e-06    5    -1    1    9    9    9    1    0    1    17    23    24    25    
4    6.000000000000000152e-06    3.2999999999999995754e-05    1.0999999999999999714e-05    4    1    2    2    9    0    0    18    19    20    26    
5    4.4999999999999996058e-05    3.4999999999999996934e-05    1.8000000000000000456e-05    5    0    2    7    9    11    0    1    11    21    27    28    29    
6    1.8000000000000000456e-05    4.4999999999999996058e-05    1.8000000000000000456e-05    4    0    2    8    11    0    1    12    22    30    31    
7    3.7999999999999995316e-05    3.999999999999999819e-06    2.4000000000000000608e-05    5    -1    -1    5    9    12    1    0    2    3    27    32    33    
8    3.000000000000000076e-06    4.8999999999999998418e-05    2.499999999999999781e-05    3    0    6    13    0    1    13    30    34    
9    7.999999999999999638e-06    1.8999999999999997658e-05    2.59999999999999984e-05    15    -1    -1    3    3    3    4    5    7    10    12    13    13    13    15    16    1    0    4    5    23    24    25    26    28    32    35    36    37    38    39    40    41    
10    1.5999999999999999276e-05    1.9999999999999999095e-06    3.1999999999999998552e-05    2    -1    9    1    0    6    35    
11    3.6000000000000000912e-05    4.6000000000000000036e-05    3.7999999999999995316e-05    4    0    5    6    13    0    1    14    29    31    42    
12    2.499999999999999781e-05    3.999999999999999819e-06    4.3999999999999998856e-05    5    -1    7    9    15    15    1    0    7    33    36    43    44    
13    1.8000000000000000456e-05    4.1000000000000000474e-05    4.3999999999999998856e-05    8    0    0    8    9    9    9    11    15    0    1    15    16    34    37    38    39    42    45    
14    1.9999999999999999095e-06    1.9999999999999999095e-06    4.6000000000000000036e-05    1    -1    1    0    8    
15    3.2999999999999995754e-05    1.6999999999999999866e-05    4.6000000000000000036e-05    5    9    12    12    13    16    0    0    40    43    44    45    46    
16    1.0999999999999999714e-05    2.0999999999999998838e-05    4.6000000000000000036e-05    2    9    15    0    0    41    46    
17    4.2999999999999994878e-05    9.9999999999999995475e-07    4.8000000000000001216e-05    1    -1    1    0    9    
