760
1    -1    6    4.1055512754639890703e-06    0.026502439112364762491    9.1787798753429111802e-06
2    -1    8    4.9999999999999997737e-07    0.0089285714285714298105    2.0524375751773793583e-05
3    -1    11    4.9999999999999997737e-07    0.0062500000000000003469    2.7317576759295470563e-05
4    -1    11    4.9999999999999997737e-07    0.0078125    2.4109126902482390858e-05
5    -1    21    4.9721359549995691683e-06    0.031057959742461657693    4.6097722286464427868e-06
6    -1    29    3.3284271247461906075e-06    0.025644507233208786029    3.35410196624968449e-06
7    -1    30    4.4999999999999958788e-06    0.042542016806722621203    2.6925824035672538047e-06
8    -1    33    6.156854249492382614e-06    0.035493309222371177691    5.0249378105604398714e-06
9    -1    35    4.4999999999999891026e-06    0.062499999999999701628    2.8057975693196401891e-05
10    -1    38    7.5710678118654699351e-06    0.035915456022472057318    7.500000000000001037e-06
11    -1    48    4.6231056256176617341e-06    0.035385936466254430677    4.9244289008980523202e-06
12    -1    63    6.4999999999999970589e-06    0.041914682539682501794    6.1032778078668511239e-06
13    -1    65    4.1055512754639882233e-06    0.03901747980431476831    2.7207535720825582631e-05
14    -1    69    3.6622776601683722864e-06    0.026611662024143507843    1.0500000000000001113e-05
15    -1    72    4.7426406871192842814e-06    0.034497915164293367629    2.6925824035672512636e-06
16    -1    76    6.3309518948452959112e-06    0.02955822411124280763    1.5945218719101973513e-05
17    -1    83    8.3102496759066517415e-06    0.044961100049418362135    2.6986107537027268936e-05
18    -1    83    4.1055512754639941525e-06    0.040132264941581022311    3.5217183305880672456e-05
19    -1    92    3.4999999999999982534e-06    0.036897590361445749274    6.8007352543677200224e-06
20    -1    92    2.4999999999999942753e-06    0.057870370370370106949    1.4568802284333462035e-05
21    -1    95    4.5000000000000026551e-06    0.036420863309352562165    1.3720422734012240103e-05
22    -1    115    3.3284271247461965367e-06    0.02233553855795611387    1.6650825805346703508e-05
23    -1    120    3.4999999999999982534e-06    0.052801724137930987346    3.3974254958718373308e-05
24    -1    120    5.499999999999999857e-06    0.028009259259259258051    2.3221757039466247452e-05
25    -1    127    5.499999999999999857e-06    0.033611111111111112437    4.499999999999999267e-06
26    -1    130    5.499999999999999857e-06    0.028975095785440614649    1.6317168872080720522e-05
27    -1    138    2.7360679774997830376e-06    0.019700178888157247881    2.8657459761814201628e-05
28    -1    152    2.5000000000000010515e-06    0.055803571428571480117    1.3973188612482120231e-05
29    -1    152    1.4999999999999970734e-06    0.023437499999999906325    1.8200274723201299013e-05
30    -1    152    2.7360679774997864257e-06    0.051986583177081747975    1.3351029922818691717e-05
31    -1    153    1.9142135623730910043e-06    0.016963951677653146821    2.8587584717845613359e-05
32    -1    153    2.7360679774997830376e-06    0.041589266541665302623    3.6403983298534796386e-05
33    -1    153    4.6231056256176625811e-06    0.036597783605509727478    2.0742468512691542422e-05
34    -1    166    5.499999999999999857e-06    0.036358173076923079592    3.7749172176353735414e-06
35    -1    168    3.3284271247461863723e-06    0.052256731720500777805    2.1615966321217290554e-05
36    -1    169    8.3102496759066517415e-06    0.023912828835147718898    7.0178344238091011173e-06
37    -1    185    5.5990195135927867359e-06    0.04168752594892661395    5.3150729063673199869e-06
38    -1    186    3.3284271247461914545e-06    0.036928090415820673253    2.6925824035672567693e-06
39    -1    187    8.5622577482985450198e-06    0.031223278427725074252    1.2257650672131256407e-05
40    -1    189    6.4999999999999970589e-06    0.010945595854922272536    4.2038672671719778126e-05
41    -1    203    2.7360679774997876963e-06    0.018904212064393383086    1.3388427838995879484e-05
42    -1    203    1.500000000000000038e-06    0.024456521739130439308    1.1629703349613011281e-05
43    -1    205    3.6622776601683964268e-06    0.019723937735541919453    1.4603081866510234931e-05
44    -1    208    4.9721359549995945793e-06    0.026755558392856853417    2.9278831943914701861e-05
45    -1    217    3.3284271247461914545e-06    0.020668707322287684092    1.5819292019556372163e-05
46    -1    226    4.9999999999999997737e-07    0.0625    4.9999999999999997737e-07
47    1    0    4.9999999999999997737e-07    0.0625    5.0000000000001215347e-07
48    10    0    4.500000000000000114e-06    0.058866279069767456222    3.1340867888429656241e-05
49    15    0    4.7426406871192978339e-06    0.014308295602493262266    1.9397164741270820439e-05
50    15    0    2.7360679774997843081e-06    0.034027581715908007676    1.3865424623862049477e-05
51    16    0    2.7360679774997889668e-06    0.021761825515987751056    2.1546461426415251892e-05
52    18    0    3.4999999999999999475e-06    0.022854477611940298559    8.20060973342836186e-06
53    34    0    3.6622776601683710158e-06    0.025402041023046061791    2.3457408211479802135e-05
54    39    0    7.7801098892805195615e-06    0.024766820740294820391    6.8007352543677251046e-06
55    44    0    4.9999999999999997737e-07    0.03125    5.0000000000001215347e-07
56    46    0    3.6622776601683773686e-06    0.025402041023046148527    1.4186260959111110779e-05
57    54    0    7.5710678118654750173e-06    0.045063732556498016513    1.0594810050208545028e-05
58    68    0    3.3284271247461965367e-06    0.034192676310945163687    3.5373012311647979622e-05
59    77    0    4.9999999999999997737e-07    0.020833333333333332177    2.1891779278989649353e-05
60    77    0    4.5000000000000026551e-06    0.033750000000000043854    1.8634645153584240189e-05
61    78    0    6.5000000000000038351e-06    0.041914682539682585061    1.8500000000000005833e-05
62    82    0    2.736067977499792355e-06    0.027522308740808101163    5.6789083458002683109e-06
63    86    0    4.7426406871192783521e-06    0.026905072592247874369    2.1266170318136743198e-05
64    86    0    4.9999999999999997737e-07    0.010416666666666666088    1.6007810593582115835e-05
65    86    0    2.5000000000000010515e-06    0.026939655172413815715    1.2816005617976301327e-05
66    89    0    2.5000000000000010515e-06    0.021701388888888908935    8.7321245982864854744e-06
67    89    0    4.500000000000000961e-06    0.029094827586206909592    1.1280514172678475919e-05
68    93    0    4.4999999999999891026e-06    0.02596153846153833461    3.7749172176353824353e-06
69    99    0    7.7801098892805110912e-06    0.037831318680800259113    4.1533119314590366766e-06
70    105    0    8.4999999999999914627e-06    0.043005952380952297553    5.5901699437494718913e-06
71    105    0    4.5000000000000026551e-06    0.044021739130434840714    2.5656383221334995307e-05
72    107    0    1.9142135623731007452e-06    0.025445927516479976971    1.118033988749897724e-06
73    109    0    3.5000000000000050297e-06    0.015786082474226848654    8.20060973342836186e-06
74    117    0    1.9142135623730910043e-06    0.026942746782154997076    2.2912878474779163677e-06
75    126    0    5.4999999999999981629e-06    0.017752347417840364657    1.2932517156377559253e-05
76    126    0    1.9142135623730910043e-06    0.045802669529663490866    1.6560495161679190625e-05
77    133    0    1.9142135623730910043e-06    0.039828408286663910531    5.0000000000001215347e-07
78    140    0    2.7360679774997830376e-06    0.032267534385774801486    3.0269621735330636361e-05
79    142    0    9.5000000000000022171e-06    0.040362254025044744243    7.0178344238091019643e-06
80    144    0    5.8851648071345045163e-06    0.019997208318206990962    1.597654530867046287e-05
81    146    0    4.6231056256176625811e-06    0.037895577350385963034    2.6925824035672567693e-06
82    151    0    3.3284271247461821371e-06    0.050356486930664266788    1.8309833423600555913e-05
83    157    0    1.500000000000000038e-06    0.022500000000000006106    2.739069184960468215e-05
84    162    0    3.4999999999999982534e-06    0.025953389830508453995    1.5724185193516386136e-05
85    170    0    2.5000000000000078278e-06    0.042229729729729999221    9.0691785736085224614e-06
86    181    0    5.8851648071344892698e-06    0.018229034109018070475    6.4608435981688958397e-05
87    184    0    7.7111025509279744575e-06    0.044241891778964224924    1.1586630226256476822e-05
88    194    0    5.499999999999999857e-06    0.033314977973568284109    9.552486587271405625e-06
89    207    0    7.5710678118654860288e-06    0.025544147866250289935    1.3124404748406672311e-05
90    207    0    2.4999999999999942753e-06    0.03324468085106368348    2.9364093720052025484e-05
91    207    0    1.4999999999999970734e-06    0.033088235294117515628    1.7727097901235846133e-05
92    210    0    4.9999999999999997737e-07    0.0044642857142857149053    2.4233241632105271537e-05
93    223    0    4.9999999999999997737e-07    0.020833333333333332177    1.1180339887499009004e-06
94    225    0    4.9999999999999997737e-07    0.0625    5.0000000000001215347e-07
95    2    19    4.9999999999999997737e-07    0.0034722222222222224632    2.5001009977569016495e-05
96    4    28    2.4999999999999942753e-06    0.022977941176470482315    2.4262709424461659322e-05
97    4    76    4.9999999999999997737e-07    0.015625    5.0958934084752602832e-05
98    5    17    3.4999999999999999475e-06    0.01314377682403433667    2.3968153184620653146e-05
99    5    20    2.08113883008418862e-06    0.036092823584034885998    3.5856376342227391308e-05
100    6    9    2.5000000000000002045e-06    0.031250000000000006939    2.4790855052545811196e-05
101    6    9    2.7360679774997902374e-06    0.023393962429686852855    2.5181134584113684812e-05
102    7    16    2.8452078799117125754e-06    0.01945963432671082502    2.71567810792941477e-05
103    7    17    3.0495097567963918214e-06    0.015295246310520378696    2.0414882402465025634e-05
104    8    11    3.0495097567963918214e-06    0.013134900786435577819    2.9335098913649660204e-05
105    8    19    1.4999999999999970734e-06    0.0624999999999997502    4.8582097264282020127e-05
106    8    19    4.9999999999999997737e-07    0.0625    3.8913090260241472149e-05
107    8    19    4.9999999999999997737e-07    0.0078125    3.6055197823903288026e-05
108    8    25    2.0811388300841890435e-06    0.016658226269554567839    1.3550118369754603136e-05
109    8    33    2.08113883008418862e-06    0.027763710449257600343    2.813852669298808244e-05
110    8    33    1.2071067811865467085e-06    0.026019763949759744381    3.7748175468419611716e-05
111    8    33    4.9999999999999997737e-07    0.020833333333333332177    2.5607679601246430328e-05
112    9    59    3.0495097567963901273e-06    0.012236197048416289079    4.6129231134982347381e-05
113    10    17    1.5000000000000038496e-06    0.029605263157894894793    4.8601481995010097949e-05
114    10    17    2.8452078799117138459e-06    0.028911456713970395266    4.2626575619056137993e-05
115    10    18    4.9999999999999997737e-07    0.015625    4.18640263510736306e-05
116    10    18    4.9999999999999997737e-07    0.0052083333333333330442    4.0259624534448003525e-05
117    10    32    2.5000000000000010515e-06    0.037202380952380986745    2.5737649172301757961e-05
118    10    36    1.2071067811865456497e-06    0.036427669529663579684    1.5013273840483612484e-05
119    10    39    2.3708286933869687275e-06    0.030547982029276967569    2.9227796072120644668e-05
120    10    41    2.4999999999999942753e-06    0.037202380952380785517    3.732343168872637282e-05
121    11    19    1.500000000000000038e-06    0.051136363636363646457    4.6419088395719838576e-05
122    11    20    4.9999999999999997737e-07    0.020833333333333332177    3.0619271632692290691e-05
123    11    30    2.3708286933869687275e-06    0.031936526666971373767    2.5392452950754676059e-05
124    11    40    4.4999999999999958788e-06    0.022301762114537406617    1.6363713797507370716e-05
125    12    23    3.4999999999999999475e-06    0.028621495327102803446    2.5557446002225222767e-05
126    12    24    2.4999999999999993575e-06    0.02693965517241378102    4.5700893509976428953e-05
127    12    26    3.3284271247461821371e-06    0.017753889622990608882    2.2829718392455035359e-05
128    12    26    2.9494897427831833324e-06    0.037497800615444866479    3.5868739031870147595e-05
129    13    26    3.8166247903554001463e-06    0.020344448031222629736    1.853386847798270943e-05
130    13    35    4.9999999999999997737e-07    0.0044642857142857149053    3.9263812360358262747e-05
131    13    35    4.4370039370059040587e-06    0.023215806529488083876    3.9500359850672986611e-05
132    14    22    2.0811388300841983609e-06    0.018668701853811319608    2.558572665517440018e-05
133    14    26    3.7403703492039330522e-06    0.033957209585446485045    2.8741420227133426758e-05
134    14    57    2.4999999999999942753e-06    0.027901785714285587403    3.6641580789702400027e-05
135    15    22    1.500000000000000038e-06    0.017578125000000003469    5.0578169711346337815e-05
136    15    22    5.0276925690687093991e-06    0.021349402507659393652    3.0347703187256801552e-05
137    15    22    1.7247448713916028252e-06    0.026560222065996758056    4.3349843780791881337e-05
138    15    22    3.049509756796395633e-06    0.026122218417967454918    3.8394943424418805881e-05
139    15    34    2.4999999999999942753e-06    0.03633720930232541696    3.984166544153676685e-05
140    15    52    3.4154759474226235392e-06    0.014655120536962900138    2.4715878850575630156e-05
141    15    86    4.9999999999999997737e-07    0.03125    5.6446672301139944777e-05
142    16    50    3.0495097567963922449e-06    0.013285013938280559181    2.8806977421345979722e-05
143    16    50    2.08113883008418862e-06    0.026409383110269420147    3.3405976628698284988e-05
144    16    50    4.9999999999999997737e-07    0.03125    2.9477556647153747935e-05
145    17    23    2.499999999999999781e-06    0.030048076923076920408    6.1043676524534328355e-05
146    17    45    3.0495097567963905508e-06    0.03940470235930670917    2.4412384571984669317e-05
147    17    50    3.0495097567963977506e-06    0.025831971546656739419    3.0534654507804957746e-05
148    17    60    4.2416573867739439362e-06    0.01595005087479961503    3.2403798838367431779e-05
149    18    34    4.9999999999999997737e-07    0.03125    4.7636440701940492332e-05
150    18    41    2.3708286933869657629e-06    0.029898024964824191502    2.0711844098180291106e-05
151    19    20    2.4999999999999993575e-06    0.042229729729729714727    4.7236278651851592648e-05
152    19    23    3.0495097567963918214e-06    0.030193213496092170811    5.6349242365629178858e-05
153    19    23    3.8911649915626389518e-06    0.01981827878476790164    2.9179924625803147951e-05
154    19    26    1.500000000000000038e-06    0.020089285714285719242    4.283246019967726088e-05
155    19    31    1.5000000000000038496e-06    0.035156250000000180411    2.700698339395070824e-05
156    19    42    2.0811388300841903141e-06    0.015692531993058669165    1.6046199900084497309e-05
157    19    42    4.9999999999999997737e-07    0.0625    1.7331406843230468489e-05
158    19    64    3.0495097567963981741e-06    0.020216325558253103734    4.5536795628706302434e-05
159    20    40    3.8911649915626338696e-06    0.026470568167067536763    2.2135175259544240256e-05
160    20    59    4.9999999999999997737e-07    0.015625    4.3988811541118614222e-05
161    20    59    4.6231056256176574989e-06    0.02313106669439137647    2.9892837913800994275e-05
162    21    33    3.0495097567963918214e-06    0.029428828344292369545    2.4100878288177862463e-05
163    21    35    3.5000000000000058767e-06    0.016554054054054110484    2.7353567513524347629e-05
164    21    38    2.5000000000000002045e-06    0.024038461538461543265    2.6121589750053198116e-05
165    22    49    5.6478150704935019179e-06    0.028685085495048133486    3.3848958658792735162e-05
166    22    66    3.3284271247462011954e-06    0.021981006199893380476    3.1503149544980694021e-05
167    22    70    2.3708286933869716921e-06    0.02867769741523967103    4.7034523015056621813e-05
168    22    79    3.5822070014844694611e-06    0.02587138508363780523    4.3934039995979892778e-05
169    23    24    1.5000000000000004615e-06    0.037500000000000033307    4.7949199346924267003e-05
170    23    27    2.4999999999999942753e-06    0.039062499999999819589    4.2404620870741425108e-05
171    23    37    3.5822070014844868253e-06    0.027655618537682065405    1.9848723605067612903e-05
172    23    42    1.4999999999999987675e-06    0.040178571428571369095    2.3583757234565532477e-05
173    24    34    3.5822070014844821666e-06    0.020564434297250716588    1.8758536492253158535e-05
174    24    37    4.9999999999999997737e-07    0.0044642857142857149053    5.7036632738641701492e-05
175    24    41    2.5000000000000010515e-06    0.039062500000000034694    3.6032678964479111599e-05
176    24    43    4.9999999999999997737e-07    0.015625    3.1166568177388763526e-05
177    24    49    4.4370039370059082939e-06    0.01200427069329629802    4.4703230132513450674e-05
178    24    61    2.3708286933869678805e-06    0.013776540915164111473    3.459877128169325342e-05
179    24    68    2.5000000000000010515e-06    0.033244680851063863891    3.9780253290295721933e-05
180    25    33    4.9999999999999997737e-07    0.0625    2.3973025185991247976e-05
181    25    40    1.914213562373095663e-06    0.018694967154964780426    2.871605095480930862e-05
182    25    69    4.9999999999999997737e-07    0.0625    3.664695279195193155e-05
183    26    35    4.437003937005909988e-06    0.028124291338579923694    4.6177576436944843552e-05
184    26    49    2.5000000000000010515e-06    0.030048076923076951633    3.9581602711489955186e-05
185    26    53    2.0811388300841915846e-06    0.024608743352751125816    3.3174503331386421602e-05
186    26    55    3.0495097567963850451e-06    0.042270498894528857337    2.2745867426256257521e-05
187    27    37    4.0355339059327376562e-06    0.021541711515784048997    1.4788192344972895585e-05
188    27    60    2.4999999999999976634e-06    0.048828124999999909794    3.4377889958845204369e-05
189    28    35    4.3078865529319549914e-06    0.012505314388768170447    3.713992520063357205e-05
190    28    62    4.4999999999999891026e-06    0.015771028037383102993    2.5662628382010158875e-05
191    29    30    2.3708286933869729627e-06    0.029275149444723862213    1.4886479272218452221e-05
192    30    40    2.3708286933869712686e-06    0.0094309206264882126242    2.683281572999747592e-05
193    31    35    2.5000000000000010515e-06    0.020292207792207809375    2.3135651104958795477e-05
194    31    51    2.0811388300841915846e-06    0.022558014740021864464    3.0110569614227928372e-05
195    32    36    3.0495097567963901273e-06    0.040084093779294734106    1.0713645326729269637e-05
196    32    37    4.9999999999999997737e-07    0.03125    3.3211157841657066789e-05
197    32    41    1.5000000000000004615e-06    0.040178571428571459301    1.7230169423690527039e-05
198    32    47    3.0495097567963922449e-06    0.023018588506921761061    1.2170539172199129813e-05
199    33    51    1.5000000000000004615e-06    0.01939655172413794551    3.8467511434449657098e-05
200    33    51    1.2071067811865456497e-06    0.033116063208785066763    2.498634898872186032e-05
201    33    69    2.370828693386969998e-06    0.03122682607437204591    3.2280197077045447553e-05
202    34    54    2.3708286933869644923e-06    0.033457313651112749464    2.203338531228169172e-05
203    34    70    1.2071067811865456497e-06    0.028021284253587366853    3.5761261888616301119e-05
204    35    38    4.5620192023179724567e-06    0.015766681213877201811    2.7155938780279960452e-05
205    35    51    5.4497474683058342947e-06    0.036576043680179616546    2.786675227063040218e-05
206    35    55    4.035533905932732574e-06    0.018762135836327995669    3.8712981664118135418e-05
207    35    57    4.2416573867739397011e-06    0.011533113709470466102    5.2068837252051302549e-05
208    35    91    3.7403703492039343228e-06    0.028905723861991656359    5.0945339266806293063e-05
209    35    91    1.9142135623730935454e-06    0.048213336347014336403    4.5672183905516296155e-05
210    36    77    1.2071067811865359088e-06    0.052039527899518558951    3.4134930184899844744e-05
211    37    43    1.7247448713915867315e-06    0.02187312405434986215    2.7184618190875584591e-05
212    37    43    1.4999999999999970734e-06    0.033088235294117515628    2.2767203723225789712e-05
213    37    47    4.0355339059327376562e-06    0.01469813529416312374    2.120383967312012408e-05
214    37    61    2.5000000000000078278e-06    0.015024038461538557349    3.1961086171976463386e-05
215    37    75    2.5000000000000010515e-06    0.016983695652173929486    3.4476576433058552765e-05
216    39    46    4.9999999999999997737e-07    0.020833333333333332177    4.0801489619547350463e-05
217    39    50    2.0811388300841852319e-06    0.031846609044736552685    5.2818280942013395136e-05
218    39    77    3.0495097567963969036e-06    0.021526642955547271863    3.5631078701449028908e-05
219    40    59    4.9999999999999997737e-07    0.0089285714285714298105    4.1565494661779168225e-05
220    40    63    2.08113883008418862e-06    0.024608743352751052957    3.4259669536459387898e-05
221    40    64    3.74037034920392797e-06    0.022277659791725981653    2.9903115623871389875e-05
222    40    65    4.7426406871192859754e-06    0.02466298320956063217    2.4147220891631975828e-05
223    41    68    1.2071067811865477672e-06    0.024285113019775806525    2.9343304871954674221e-05
224    42    64    1.7247448713915896961e-06    0.029747448713915915219    3.9842318527667806361e-05
225    42    75    1.2071067811865456497e-06    0.052039527899519398557    4.0925817851817037013e-05
226    43    47    2.3708286933869755038e-06    0.036030953162737140716    1.5489616780974564122e-05
227    43    61    2.3708286933869763508e-06    0.019516766296482631476    2.397966615541200305e-05
228    45    50    2.3708286933869767743e-06    0.023817070734690679035    3.1240332901278943564e-05
229    46    50    3.499999999999999524e-06    0.016734972677595626178    3.4493152629128875583e-05
230    46    71    1.9142135623730982041e-06    0.028626668456039897764    2.9032224567009047491e-05
231    47    61    1.4999999999999970734e-06    0.028124999999999889672    3.1185143902878966111e-05
232    47    67    1.4999999999999970734e-06    0.0624999999999997502    2.4780027181980079107e-05
233    47    68    2.2320508075688742572e-06    0.032776650049795165442    3.5895923562802753664e-05
234    47    68    3.4999999999999914772e-06    0.036029411764705712717    3.0843445382682356873e-05
235    47    77    1.2071067811865456497e-06    0.016558031604392533381    4.1578454239633585532e-05
236    48    59    2.0811388300841890435e-06    0.021231072696491114921    5.33730799281754932e-05
237    48    72    2.08113883008418862e-06    0.03281165780366807061    2.3904988432212062534e-05
238    49    61    5.4999999999999939278e-06    0.023197852760736145661    2.9861572487388614837e-05
239    50    56    4.9999999999999997737e-07    0.015625    2.1405124837953325037e-05
240    50    60    4.035533905932734268e-06    0.022007478251260422647    3.3957813942306790589e-05
241    50    71    2.0811388300841903141e-06    0.036092823584034941509    3.4953769831043573243e-05
242    50    77    2.0811388300841852319e-06    0.028494334408448500351    4.7782231416822226028e-05
243    50    77    2.0811388300841928552e-06    0.014437129433614012686    4.6279141324961277381e-05
244    50    96    4.9999999999999997737e-07    0.020833333333333332177    4.1488614375232762607e-05
245    50    96    1.9142135623731126037e-06    0.026172954016951164441    6.2667390457951671493e-05
246    51    58    4.9999999999999997737e-07    0.020833333333333332177    2.5562095133464508254e-05
247    51    58    4.9999999999999997737e-07    0.03125    2.4702950412829791343e-05
248    51    64    3.2386127875258313953e-06    0.020977225575051671597    4.4343435020297832102e-05
249    51    65    2.4999999999999942753e-06    0.032552083333333182991    3.6282743786671754868e-05
250    52    70    1.7247448713915799553e-06    0.032334183384690851071    2.3534654715097954604e-05
251    52    79    2.9494897427831735916e-06    0.024165249285508758753    3.0077177342836389944e-05
252    53    61    5.647815070493502765e-06    0.019690009302773783112    2.2168179713850919336e-05
253    53    64    2.5000000000000010515e-06    0.036337209302325618188    6.3983698714647569078e-05
254    53    84    2.621320343559636359e-06    0.013420547546014863216    2.7378245860866931235e-05
255    53    85    3.0495097567963850451e-06    0.025548103727462499052    4.6905373529197019744e-05
256    54    68    1.4999999999999970734e-06    0.020089285714285635975    5.5182298767441031908e-05
257    54    78    3.0495097567963875862e-06    0.025831971546656565947    2.574844963061063841e-05
258    54    78    1.4999999999999970734e-06    0.011718749999999953162    3.0231255478931096938e-05
259    55    57    4.0355339059327368091e-06    0.026437555042098589975    1.9855190491954071222e-05
260    55    85    1.4999999999999970734e-06    0.026785714285714180144    3.0954599084059164103e-05
261    55    91    3.5000000000000050297e-06    0.022192028985507313704    4.3340569108463841057e-05
262    57    62    4.4999999999999891026e-06    0.01480263157894729821    3.1648589735550113414e-05
263    57    66    4.9999999999999997737e-07    0.0089285714285714298105    5.727043221738785557e-05
264    57    66    3.582207001484492331e-06    0.015276436906529189397    3.6260704130414275672e-05
265    57    85    1.7247448713915909667e-06    0.027543933994366630313    3.7606249077100814787e-05
266    57    87    5.0276925690687102461e-06    0.030381842030130681853    2.6641246231268367648e-05
267    58    64    1.5000000000000038496e-06    0.033088235294117820939    4.7813146864155295281e-05
268    59    60    2.7360679774997910844e-06    0.017490813031541582734    4.2750264457195314544e-05
269    59    60    3.0495097567963918214e-06    0.029060967989988716054    4.0052533651661640312e-05
270    59    63    4.9999999999999997737e-07    0.010416666666666666088    4.8537297669804318969e-05
271    59    64    6.5000000000000038351e-06    0.021468495934959381383    2.7036984906216262502e-05
272    59    72    2.5000000000000010515e-06    0.022321428571428592741    5.43129911743570721e-05
273    59    72    4.9999999999999997737e-07    0.020833333333333332177    6.2333304504669202013e-05
274    59    74    3.0495097567963918214e-06    0.01367574964234763088    4.6899454745608234151e-05
275    59    74    4.9999999999999997737e-07    0.0069444444444444449263    3.3337126663456927221e-05
276    59    74    4.9999999999999997737e-07    0.0625    3.7326087159302122744e-05
277    59    75    5.6478150704935019179e-06    0.027980539535520633498    4.5616398483694397311e-05
278    59    81    2.499999999999999781e-06    0.029481132075471691567    4.651153189483525326e-05
279    59    81    3.328427124746191031e-06    0.014970847465873238225    4.2301114574775455595e-05
280    59    90    4.1742346141747634162e-06    0.030676469391152708793    3.4067574940875552426e-05
281    59    108    1.4999999999999970734e-06    0.056249999999999779343    4.5010319113298317582e-05
282    59    108    3.499999999999999524e-06    0.047115384615384607592    5.5970290699397172408e-05
283    59    108    3.5822070014844868253e-06    0.02056443429725076863    4.4839217080259105032e-05
284    59    120    3.2386127875258313953e-06    0.021146396749044022584    7.6763501398800391626e-05
285    59    120    2.7360679774997893903e-06    0.025993291588540929499    5.7718933156392427156e-05
286    59    123    3.0495097567963918214e-06    0.020042046889647387869    5.1035676866176702608e-05
287    59    123    2.0811388300841915846e-06    0.032811657803668167754    5.9430206252680419898e-05
288    59    139    2.9494897427831837559e-06    0.029390168049943286854    6.1529539274002582731e-05
289    60    67    3.0495097567963918214e-06    0.015815492783667329385    3.0821124961814559185e-05
290    60    74    2.7360679774997838846e-06    0.031191949906248999519    2.4319106053673938858e-05
291    60    75    4.1055512754639941525e-06    0.021175315672693505176    2.4848412071905833371e-05
292    60    96    2.4999999999999976634e-06    0.050403225806451512625    3.987196414209344484e-05
293    60    101    2.3708286933869725391e-06    0.03697913614070381938    3.5373845858293057455e-05
294    61    66    4.9999999999999997737e-07    0.015625    6.4082229799903499224e-05
295    61    67    3.3284271247461867958e-06    0.033368756399837856685    3.6489318628150755773e-05
296    61    68    4.035533905932734268e-06    0.017325036070141183048    2.7354744518044311614e-05
297    61    73    3.0495097567963918214e-06    0.014903060507686522254    3.9776082326554482009e-05
298    61    85    2.3708286933869725391e-06    0.014949012482412182487    4.7562713314297321411e-05
299    61    102    2.2320508075688725631e-06    0.025948181289421123202    4.2732208483867292412e-05
300    62    76    3.0495097567963888568e-06    0.040084093779294699411    3.3767480047670096223e-05
301    62    87    3.0495097567963863157e-06    0.015096606748046033364    3.5335709554074973488e-05
302    62    91    5.9313902456001073367e-06    0.025346822943515930071    2.5046645387819999507e-05
303    62    91    1.4999999999999970734e-06    0.0093749999999999649586    4.1278648191482496884e-05
304    63    120    3.4999999999999982534e-06    0.024114173228346434674    4.2109301092137753288e-05
305    64    65    4.1055512754639848352e-06    0.016991483140588660439    1.7639410298049853739e-05
306    64    75    2.736067977499792355e-06    0.024625223610196728119    4.1795407726707026826e-05
307    64    75    2.0811388300841852319e-06    0.031846609044736552685    5.5737394215996108261e-05
308    64    83    3.0495097567963981741e-06    0.027351499284695376252    6.2653941262722330973e-05
309    64    85    2.7360679774997953196e-06    0.027123434701086312354    7.786662110283207826e-05
310    65    69    2.3708286933869712686e-06    0.028677697415239664092    4.089512993871756224e-05
311    65    69    3.3284271247461906075e-06    0.042609335095177669483    3.3470005960556893838e-05
312    65    83    2.3708286933869657629e-06    0.018489568070351802137    6.1461838431522682145e-05
313    66    79    5.9313902456001115718e-06    0.020743744248584994327    2.917025717467031299e-05
314    66    85    3.0495097567964142678e-06    0.026419061809081038905    4.2416450978279970018e-05
315    66    87    4.0355339059327224096e-06    0.029718127565570465892    3.9030643047931584926e-05
316    66    114    3.4999999999999914772e-06    0.02686403508771917012    3.3269427918883856174e-05
317    67    75    6.0226805085936286133e-06    0.024776421112427327725    1.5729041208869949496e-05
318    67    77    2.7360679774997893903e-06    0.031720627023304186209    3.9126158327994802941e-05
319    67    77    4.9999999999999997737e-07    0.0062500000000000003469    4.2546068082051751173e-05
320    67    96    3.5822070014844847077e-06    0.028389838498859436972    4.1264300132414143899e-05
321    67    96    2.0811388300841852319e-06    0.030077352986695636561    4.1304746462138150704e-05
322    67    101    3.0495097567963943625e-06    0.02980612101537309655    3.7899922491535224692e-05
323    67    104    3.6622776601683832978e-06    0.023950495821729304857    3.8390361739107347336e-05
324    67    121    2.8452078799117168106e-06    0.028108360694137937003    3.9188510681420645246e-05
325    68    78    2.3708286933869653394e-06    0.023817070734690450051    4.2376295101880068314e-05
326    68    78    3.5822070014844825901e-06    0.017064105055165493252    4.0634758103647272394e-05
327    68    99    2.0811388300841809967e-06    0.027763710449257399115    3.1306832710953801568e-05
328    68    102    4.9999999999999997737e-07    0.03125    5.5652482316961673946e-05
329    68    103    3.0495097567963969036e-06    0.033212534845701503772    2.8087882645954996276e-05
330    68    104    2.4999999999999807227e-06    0.030048076923076462441    3.4592532298138675857e-05
331    69    83    1.500000000000000038e-06    0.056250000000000008327    4.0358457624842719374e-05
332    70    73    3.7403703492039228878e-06    0.021197530832127085137    2.0616767169952992036e-05
333    70    78    5.3476798574163181196e-06    0.021341552132400160025    1.7582664580791621819e-05
334    70    79    2.9494897427831710505e-06    0.017124979808628218447    2.3642234955736536064e-05
335    70    86    4.9721359549995793327e-06    0.021994782878113502966    1.6798373876248846068e-05
336    70    105    1.2071067811865551788e-06    0.021428040899802443253    2.9048626763603121976e-05
337    71    89    2.0811388300841915846e-06    0.025181039709791852577    2.9017256745925531825e-05
338    71    96    2.0811388300841920082e-06    0.016918511055016405287    4.2362302251401138631e-05
339    71    96    2.4999999999999942753e-06    0.026041666666666553331    3.878087527793960262e-05
340    73    78    4.5000000000000026551e-06    0.015529141104294496428    2.6727938263270453311e-05
341    73    79    2.0811388300841894671e-06    0.032811657803668105304    2.8618476895311458494e-05
342    73    94    4.9999999999999997737e-07    0.0089285714285714298105    2.7983838664926201855e-05
343    73    100    3.7403703492039250054e-06    0.03041384858522585416    2.1321007555904532152e-05
344    73    102    2.6213203435596460998e-06    0.02684109509202992766    5.1330969052775819793e-05
345    73    140    1.2071067811865359088e-06    0.040475188366292214059    5.6523863137400549796e-05
346    74    96    3.7403703492039305111e-06    0.028668791699188390237    3.9772071386054969988e-05
347    74    108    3.5822070014844847077e-06    0.027655618537682030711    3.1275245460222569926e-05
348    74    108    1.4999999999999970734e-06    0.04687499999999981265    3.2653921872704388116e-05
349    75    84    4.9999999999999997737e-07    0.0625    3.3909328308850175118e-05
350    75    98    1.2071067811865456497e-06    0.045534586912079469401    4.817508567768329661e-05
351    75    98    3.0495097567963981741e-06    0.023967808651537182013    3.7717785624661020593e-05
352    75    98    1.7247448713915909667e-06    0.027543933994366630313    3.0171453578292925849e-05
353    75    101    4.4370039370059082939e-06    0.022785884186349456004    1.9973415669736349501e-05
354    76    91    2.0811388300841699853e-06    0.017187058849540109984    4.5780243355553196238e-05
355    76    92    5.7440442408507530608e-06    0.024476293947218626113    1.348191819808970141e-05
356    77    96    4.9999999999999997737e-07    0.0625    4.9117698560301378265e-05
357    77    103    2.0811388300841915846e-06    0.030077352986695820442    2.6907376467809713893e-05
358    77    109    1.914213562373095663e-06    0.024758199745764174204    2.500202486371236885e-05
359    78    93    3.049509756796382504e-06    0.026419061809080490733    2.7688786607469302137e-05
360    78    93    4.9999999999999997737e-07    0.0625    2.8861386267903927066e-05
361    78    105    4.6231056256176524167e-06    0.030533008036596552548    3.0083932730657572013e-05
362    79    86    5.1904157598234214676e-06    0.024140157490881136715    1.8510104790162011819e-05
363    79    94    4.0355339059327410443e-06    0.018506288529469054616    1.9688227300869446448e-05
364    79    114    1.4999999999999970734e-06    0.028124999999999889672    3.8934036613109676355e-05
365    79    114    4.9999999999999997737e-07    0.0625    3.9759275327861838003e-05
366    79    116    5.0276925690687093991e-06    0.027962049302067172596    3.397622233102797905e-05
367    82    99    4.9999999999999997737e-07    0.020833333333333332177    1.5534828187566334463e-05
368    83    91    5.499999999999999857e-06    0.021920289855072466745    3.3764657139474682458e-05
369    83    95    4.0355339059327283388e-06    0.029936643209435041119    3.011044968257697022e-05
370    83    95    1.500000000000000038e-06    0.031250000000000006939    4.4895931943541343234e-05
371    83    97    4.8011626335213099828e-06    0.039202657540002183723    3.4684497809200608436e-05
372    83    106    2.6213203435596460998e-06    0.035057756854896232612    3.8763603038882143699e-05
373    83    112    4.7426406871192876695e-06    0.025329550323332557932    3.291113125231401391e-05
374    83    115    2.4999999999999993575e-06    0.012499999999999993755    3.5703755403807642052e-05
375    83    129    3.4999999999999914772e-06    0.028891509433962122427    4.2583604296686463806e-05
376    83    153    1.2071067811865456497e-06    0.028021284253587366853    6.2840421986881989688e-05
377    83    153    1.7247448713915875786e-06    0.018138688240192584605    7.0376725784726892627e-05
378    84    98    2.0811388300841852319e-06    0.012030941194678256012    2.7048566985531410348e-05
379    84    113    2.0811388300841852319e-06    0.03733740370762216737    1.9814675513856671126e-05
380    85    87    1.5000000000000038496e-06    0.046875000000000242861    3.7021571548659315488e-05
381    85    87    1.4999999999999970734e-06    0.035156249999999861222    4.3332349096340733771e-05
382    85    91    2.2320508075688763747e-06    0.018589741819286839664    5.0150726110819975338e-05
383    85    91    3.0495097567963981741e-06    0.020216325558253103734    4.1400497683703415576e-05
384    85    91    1.2071067811865456497e-06    0.021428040899802103247    4.9402376738707408843e-05
385    85    102    5.2434164902525648465e-06    0.018934859841771713163    2.0461337033157766721e-05
386    85    106    1.9142135623731007452e-06    0.028626668456039974092    2.9807764064044155362e-05
387    85    131    4.0355339059327410443e-06    0.019957762139623486802    4.3997512695950024674e-05
388    85    137    3.0495097567963981741e-06    0.025270406947816379667    4.2018014662863503413e-05
389    86    105    5.1368092477478672787e-06    0.02048665314266150117    1.5058621384311847652e-05
390    86    116    4.0355339059327393502e-06    0.030158396122097690106    2.9943100647418169151e-05
391    87    122    2.3708286933869653394e-06    0.034273345691383814982    2.7119079853884812069e-05
392    88    102    4.9999999999999997737e-07    0.0625    3.0577530402330023365e-05
393    88    113    1.724744871391585461e-06    0.023240194307746694924    3.0335227789893132302e-05
394    89    96    4.4370039370059074469e-06    0.018094672736218678916    4.125984415287367314e-05
395    89    96    1.500000000000000038e-06    0.035156250000000006939    5.2900873030812266588e-05
396    89    109    1.4999999999999970734e-06    0.029605263157894624176    3.891256008682230825e-05
397    90    120    4.8011626335213082888e-06    0.015408531172139885296    2.202290434671470181e-05
398    91    95    4.9999999999999997737e-07    0.012500000000000000694    2.8720525260810947089e-05
399    91    106    3.4999999999999957123e-06    0.025102459016393383756    4.1161328451595437976e-05
400    91    129    4.8011626335213167591e-06    0.017786390920926965775    3.0904287205275499952e-05
401    91    138    3.4999999999999914772e-06    0.034801136363636193949    4.6675569254929201533e-05
402    92    95    3.0495097567963918214e-06    0.036902816495223762783    2.1342820071427533624e-05
403    92    138    1.4999999999999996145e-06    0.035156249999999979183    4.5208910068558427428e-05
404    93    99    2.4999999999999942753e-06    0.026041666666666553331    1.3729580241799331036e-05
405    93    107    4.9999999999999997737e-07    0.015625    1.8498300861396273394e-05
406    93    140    1.4999999999999970734e-06    0.026785714285714180144    4.068092365533773104e-05
407    94    100    3.7403703492039228878e-06    0.017061427255126680735    1.2159798552300887136e-05
408    94    114    3.6622776601683705923e-06    0.015172259796570494034    2.2305996558784726877e-05
409    94    116    4.2416573867739413951e-06    0.0157269732401870109    1.6775965536789990681e-05
410    95    127    3.0495097567963892803e-06    0.022792916070579347793    2.4374363415032138016e-05
411    96    101    4.801162633521315065e-06    0.025958516479190688053    2.9810643342964012826e-05
412    96    104    1.2071067811865503083e-06    0.028021284253587585428    4.9939313638889291718e-05
413    96    108    3.0495097567963918214e-06    0.030193213496092170811    5.5151043702928158894e-05
414    96    126    2.5000000000000010515e-06    0.018825301204819292616    5.5317819331533235117e-05
415    96    135    3.5000000000000050297e-06    0.018673780487804932798    3.8325683382234613465e-05
416    96    135    3.0495097567963850451e-06    0.027351499284695143799    3.8090814629306702201e-05
417    96    145    2.3708286933869763508e-06    0.021291017777981053466    4.0603050954903224107e-05
418    96    154    3.7403703492039360168e-06    0.032687781189728912223    5.1158605896026859705e-05
419    96    157    1.500000000000000038e-06    0.03750000000000001249    6.1863135366059318144e-05
420    97    110    4.1742346141747651103e-06    0.031565642416983244467    2.19143348691609182e-05
421    97    112    4.8588989435406757975e-06    0.017939892814240653018    2.2965376779275423885e-05
422    97    115    2.0811388300841852319e-06    0.030936705929172657326    1.8352349955359809091e-05
423    98    112    3.0495097567963850451e-06    0.013921421791611300611    2.6088301202287915469e-05
424    98    121    3.0495097567963850451e-06    0.038112744904903066157    2.8574813431681337744e-05
425    98    132    1.5000000000000106259e-06    0.023437500000000329597    4.1815469403984803476e-05
426    98    150    2.4999999999999942753e-06    0.028409090909090783245    4.5083890781908551198e-05
427    99    103    1.5000000000000038496e-06    0.028125000000000146411    2.9640438344071527878e-05
428    99    109    3.0495097567964049504e-06    0.028010571556615872918    2.7635775919750460347e-05
429    99    144    4.9999999999999997737e-07    0.0625    3.8393993019372496837e-05
430    99    144    1.4999999999999970734e-06    0.023437499999999906325    4.5782254635729483687e-05
431    100    116    4.9999999999999997737e-07    0.03125    1.6197150635676886348e-05
432    100    125    2.2320508075688801864e-06    0.029655064330767203634    2.4818416253484960063e-05
433    101    108    1.724744871391585461e-06    0.021873124054349830925    2.7917936268907357611e-05
434    101    121    4.0355339059327410443e-06    0.014136748182233304164    2.460185426306580735e-05
435    102    111    2.3708286933869763508e-06    0.024227709885288779834    4.2831143157792888416e-05
436    102    113    3.4999999999999914772e-06    0.031572164948453454447    3.1261819774656954729e-05
437    102    119    2.4999999999999942753e-06    0.048828124999999777955    2.6074355448149871394e-05
438    102    125    2.7360679774997830376e-06    0.015092878986894662022    3.0997325886604636439e-05
439    102    131    3.7403703492039313582e-06    0.021997437655981038479    3.8178479871521445318e-05
440    102    140    3.0495097567963850451e-06    0.038112744904903066157    5.2751304017329266006e-05
441    102    140    4.9999999999999997737e-07    0.0089285714285714298105    4.9177575491246352797e-05
442    102    148    2.5000000000000078278e-06    0.029481132075471882387    5.0366070047722117525e-05
443    102    155    2.9494897427831710505e-06    0.033459575933781293688    3.8894476809776175352e-05
444    103    104    4.0355339059327300329e-06    0.019573959021553698212    1.4912001002109953927e-05
445    103    109    1.4999999999999970734e-06    0.024456521739130338694    2.0443485708316574593e-05
446    103    144    2.3708286933869801624e-06    0.024652757427136039181    2.981893876043656847e-05
447    104    111    4.5620192023179927855e-06    0.025885596022783702308    1.5577381426534450996e-05
448    104    135    3.0495097567963850451e-06    0.033693875930421550435    3.8921928220133062391e-05
449    104    140    1.2071067811865551788e-06    0.024285113019776104898    4.2748913630404991484e-05
450    104    144    1.4999999999999970734e-06    0.023437499999999906325    4.2181777509200314344e-05
451    105    107    4.9999999999999997737e-07    0.015625    2.8068009941240338809e-05
452    105    116    1.4999999999999970734e-06    0.0312499999999998751    3.7851071846390640322e-05
453    105    140    3.4154759474226349741e-06    0.031358806310275669227    5.8399955224418614798e-05
454    105    142    4.9999999999999997737e-07    0.0078125    3.7453613093856060585e-05
455    105    142    3.5822070014844817431e-06    0.013768462447944681756    3.2647000325203637261e-05
456    106    112    3.0495097567963850451e-06    0.040787323494720827133    3.1460410378968986739e-05
457    106    113    2.4999999999999942753e-06    0.027901785714285587403    1.8246024507633736868e-05
458    106    119    4.1742346141747625692e-06    0.033000444345027898918    1.0572140632122544466e-05
459    108    123    3.0495097567963892803e-06    0.021329150818340310292    3.7751682675095488248e-05
460    108    132    3.4154759474226451385e-06    0.027774942731958612158    3.3036731670605830043e-05
461    108    139    3.5822070014844851312e-06    0.010382044499582902819    3.3218185344366495126e-05
462    108    154    3.0495097567963850451e-06    0.032289964433320654524    4.0828453951033158811e-05
463    109    126    2.0811388300841852319e-06    0.021231072696491035123    3.3593157670097120433e-05
464    110    120    1.9142135623730969335e-06    0.02955010937397662546    2.6826380880384635566e-05
465    110    120    3.4999999999999999475e-06    0.027343750000000003469    2.213646766327605805e-05
466    111    121    4.623105625617659193e-06    0.013806915778822771365    2.2397209214849941883e-05
467    112    113    2.0811388300841852319e-06    0.049217486705501953259    3.2930039273172453658e-05
468    112    115    4.9999999999999997737e-07    0.012500000000000000694    3.2942675488750374358e-05
469    112    120    2.9494897427831850265e-06    0.017974152361122350957    4.7139655446327364532e-05
470    112    132    1.7247448713915909667e-06    0.027543933994366630313    3.9790875539277421023e-05
471    112    134    3.582207001484480049e-06    0.036045525285068623356    2.8121590627301282228e-05
472    112    143    4.4370039370059065998e-06    0.025903952548691999008    2.6631597566839431638e-05
473    113    121    2.4999999999999942753e-06    0.024801587301587185719    2.9469584431775406826e-05
474    113    156    1.724744871391585461e-06    0.024789540594929812545    3.527823945458388418e-05
475    114    116    2.5000000000000213803e-06    0.037202380952381590429    2.4789709996050947609e-05
476    114    122    1.7247448713915909667e-06    0.020099627509402678144    2.6310118223175190581e-05
477    114    131    4.6231056256176490286e-06    0.026986244476789843227    1.8375967733379124813e-05
478    114    141    4.0355339059327427384e-06    0.023002166533803360127    2.2518551862434646417e-05
479    115    152    2.0811388300841915846e-06    0.036092823584034990081    3.2945866745696716698e-05
480    116    125    2.0811388300841894671e-06    0.030936705929172782226    2.6618375822856438966e-05
481    116    141    3.7403703492039334757e-06    0.015340318365355216923    2.5828795811104149571e-05
482    119    149    3.5822070014844838607e-06    0.031762888617535782465    2.4197440247476131376e-05
483    120    123    3.4154759474226485266e-06    0.030698620914270106919    2.945317569197671828e-05
484    120    132    4.9721359549995793327e-06    0.014576731105542205941    3.1095808803798959097e-05
485    120    152    2.3708286933869678805e-06    0.033457313651112846609    3.7205841880068784904e-05
486    120    169    2.4999999999999993575e-06    0.042229729729729714727    4.7146002555149463839e-05
487    121    135    2.0811388300841852319e-06    0.040103137315594179768    3.9458806760376440763e-05
488    121    148    1.2071067811865456497e-06    0.036427669529663579684    3.7248879990447467732e-05
489    121    150    5.4497474683058309066e-06    0.019437007505435748012    2.3108642986941945526e-05
490    122    131    2.3708286933869835506e-06    0.022664631828173513461    1.884669945568375691e-05
491    122    131    1.4999999999999970734e-06    0.033088235294117515628    2.3999562911707411823e-05
492    123    130    3.0495097567963897038e-06    0.018599019513592749547    1.8027844423867796583e-05
493    123    132    3.3284271247461867958e-06    0.023671852830654208782    3.2766552190264214381e-05
494    123    158    4.1055512754639899174e-06    0.043442142462536068037    2.8319632947864677554e-05
495    125    140    2.5000000000000078278e-06    0.043402777777778053792    3.1956421025678944205e-05
496    125    142    3.4999999999999914772e-06    0.02686403508771917012    3.4172176482201774674e-05
497    125    155    3.0495097567963850451e-06    0.010966403015090032957    2.6444294997976112906e-05
498    126    145    4.9999999999999997737e-07    0.012500000000000000694    2.9409450501619447191e-05
499    126    157    3.4154759474226489501e-06    0.017256621223997993531    2.6286851329494874548e-05
500    126    162    1.2071067811865456497e-06    0.030356391274719642798    3.6911118307730026496e-05
501    126    162    1.2071067811865382381e-06    0.024285113019775424886    3.6868569950926976067e-05
502    126    184    1.4999999999999970734e-06    0.019396551724137855305    4.1222372361611846875e-05
503    127    138    3.4154759474226603851e-06    0.035565475449459510449    3.7205152963571192144e-05
504    127    153    4.9999999999999997737e-07    0.0625    3.7968565475343768706e-05
505    127    153    3.0495097567963854686e-06    0.022792916070579288812    2.3855890094836816471e-05
506    129    136    6.5827625302982294191e-06    0.01829930850097058817    8.8804704645166904615e-06
507    129    137    4.1742346141747659573e-06    0.024891763734535367336    3.4131654136708628779e-05
508    129    138    4.8011626335213099828e-06    0.02103208269481868925    2.7289048333037820704e-05
509    129    149    1.4999999999999970734e-06    0.0624999999999997502    3.709251820377274249e-05
510    129    153    4.5000000000000026551e-06    0.018342391304347848563    2.9076277043927737e-05
511    129    173    3.5822070014844902134e-06    0.013651284044132450807    3.6905454905875812919e-05
512    129    174    3.0495097567963943625e-06    0.025548103727462655177    4.1859044100816782531e-05
513    130    158    2.4999999999999993575e-06    0.016801075268817199787    3.6849297275819133471e-05
514    130    168    4.9999999999999997737e-07    0.0056818181818181819759    3.1272891091745159465e-05
515    130    169    1.4999999999999996145e-06    0.043269230769230747347    4.868251115241427194e-05
516    131    137    4.9999999999999997737e-07    0.015625    2.9720730794014217874e-05
517    131    137    1.724744871391585461e-06    0.026560222065996223761    4.2782598566356525721e-05
518    131    141    3.0495097567963769983e-06    0.027033458595338077241    2.3576677228590114217e-05
519    131    149    4.9999999999999997737e-07    0.0062500000000000003469    3.353813637337925359e-05
520    131    155    2.4999999999999942753e-06    0.030637254901960644243    3.3575566084624247436e-05
521    132    158    1.2071067811865456497e-06    0.026019763949759699279    4.2745381962583400186e-05
522    132    158    6.4581876439064951051e-06    0.031218703326277342375    2.7184529549314428662e-05
523    134    152    3.0495097567963918214e-06    0.026122218417967385529    2.4262709424461649158e-05
524    134    152    2.0811388300841987844e-06    0.013534808844013212353    3.7746704046759349223e-05
525    134    153    4.9999999999999997737e-07    0.012500000000000000694    4.5201419248416144865e-05
526    134    153    3.0495097567963981741e-06    0.035225415745441017445    3.6529987754606591118e-05
527    135    150    1.724744871391585461e-06    0.032334183384691052299    3.1113769652104430454e-05
528    135    163    2.081138830084200055e-06    0.023538797989588224058    2.802685670031367172e-05
529    135    181    3.7403703492039258524e-06    0.019986243356005569533    4.3284339282638131666e-05
530    136    138    5.2434164902525699287e-06    0.021214055933836867968    2.0115768236575557338e-05
531    136    153    5.7440442408507564489e-06    0.021706608053191283475    1.7578865172461172835e-05
532    137    149    5.3476798574163113433e-06    0.028147322694307225222    2.2652890939245135405e-05
533    137    173    3.0495097567963850451e-06    0.030590492621040625554    3.5386598574205415919e-05
534    137    174    4.0355339059327427384e-06    0.019573959021553823112    3.8706083527470481424e-05
535    138    153    4.0355339059327257977e-06    0.029290528607792524346    3.8191248978678495355e-05
536    138    174    4.1055512754639899174e-06    0.016207260841792303641    3.2226466158050561894e-05
537    138    189    4.5620192023179953266e-06    0.013205595940557183013    5.5304067129908224417e-05
538    139    154    3.5000000000000088413e-06    0.024305555555555677372    1.998325354147757548e-05
539    139    158    3.4999999999999914772e-06    0.018673780487804787082    3.5637659209004634859e-05
540    140    144    4.6231056256176524167e-06    0.013128443258978862718    2.8239034367930612235e-05
541    140    144    4.9999999999999997737e-07    0.012500000000000000694    3.377510547116339989e-05
542    140    155    2.0811388300841852319e-06    0.034928538952291698916    4.4524396367591244437e-05
543    140    155    3.5000000000000050297e-06    0.029166666666666753865    4.0020175810167422253e-05
544    140    161    4.5620192023179953266e-06    0.025757449507819454859    1.8673864929757802466e-05
545    140    188    3.0495097567963850451e-06    0.030998365855987832646    4.253842572140025571e-05
546    141    142    4.9999999999999997737e-07    0.012500000000000000694    4.4662961030083217864e-05
547    141    151    4.1742346141747718865e-06    0.045853248984670552657    3.1229618011162883773e-05
548    141    155    3.0495097567963875862e-06    0.018022305730225510884    4.7756479583947812314e-05
549    141    178    2.8452078799117168106e-06    0.027723314657231941383    3.2872860925921366438e-05
550    142    146    2.4999999999999942753e-06    0.020833333333333241971    1.4027069391200836971e-05
551    142    151    4.4370039370059125291e-06    0.029828793843948434722    2.4114155307299139062e-05
552    142    160    3.0495097567963930919e-06    0.019056372452451633692    2.2654297801829051341e-05
553    142    207    2.6213203435596397471e-06    0.038174001908664600968    5.5499070844900616224e-05
554    143    150    2.4999999999999942753e-06    0.030637254901960644243    3.7136822151632307889e-05
555    143    156    2.3708286933869653394e-06    0.027553081830328163965    3.2987946468634959756e-05
556    143    165    3.7403703492039258524e-06    0.029640615146618434772    2.7103228684042593308e-05
557    143    182    3.4154759474226510677e-06    0.025141111955652276772    3.6388157840469865655e-05
558    144    147    4.1742346141747566399e-06    0.025325922404323665538    2.032583583207179094e-05
559    144    147    2.0811388300841852319e-06    0.027763710449257513607    2.8063147872769454781e-05
560    144    161    3.740370349203927123e-06    0.022420465303211394026    2.9489030304920426533e-05
561    144    172    2.4999999999999942753e-06    0.025201612903225686924    2.3987270118746437721e-05
562    145    162    2.0811388300841915846e-06    0.029264451554622962492    2.2136467663276051274e-05
563    147    162    3.238612787525822925e-06    0.017026968810918478164    2.1125735561401622108e-05
564    148    150    1.9142135623730910043e-06    0.025445927516479716762    3.6645671721084841247e-05
565    148    155    5.136809247747847797e-06    0.021628532170285090508    2.3822133020815604721e-05
566    148    155    3.0495097567963930919e-06    0.019870747343582045863    3.6174221834012303394e-05
567    148    156    4.5620192023179826211e-06    0.016361650316287737472    1.4036407060336837657e-05
568    149    155    4.2416573867739312307e-06    0.029018802236732026134    3.0226592845208222492e-05
569    149    156    2.5000000000000078278e-06    0.033967391304348039383    2.4329346201086106329e-05
570    149    173    4.0355339059327401973e-06    0.022127084111321686233    4.2724732758558596056e-05
571    149    173    4.9999999999999997737e-07    0.0625    3.9682822443759706364e-05
572    149    178    4.9999999999999997737e-07    0.015625    5.1182529284677154454e-05
573    149    180    1.2071067811865551788e-06    0.030356391274720125051    3.0253521705990796004e-05
574    150    163    3.3284271247461821371e-06    0.030104421534636244262    1.7624802942903232828e-05
575    150    171    1.2071067811865456497e-06    0.028021284253587366853    4.1057309139483553454e-05
576    150    171    1.9142135623730910043e-06    0.029550109373976445049    3.1884099848216359836e-05
577    150    191    3.4999999999999914772e-06    0.026175213675213550996    3.4803940504246950083e-05
578    151    207    2.2320508075688725631e-06    0.023500239658343659993    4.6460692212826662484e-05
579    151    207    1.4999999999999970734e-06    0.035156249999999861222    5.3147220508171087359e-05
580    152    158    3.8911649915626279404e-06    0.021029395821614706164    5.1055946214367687176e-05
581    152    169    2.370828693386969998e-06    0.036030953162736974182    3.9203829496150360259e-05
582    152    187    1.4999999999999996145e-06    0.051136363636363611762    3.5420027447585142051e-05
583    153    166    1.2071067811865456497e-06    0.033116063208785066763    3.0799103120977754599e-05
584    153    189    6.5000000000000106114e-06    0.016873003194888235023    3.4426400696095551656e-05
585    154    159    3.0495097567963981741e-06    0.020574136630080595151    1.6152067347825040729e-05
586    154    181    3.582207001484480049e-06    0.032735221942562321706    4.09268470703129752e-05
587    154    181    4.9999999999999997737e-07    0.0078125    3.6009577758843392336e-05
588    154    183    1.7247448713915858845e-06    0.025644352339582569128    3.1447491734526760376e-05
589    155    156    4.9999999999999997737e-07    0.03125    2.8031904265606665092e-05
590    155    156    4.9999999999999997737e-07    0.03125    2.7083972120862721572e-05
591    155    161    2.3708286933869801624e-06    0.01873609564462339061    4.3672606175777980433e-05
592    155    167    5.1904157598234341731e-06    0.0112251732332597845    1.9162358175744669138e-05
593    155    178    3.4999999999999914772e-06    0.031249999999999847344    3.8130950609066895649e-05
594    155    207    3.0495097567963795394e-06    0.038112744904902927379    6.4671677968460754629e-05
595    156    178    4.9999999999999997737e-07    0.03125    4.9519891782676260137e-05
596    156    180    5.1368092477478579614e-06    0.024987508757337042326    1.9296715336747904664e-05
597    157    162    3.4999999999999914772e-06    0.02640086206896538612    3.1077655102666511342e-05
598    157    181    2.5000000000000213803e-06    0.023320895522388456617    5.2929695538087663314e-05
599    157    181    4.9999999999999997737e-07    0.0089285714285714298105    5.6009012935769221389e-05
600    157    184    3.0495097567963875862e-06    0.030193213496092087544    3.2926047355728411362e-05
601    158    168    3.4154759474226565734e-06    0.023904663826685847855    3.5567815155219020926e-05
602    158    169    3.7403703492039351698e-06    0.014757774629961995308    4.6548876761414191344e-05
603    158    177    1.2071067811865503083e-06    0.019172457647191509106    4.3284965533174565866e-05
604    158    183    4.9999999999999997737e-07    0.020833333333333332177    3.20390778761448869e-05
605    158    190    1.2071067811865456497e-06    0.060712782549439285595    4.2455149688880207133e-05
606    158    196    4.6231056256176558049e-06    0.024177721295947536551    3.4001897104326394151e-05
607    159    181    3.0495097567963850451e-06    0.032289964433320654524    3.1359974800895354147e-05
608    159    181    4.9999999999999997737e-07    0.0625    2.521645361743799193e-05
609    159    183    3.4999999999999999475e-06    0.027590090090090092778    2.5890579920273658484e-05
610    160    188    4.0355339059327410443e-06    0.015659167217243044612    2.38791830690015741e-05
611    161    172    4.2416573867739490184e-06    0.01743377653757171436    2.2050935823183858775e-05
612    161    175    1.2071067811865456497e-06    0.036427669529663579684    2.5591839898373851562e-05
613    161    175    4.9999999999999997737e-07    0.015625    2.4115955606720312698e-05
614    161    175    4.9999999999999997737e-07    0.0625    2.4626535537660703573e-05
615    161    188    2.7360679774997830376e-06    0.028356318096589977484    3.7837559454493105036e-05
616    161    192    4.1055512754639899174e-06    0.030758305247197074983    3.2259813431357221728e-05
617    161    198    3.3284271247461821371e-06    0.020364755744018636641    3.012297736570323576e-05
618    162    170    4.9999999999999997737e-07    0.012500000000000000694    1.5076413368511247466e-05
619    162    170    2.0811388300841958198e-06    0.027069617688026344909    1.8029192196581735627e-05
620    162    175    4.623105625617659193e-06    0.038166260045745803442    2.9780324421935384092e-05
621    162    181    1.914213562373095663e-06    0.033927903355306460176    5.7184569113954462709e-05
622    162    181    4.9999999999999997737e-07    0.015625    6.0262547611881344008e-05
623    162    184    3.5000000000000050297e-06    0.022854477611940364479    2.8344607509926084501e-05
624    163    181    2.4999999999999942753e-06    0.031887755102040671318    3.4115407132927815718e-05
625    163    201    2.4999999999999942753e-06    0.038109756097560801291    3.1361369707503747046e-05
626    165    171    3.5822070014844902134e-06    0.011416554271783363808    2.7324666647889439775e-05
627    165    177    2.0811388300841983609e-06    0.015468352964586524687    2.295480143319981721e-05
628    165    179    2.0811388300841983609e-06    0.01592330452236848104    3.3985165901437465593e-05
629    165    182    6.5415229867972842867e-06    0.020494024418964206652    2.0211021882892670751e-05
630    166    185    4.0355339059327385032e-06    0.034503249800704974271    1.1321825380496487428e-05
631    167    188    1.4999999999999970734e-06    0.05113636363636343829    2.4060659985890635543e-05
632    167    192    5.6961524227066306518e-06    0.020177955486757846726    1.772229815325480879e-05
633    168    169    3.4999999999999961358e-06    0.0259533898305084193    2.8344305267449615654e-05
634    168    169    2.5000000000000002045e-06    0.032552083333333335646    3.9571084780030202561e-05
635    168    183    2.5000000000000002045e-06    0.039062500000000006939    4.1214844967936740353e-05
636    168    190    3.7403703492039254289e-06    0.020695814126041267578    2.2022528293478648673e-05
637    168    203    2.499999999999999781e-06    0.026041666666666667823    2.5693806306454901762e-05
638    169    187    1.2071067811865456497e-06    0.021428040899802103247    4.8751852174367687098e-05
639    169    187    2.7360679774997847317e-06    0.03226753438577484312    4.0922522111099050553e-05
640    169    190    1.2071067811865456497e-06    0.040475188366292859377    3.6298526216682170753e-05
641    169    190    1.7247448713915867315e-06    0.032334183384691100871    3.0240669042783205767e-05
642    170    172    2.5000000000000078278e-06    0.036337209302325812477    1.7184655348508286047e-05
643    171    195    3.6622776601683705923e-06    0.021221958323051130085    2.2351735608445565812e-05
644    171    196    3.0495097567963981741e-06    0.016725736972655447232    2.7791051564672533821e-05
645    171    201    1.4999999999999970734e-06    0.026785714285714180144    3.6726857398692761654e-05
646    172    175    4.0355339059327232566e-06    0.0213161438559327579    1.8691514642799683871e-05
647    172    198    2.2320508075688725631e-06    0.01754243242101709982    3.248333669815586111e-05
648    172    198    4.9999999999999997737e-07    0.0625    2.6074355448149881559e-05
649    173    174    6.0226805085936294603e-06    0.018774679352274128985    2.0845307159555847957e-05
650    173    176    3.3284271247461867958e-06    0.030773408679850473152    3.1381278098854522088e-05
651    173    189    5.499999999999999857e-06    0.01844512195121951123    2.6529976023682349466e-05
652    174    189    1.9142135623730910043e-06    0.04163879048151226947    4.7995879870474416262e-05
653    174    202    1.4999999999999970734e-06    0.040178571428571271951    2.9068883707497254851e-05
654    174    204    2.4999999999999942753e-06    0.04464285714285694262    2.3093896791460987502e-05
655    174    205    4.9999999999999997737e-07    0.0625    4.2803508388726844644e-05
656    175    198    2.4999999999999942753e-06    0.021701388888888790973    2.2639017230610802693e-05
657    175    210    4.9999999999999997737e-07    0.0069444444444444449263    3.1582829986915469359e-05
658    176    179    4.2416573867739397011e-06    0.021216577107044724132    1.4629104366827800428e-05
659    176    182    4.4999999999999891026e-06    0.047759433962263918294    1.911317061491627677e-05
660    176    189    2.7360679774997893903e-06    0.033419946328124054691    3.8625670107484648809e-05
661    177    187    2.5000000000000010515e-06    0.044642857142857185482    2.5474648435677365948e-05
662    177    196    2.0811388300841915846e-06    0.029264451554622962492    2.5609062238931163411e-05
663    178    180    6.1124860801609149098e-06    0.029465683028518100534    4.2006352524281986589e-05
664    178    199    3.2386127875258102195e-06    0.02300134383229320359    2.5393040263940990777e-05
665    178    199    2.2320508075688882332e-06    0.031936223125441837167    2.9576661241385271655e-05
666    178    207    3.2386127875258373245e-06    0.011654014208362083529    5.9213164477944099325e-05
667    178    214    1.4999999999999970734e-06    0.056249999999999779343    3.8362089052333984626e-05
668    178    214    4.9999999999999997737e-07    0.015625    4.3572763931457415083e-05
669    178    214    4.5000000000000026551e-06    0.025568181818181850984    3.8241967340582129801e-05
670    178    215    2.7360679774997893903e-06    0.019293989632731409906    2.8596113820023883205e-05
671    179    182    7.0192024052026583532e-06    0.02743274076013518456    1.2253353957960924173e-05
672    179    189    2.6213203435596405941e-06    0.035788126789373084224    3.5097780076622898482e-05
673    179    189    6.416079783099599538e-06    0.012036865433654796859    4.5755233766827481043e-05
674    180    182    3.0495097567963850451e-06    0.029806121015372912669    3.7435258340773669493e-05
675    180    191    2.6213203435596270416e-06    0.019974768440580121381    3.0040754672884253604e-05
676    180    213    2.4999999999999942753e-06    0.030637254901960644243    3.2670709009180343044e-05
677    181    183    1.2071067811865456497e-06    0.021428040899802103247    3.9738070193313243463e-05
678    181    184    3.0495097567963892803e-06    0.045585832141158695585    5.7682406300806104071e-05
679    181    184    2.5000000000000010515e-06    0.0090843023255814045469    5.8860051440442741561e-05
680    181    197    2.0811388300841983609e-06    0.03184660904473696208    4.2027485568962536595e-05
681    181    197    1.5000000000000241784e-06    0.040178571428572729118    3.9659757461772010296e-05
682    181    200    4.8011626335213176061e-06    0.018956548218356381735    2.932201204882279032e-05
683    181    201    2.621320343559638053e-06    0.029115764167625506065    4.2327763309292268357e-05
684    181    201    3.4154759474226417504e-06    0.027774942731958556646    5.4825434321549215894e-05
685    181    210    4.0355339059327410443e-06    0.015599170407981578085    5.5124095339998858295e-05
686    181    210    4.9999999999999997737e-07    0.03125    8.5067622695326607454e-05
687    181    210    1.4999999999999970734e-06    0.028124999999999889672    5.6913386822518788485e-05
688    181    220    1.4999999999999970734e-06    0.011029411764705837964    5.0452833261324933959e-05
689    182    191    2.0811388300841852319e-06    0.027763710449257513607    5.9201418909493889933e-05
690    182    206    2.0811388300841983609e-06    0.026409383110269673417    3.5840888610235940338e-05
691    182    213    4.5620192023179817741e-06    0.028905582225441664446    2.6551156430851942061e-05
692    183    190    2.0811388300841839613e-06    0.033837022110032546895    4.0180580993166403313e-05
693    183    200    5.2434164902525665406e-06    0.019807936952631520489    2.125661030983330501e-05
694    183    216    1.500000000000000038e-06    0.0087890625000000017347    2.3275391480776395025e-05
695    184    197    2.370828693386981433e-06    0.026022355061976955304    3.5213329015832078948e-05
696    185    187    3.8911649915626270933e-06    0.022136206128015468303    1.8834123891114218336e-05
697    185    189    3.5822070014844978367e-06    0.011139068577677567473    3.7588709795451628491e-05
698    186    189    1.500000000000000038e-06    0.020833333333333339116    4.6250347021573436426e-05
699    186    205    1.500000000000000038e-06    0.013392857142857145583    2.1204095382920178862e-05
700    187    189    2.4999999999999942753e-06    0.021701388888888790973    5.0793926025777834442e-05
701    187    196    2.0811388300841992079e-06    0.041645565673886823788    4.5154287241770077899e-05
702    187    208    2.4999999999999976634e-06    0.04111842105263151248    4.2905150055823008785e-05
703    187    208    4.9999999999999997737e-07    0.0044642857142857149053    4.9766361765430977343e-05
704    187    217    3.0495097567963719161e-06    0.028010571556615262295    2.806191070192151971e-05
705    188    192    5.3476798574163325191e-06    0.019480708349738671409    1.7586252328302377578e-05
706    188    194    2.4999999999999942753e-06    0.031887755102040671318    1.5314835050500836373e-05
707    188    207    5.347679857416329978e-06    0.01571301091066831801    3.6179942443093529949e-05
708    188    212    3.4154759474226557264e-06    0.027512914970336525833    2.3165378496683203306e-05
709    189    202    2.3708286933869818565e-06    0.037978572252615028226    3.0892331416403708043e-05
710    189    205    2.6213203435596558407e-06    0.016677961998931341986    4.9110234092111738815e-05
711    189    205    2.8452078799117312101e-06    0.010486020569833947799    4.2922982496320750761e-05
712    189    205    4.9999999999999997737e-07    0.0078125    4.4793744255058654024e-05
713    189    206    1.9142135623730910043e-06    0.033927903355306293642    6.9164909299670692452e-05
714    189    211    3.0495097567963850451e-06    0.040084093779294602267    7.0379761663100264468e-05
715    189    213    3.6622776601683705923e-06    0.034927806406688320651    4.819840891404143004e-05
716    189    217    2.7360679774997830376e-06    0.014736354286416836548    4.5296693998594616246e-05
717    189    217    4.9999999999999997737e-07    0.0625    6.0815361418852751383e-05
718    189    218    2.4999999999999942753e-06    0.03633720930232541696    4.4390180434965078606e-05
719    190    196    4.9999999999999997737e-07    0.03125    3.3983122872667237402e-05
720    190    200    3.0495097567963930919e-06    0.021135249447264539691    4.6599887892297451415e-05
721    190    208    1.4999999999999970734e-06    0.02083333333333325238    2.2757650672131269379e-05
722    190    208    2.2320508075688780688e-06    0.035586077196920584687    3.1503841977790988948e-05
723    191    198    2.8452078799117312101e-06    0.0240928805949756214    4.0776085151670888197e-05
724    191    201    5.0825756949558508182e-06    0.026146331675056630472    2.1449878800728379295e-05
725    191    211    2.3708286933869653394e-06    0.050185970476669158891    3.494847707690457053e-05
726    192    198    4.6231056256176558049e-06    0.015354242547139093297    3.145290289851098548e-05
727    192    199    3.500000000000000371e-06    0.028891509433962271614    2.322962672617940081e-05
728    192    212    4.8011626335213133709e-06    0.011388914344625156519    3.0127548048928255551e-05
729    194    212    1.4999999999999970734e-06    0.02083333333333325238    2.6991763267027516198e-05
730    195    196    3.5000000000000050297e-06    0.032236842105263258107    2.4389866919029750341e-05
731    195    200    4.6231056256176574989e-06    0.025085804724903324608    2.3288244720928252905e-05
732    195    201    1.4999999999999970734e-06    0.028124999999999889672    2.7166415450240246905e-05
733    195    209    4.1055512754639831411e-06    0.019154035540299933077    1.5231394933071679018e-05
734    195    209    4.9999999999999997737e-07    0.0625    2.0171133833149586972e-05
735    196    208    2.0811388300841809967e-06    0.037337403707622014715    2.840605232386424103e-05
736    196    209    1.4999999999999970734e-06    0.04326923076923060163    2.6539540070610009891e-05
737    198    201    2.0811388300841725264e-06    0.029264451554622421259    4.516838554536735205e-05
738    198    210    4.5620192023179826211e-06    0.021236754288079594949    3.5893119632842420362e-05
739    198    212    2.4999999999999942753e-06    0.053879310344827339996    4.0673229977378444434e-05
740    199    212    2.5000000000000078278e-06    0.028935185185185369194    3.9407118921051178943e-05
741    200    209    4.1742346141747727336e-06    0.029040391023624694683    2.6221594526883702336e-05
742    200    216    2.7360679774997830376e-06    0.023690088536391623597    2.3074417956045007111e-05
743    202    204    3.4999999999999914772e-06    0.040833333333333138304    1.969369171037639837e-05
744    202    219    1.4999999999999970734e-06    0.017578124999999930611    2.0276404498100372947e-05
745    203    208    3.049509756796382504e-06    0.031847636153412101079    3.6950026717331401328e-05
746    203    221    1.2071067811865359088e-06    0.028021284253586915824    3.1534613633089931411e-05
747    203    221    4.9999999999999997737e-07    0.015625    3.3675402047447707552e-05
748    204    214    4.9999999999999997737e-07    0.020833333333333332177    5.7729208168011266692e-05
749    204    219    4.9999999999999997737e-07    0.015625    2.0859598634600513389e-05
750    206    209    1.2071067811865600492e-06    0.033116063208785857797    2.3527129047664339413e-05
751    206    211    2.3708286933869543279e-06    0.0096910839541153332571    3.1874107191573136199e-05
752    206    217    4.9999999999999997737e-07    0.0078125    5.1233512790157676039e-05
753    207    212    4.1055512754640170224e-06    0.01243034754827744906    3.8094156163377644315e-05
754    208    209    2.0811388300841915846e-06    0.02776371044925768361    3.797847413535369442e-05
755    208    217    1.2071067811865460732e-06    0.028021284253587387669    5.1135972023369770877e-05
756    208    221    4.9999999999999997737e-07    0.0089285714285714298105    1.0933827749273545058e-05
757    211    213    4.4370039370059243875e-06    0.024126230314958425904    1.4273875378153279167e-05
758    212    214    2.6213203435596460998e-06    0.030675537248034207005    4.8930407177464990654e-05
759    213    218    2.4999999999999942753e-06    0.020032051282051193536    2.1833818246379532995e-05
760    214    215    1.2071067811865359088e-06    0.040475188366292214059    2.8002462512170314126e-05
