81    9.999999999999999124e-05    9.999999999999999124e-05    9.999999999999999124e-05
1    9.2000000000000000072e-05    9.6999999999999999634e-05    3.000000000000000076e-06    3    0    10    17    0    1    24    47    48    
2    1.5999999999999999276e-05    6.000000000000000152e-06    3.999999999999999819e-06    3    -1    6    24    1    0    1    49    50    
3    5.3000000000000000778e-05    1.399999999999999979e-05    3.999999999999999819e-06    2    5    6    0    0    51    52    
4    7.2000000000000001824e-05    3.9999999999999996496e-05    4.999999999999999562e-06    8    6    6    12    14    15    17    17    17    0    0    53    54    55    56    57    58    59    60    
5    7.7999999999999998588e-05    1.2000000000000000304e-05    6.999999999999999895e-06    5    -1    3    23    23    23    1    0    2    51    61    62    63    
6    3.4999999999999996934e-05    1.9999999999999998248e-05    6.999999999999999895e-06    8    2    3    4    4    9    20    23    29    0    0    49    52    53    54    64    65    66    67    
7    2.9999999999999997372e-05    9.6000000000000002432e-05    6.999999999999999895e-06    3    0    9    10    0    1    25    68    69    
8    4.999999999999999562e-06    7.7000000000000001386e-05    7.999999999999999638e-06    6    0    9    9    18    24    28    0    1    26    70    71    72    73    74    
9    2.9999999999999997372e-05    7.5999999999999990632e-05    9.999999999999999124e-06    8    6    7    8    8    10    11    16    18    0    0    64    68    70    71    75    76    77    78    
10    7.2000000000000001824e-05    9.2999999999999997274e-05    1.0999999999999999714e-05    10    0    1    7    9    16    17    19    30    30    33    0    1    27    47    69    75    79    80    81    82    83    84    
11    3.4999999999999996934e-05    4.8000000000000001216e-05    1.29999999999999992e-05    3    9    16    29    0    0    76    85    86    
12    6.4999999999999994306e-05    5.4999999999999995182e-05    1.5999999999999999276e-05    5    4    15    16    17    22    0    0    55    87    88    89    90    
13    0    9.999999999999999124e-05    1.5999999999999999276e-05    1    0    0    1    28    
14    9.4999999999999991678e-05    3.4999999999999996934e-05    1.8000000000000000456e-05    4    4    21    23    38    0    0    56    91    92    93    
15    6.7999999999999999464e-05    4.4999999999999996058e-05    1.8000000000000000456e-05    3    4    12    38    0    0    57    87    94    
16    3.7999999999999995316e-05    6.0999999999999998722e-05    1.8000000000000000456e-05    9    9    10    11    12    19    19    22    30    37    0    0    77    79    85    88    95    96    97    98    99    
17    7.9999999999999992992e-05    6.20000000000000027e-05    1.8999999999999997658e-05    7    1    4    4    4    10    12    33    0    0    48    58    59    60    80    89    100    
18    1.0999999999999999714e-05    6.8999999999999996666e-05    1.8999999999999997658e-05    3    8    9    37    0    0    72    78    101    
19    5.800000000000000034e-05    6.9999999999999993868e-05    1.8999999999999997658e-05    5    10    16    16    22    30    0    0    81    95    96    102    103    
20    3.2999999999999995754e-05    3.000000000000000076e-06    2.3000000000000000018e-05    3    -1    6    23    1    0    3    65    104    
21    8.7999999999999997712e-05    3.999999999999999819e-06    2.4000000000000000608e-05    5    -1    -1    14    23    34    1    0    4    5    91    105    106    
22    5.599999999999999916e-05    5.599999999999999916e-05    2.4000000000000000608e-05    8    12    16    19    30    32    33    33    38    0    0    90    97    102    107    108    109    110    111    
23    5.800000000000000034e-05    1.8999999999999997658e-05    2.59999999999999984e-05    16    -1    -1    5    5    5    6    14    20    21    27    29    34    38    38    46    46    1    0    6    7    61    62    63    66    92    104    105    112    113    114    115    116    117    118    
24    4.999999999999999562e-06    2.3000000000000000018e-05    2.59999999999999984e-05    5    2    8    29    31    37    0    0    50    73    119    120    121    
25    9.6999999999999999634e-05    9.7999999999999996836e-05    2.59999999999999984e-05    3    0    33    39    0    1    29    122    123    
26    2.9999999999999997372e-05    8.700000000000000051e-05    2.900000000000000017e-05    7    0    0    0    28    28    30    42    0    1    30    31    32    124    125    126    127    
27    6.5999999999999991508e-05    1.9999999999999999095e-06    3.1999999999999998552e-05    2    -1    23    1    0    8    112    
28    3.000000000000000076e-06    7.5999999999999990632e-05    3.1999999999999998552e-05    7    0    8    26    26    37    37    41    0    1    33    74    124    125    128    129    130    
29    2.900000000000000017e-05    2.900000000000000017e-05    3.6000000000000000912e-05    10    6    11    23    24    32    36    37    37    46    49    0    0    67    86    113    119    131    132    133    134    135    136    
30    4.999999999999999562e-05    8.3999999999999995352e-05    3.6000000000000000912e-05    9    0    10    10    16    19    22    26    32    33    0    1    34    82    83    98    103    107    126    137    138    
31    3.999999999999999819e-06    2.699999999999999899e-05    3.8999999999999999294e-05    6    24    36    36    36    37    55    0    0    120    139    140    141    142    143    
32    4.3999999999999998856e-05    5.19999999999999968e-05    4.2999999999999994878e-05    11    22    29    30    37    38    38    46    46    49    51    61    0    0    108    131    137    144    145    146    147    148    149    150    151    
33    7.2999999999999999026e-05    7.2999999999999999026e-05    4.2999999999999994878e-05    12    10    17    22    22    25    30    39    39    48    50    51    53    0    0    84    100    109    110    122    138    152    153    154    155    156    157    
34    7.499999999999999343e-05    3.999999999999999819e-06    4.3999999999999998856e-05    6    -1    21    23    44    46    46    1    0    9    106    114    158    159    160    
35    5.0999999999999999598e-05    1.9999999999999999095e-06    4.6000000000000000036e-05    2    -1    52    1    0    10    161    
36    2.0999999999999998838e-05    9.999999999999999124e-06    4.8000000000000001216e-05    9    -1    -1    29    31    31    31    52    55    55    1    0    11    12    132    139    140    141    162    163    164    
37    2.9999999999999997372e-05    4.999999999999999562e-05    4.8000000000000001216e-05    15    16    18    24    28    28    29    29    31    32    42    47    47    47    49    55    0    0    99    101    121    128    129    133    134    142    144    165    166    167    168    169    170    
38    8.0999999999999990194e-05    4.3999999999999998856e-05    4.8999999999999998418e-05    10    14    15    22    23    23    32    32    46    50    56    0    0    93    94    111    115    116    145    146    171    172    173    
39    7.9999999999999992992e-05    9.6000000000000002432e-05    4.999999999999999562e-05    6    0    25    33    33    45    45    0    1    35    123    152    153    174    175    
40    4.999999999999999562e-06    8.0999999999999990194e-05    5.0999999999999999598e-05    0    0    0    
41    2.3000000000000000018e-05    9.7999999999999996836e-05    5.0999999999999999598e-05    3    0    28    54    0    1    36    130    176    
42    2.1999999999999999428e-05    7.7000000000000001386e-05    5.3000000000000000778e-05    4    26    37    47    58    0    0    127    165    177    178    
43    4.6000000000000000036e-05    8.5999999999999989756e-05    5.4999999999999995182e-05    2    53    58    0    0    179    180    
44    9.2999999999999997274e-05    1.4999999999999998686e-05    5.599999999999999916e-05    5    -1    34    46    46    56    1    0    13    158    181    182    183    
45    9.4999999999999991678e-05    8.8999999999999994914e-05    6.0999999999999998722e-05    5    0    39    39    48    68    0    1    37    174    175    184    185    
46    5.399999999999999798e-05    2.4000000000000000608e-05    6.2999999999999999902e-05    19    -1    23    23    29    32    32    34    34    38    44    44    49    51    52    63    66    66    66    73    1    0    14    117    118    135    147    148    159    160    171    181    182    186    187    188    189    190    191    192    193    
47    1.29999999999999992e-05    6.4999999999999994306e-05    6.2999999999999999902e-05    8    37    37    37    42    60    61    62    70    0    0    166    167    168    177    194    195    196    197    
48    9.4999999999999991678e-05    7.499999999999999343e-05    6.2999999999999999902e-05    3    33    45    56    0    0    154    184    198    
49    3.1999999999999998552e-05    4.3999999999999998856e-05    6.4999999999999994306e-05    6    29    32    37    46    55    61    0    0    136    149    169    186    199    200    
50    7.7999999999999998588e-05    6.2999999999999999902e-05    6.5999999999999991508e-05    6    33    38    51    56    56    71    0    0    155    172    201    202    203    204    
51    6.4999999999999994306e-05    6.4999999999999994306e-05    6.5999999999999991508e-05    8    32    33    46    50    57    66    68    71    0    0    150    156    187    201    205    206    207    208    
52    4.6999999999999997238e-05    7.999999999999999638e-06    6.7000000000000002262e-05    9    -1    -1    35    36    46    55    64    66    76    1    0    15    16    161    162    188    209    210    211    212    
53    4.6000000000000000036e-05    9.6000000000000002432e-05    6.7000000000000002262e-05    9    0    0    33    43    57    58    68    68    72    0    1    38    39    157    179    213    214    215    216    217    
54    1.0999999999999999714e-05    9.6000000000000002432e-05    6.7999999999999999464e-05    4    0    41    58    60    0    1    40    176    218    219    
55    1.2000000000000000304e-05    2.59999999999999984e-05    6.8999999999999996666e-05    11    -1    31    36    36    37    49    52    62    67    67    76    1    0    17    143    163    164    170    199    209    220    221    222    223    
56    9.2999999999999997274e-05    4.999999999999999562e-05    6.8999999999999996666e-05    8    38    44    48    50    50    63    71    71    0    0    173    183    198    202    203    224    225    226    
57    5.4999999999999995182e-05    7.2999999999999999026e-05    6.8999999999999996666e-05    3    51    53    61    0    0    205    213    227    
58    2.4000000000000000608e-05    8.4999999999999992554e-05    7.099999999999999107e-05    7    42    43    53    54    60    61    75    0    0    178    180    214    218    228    229    230    
59    7.899999999999999579e-05    7.3999999999999996228e-05    7.3999999999999996228e-05    0    0    0    
60    4.999999999999999562e-06    7.7999999999999998588e-05    7.3999999999999996228e-05    4    47    54    58    69    0    0    194    219    228    231    
61    3.6000000000000000912e-05    6.3999999999999997104e-05    7.499999999999999343e-05    8    32    47    49    57    58    66    70    72    0    0    151    195    200    227    229    232    233    234    
62    1.9999999999999999095e-06    4.3999999999999998856e-05    8.299999999999999815e-05    2    47    55    0    0    196    220    
63    9.2999999999999997274e-05    1.9999999999999998248e-05    8.3999999999999995352e-05    6    46    56    64    73    73    77    0    0    189    224    235    236    237    238    
64    8.299999999999999815e-05    3.999999999999999819e-06    8.5999999999999989756e-05    5    -1    -1    52    63    77    1    0    18    19    210    235    239    
65    9.7999999999999996836e-05    4.1000000000000000474e-05    8.7999999999999997712e-05    0    0    0    
66    4.999999999999999562e-05    3.7999999999999995316e-05    8.8999999999999994914e-05    7    46    46    46    51    52    61    70    0    0    190    191    192    206    211    232    240    
67    6.999999999999999895e-06    7.999999999999999638e-06    8.9999999999999992116e-05    5    -1    -1    55    55    76    1    0    20    21    221    222    241    
68    7.2000000000000001824e-05    8.3999999999999995352e-05    8.9999999999999992116e-05    10    0    0    45    51    53    53    71    71    72    72    0    1    41    42    185    207    215    216    242    243    244    245    
69    6.999999999999999895e-06    7.899999999999999579e-05    9.2000000000000000072e-05    3    60    70    75    0    0    231    246    247    
70    2.900000000000000017e-05    5.9999999999999994744e-05    9.2999999999999997274e-05    5    47    61    66    69    72    0    0    197    233    240    246    248    
71    8.8999999999999994914e-05    6.7000000000000002262e-05    9.2999999999999997274e-05    8    50    51    56    56    68    68    74    74    0    0    204    208    225    226    242    243    249    250    
72    4.2999999999999994878e-05    9.0999999999999989318e-05    9.2999999999999997274e-05    7    0    53    61    68    68    70    75    0    1    43    217    234    244    245    248    251    
73    7.099999999999999107e-05    3.6000000000000000912e-05    9.3999999999999994476e-05    3    46    63    63    0    0    193    236    237    
74    8.0999999999999990194e-05    5.399999999999999798e-05    9.3999999999999994476e-05    2    71    71    0    0    249    250    
75    2.3000000000000000018e-05    9.3999999999999994476e-05    9.3999999999999994476e-05    4    0    58    69    72    0    1    44    230    247    251    
76    2.799999999999999958e-05    1.0999999999999999714e-05    9.4999999999999991678e-05    4    -1    52    55    67    1    0    22    212    223    241    
77    7.899999999999999579e-05    1.0999999999999999714e-05    9.4999999999999991678e-05    3    -1    63    64    1    0    23    238    239    
78    9.6999999999999999634e-05    9.999999999999999124e-05    9.6000000000000002432e-05    1    0    0    1    45    
79    0    9.999999999999999124e-05    9.7999999999999996836e-05    1    0    0    1    46    
80    8.8999999999999994914e-05    2.799999999999999958e-05    9.8999999999999994038e-05    0    0    0    
81    0    6.0999999999999998722e-05    9.8999999999999994038e-05    0    0    0    
