763
1    -1    5    4.500000000000000114e-06    0.028601694915254240875    6.8007352543677149402e-06
2    -1    6    2.499999999999999781e-06    0.039062499999999993061    1.2816005617976296245e-05
3    -1    9    4.9721359549995801797e-06    0.027107605213815340328    1.4221462653327891605e-05
4    -1    16    3.4999999999999914772e-06    0.045036764705882130488    2.1731313812100734573e-05
5    -1    42    3.5000000000000050297e-06    0.034801136363636464566    2.8722813232690135579e-06
6    -1    43    5.8851648071345019752e-06    0.038483516452371649419    4.1533119314590375237e-06
7    -1    43    1.4999999999999970734e-06    0.04326923076923060163    1.3200378782444082613e-05
8    -1    45    2.4999999999999976634e-06    0.039062499999999930611    6.2649820430708334746e-06
9    -1    47    2.4999999999999976634e-06    0.037202380952380882662    2.4561148181630263198e-05
10    -1    47    3.3284271247461965367e-06    0.045403389855517353735    2.1029740844813093125e-05
11    -1    53    2.4999999999999942753e-06    0.055803571428571174806    1.8027756377320007404e-06
12    -1    56    4.499999999999999267e-06    0.039244186046511621291    3.9965610216785136491e-05
13    -1    56    4.7426406871192834343e-06    0.014995093791412845985    3.7286056375004316646e-05
14    -1    56    3.4999999999999982534e-06    0.047851562499999958367    3.9092838218783755198e-05
15    -1    56    4.9999999999999997737e-07    0.0625    4.0078048854703483947e-05
16    -1    68    3.6622776601683832978e-06    0.04722632978932539416    4.1533119314590375237e-06
17    -1    69    3.3284271247461867958e-06    0.054306015317383181384    2.0615528128088307195e-06
18    -1    70    1.9142135623730982041e-06    0.017284026237608995924    1.3536986370680881983e-05
19    -1    72    4.1055512754639848352e-06    0.040911532221999891146    1.5467708298258020185e-05
20    -1    72    4.9999999999999997737e-07    0.010416666666666666088    1.1280514172678482695e-05
21    -1    78    3.5000000000000016416e-06    0.033288043478260899433    6.1032778078668468888e-06
22    -1    86    6.4999999999999835064e-06    0.033007812499999830691    1.5041608956491320608e-05
23    -1    93    3.4999999999999982534e-06    0.040296052631578919978    3.0203476621077917247e-05
24    -1    103    1.5000000000000038496e-06    0.023437500000000121431    2.5947061490658248782e-05
25    -1    103    7.2082039324993624988e-06    0.017435638903523245635    1.3351029922818684941e-05
26    -1    105    4.6231056256176625811e-06    0.032780836849106868847    9.3941471140279690232e-06
27    -1    121    2.7360679774997830376e-06    0.044559928437498536047    1.2539936203984449782e-05
28    -1    128    5.5000000000000134095e-06    0.031379668049792690254    6.1032778078668401125e-06
29    -1    128    2.5000000000000078278e-06    0.023320895522388203347    2.1662179022434480699e-05
30    -1    129    6.4999999999999970589e-06    0.024060364464692462344    1.2175795661885918319e-05
31    -1    129    2.4999999999999942753e-06    0.057870370370370106949    1.7095320997278767302e-05
32    -1    138    8.11577310586391477e-06    0.039678176569797607431    8.7321245982864905566e-06
33    -1    153    8.5622577482985568782e-06    0.033323753521953949908    4.9244289008980548613e-06
34    -1    156    2.5000000000000213803e-06    0.048828125000000832667    1.0874281585465771368e-05
35    -1    156    1.9142135623730910043e-06    0.036642135623730795468    1.8200274723201292237e-05
36    -1    158    5.499999999999999857e-06    0.054800724637681159923    2.4540782383616059652e-05
37    -1    161    2.4999999999999942753e-06    0.050403225806451373847    4.9999999999999997737e-07
38    -1    181    5.5000000000000074803e-06    0.012397540983606592305    2.2677080940897129021e-05
39    -1    183    6.5827625302982167136e-06    0.035871492160842871622    6.8738635424337592676e-06
40    -1    184    4.1055512754640051639e-06    0.044828593817723721981    2.3796008068581590335e-05
41    -1    196    6.156854249492383461e-06    0.043272664668370347529    5.0249378105604534239e-06
42    -1    201    6.5000000000000106114e-06    0.035208333333333452497    4.1533119314590358296e-06
43    -1    203    6.156854249492382614e-06    0.018803003099946629523    2.5889186931999233281e-05
44    -1    216    6.1568542494923936254e-06    0.044077737499409935795    6.3442887702247552156e-06
45    -1    220    2.7360679774997830376e-06    0.038194224374998746174    8.5586213843118488993e-06
46    -1    220    4.9999999999999997737e-07    0.0032894736842105270005    1.1926860441876558047e-05
47    -1    221    1.9142135623730922749e-06    0.022901334764831776658    3.2015621187164255388e-06
48    3    0    2.7360679774997885433e-06    0.03819422437499889883    2.0615528128088336842e-06
49    4    0    4.9721359549995801797e-06    0.023148067373595121454    4.0311288741492782916e-06
50    14    0    2.499999999999999781e-06    0.036337209302325576554    2.2276669409945472561e-05
51    15    0    4.500000000000000114e-06    0.017639372822299652366    2.2677080940897135797e-05
52    21    0    1.500000000000000038e-06    0.016071428571428576781    1.4326548781894409825e-05
53    21    0    1.9142135623731032863e-06    0.045802669529664087611    1.4044571905188147417e-05
54    27    0    8.5622577482985450198e-06    0.02941904404024818509    8.2613558209291490248e-06
55    41    0    4.9999999999999997737e-07    0.03125    5.0000000000001215347e-07
56    54    0    3.4999999999999999475e-06    0.03125    2.6062425059844308964e-05
57    59    0    7.7111025509279829278e-06    0.028752950943388803917    1.2539936203984461641e-05
58    59    0    3.3284271247461914545e-06    0.052256731720500937399    1.9805302320338360734e-05
59    63    0    3.3284271247461867958e-06    0.035058313685905596879    1.9215878850575635381e-05
60    63    0    5.5000000000000015511e-06    0.022308259587020665138    9.4999999999999937468e-06
61    74    0    6.3309518948453009934e-06    0.049851930217469295203    1.2776932339180649374e-05
62    82    0    1.4999999999999970734e-06    0.02083333333333325238    2.6874709300753372933e-05
63    83    0    7.500000000000001037e-06    0.029358037578288108393    7.7620873481300051904e-06
64    84    0    8.9852813742385665737e-06    0.031735566577923937648    7.6974021591703223203e-06
65    88    0    7.4999999999999942608e-06    0.055364173228346372224    2.4763884994079582734e-05
66    112    0    4.9999999999999997737e-07    0.015625    2.1029740844813093125e-05
67    112    0    7.5710678118654826406e-06    0.03947731942965949925    6.8738635424337575736e-06
68    115    0    1.4999999999999970734e-06    0.022499999999999912431    2.0615528128088408839e-06
69    120    0    4.7426406871192732699e-06    0.044276851746297585244    3.6400549446402617508e-06
70    136    0    4.1055512754639865292e-06    0.041721661572930612838    2.2808989455914102748e-05
71    137    0    6.3309518948452992993e-06    0.022366602619891342435    1.9754746265138414021e-05
72    144    0    4.7426406871192834343e-06    0.022674032950725068331    4.0311288741492749035e-06
73    150    0    4.1055512754640051639e-06    0.024934247448911418116    1.3275918047351762779e-05
74    157    0    5.4999999999999913867e-06    0.046972049689440853459    4.500000000000000961e-06
75    174    0    4.1055512754639941525e-06    0.021175315672693505176    9.2330926563097093327e-06
76    174    0    4.9999999999999997737e-07    0.0625    1.2093386622447833181e-05
77    178    0    5.499999999999999857e-06    0.02479508196721311522    1.3351029922818701882e-05
78    178    0    3.3284271247461723962e-06    0.039008546213894629284    2.8111385593741207667e-05
79    187    0    2.736067977499794049e-06    0.026735957062499336734    4.6992020599246429728e-05
80    192    0    3.4999999999999914772e-06    0.051906779661016699823    1.118033988749897724e-06
81    202    0    1.4999999999999970734e-06    0.040178571428571271951    1.0356157588603997956e-05
82    205    0    7.7801098892805161734e-06    0.03718065718014772203    9.3407708461346874648e-06
83    207    0    4.1055512754640051639e-06    0.043442142462536387226    4.0227478171021339667e-05
84    207    0    6.1568542494923648263e-06    0.02240357816163841137    2.1100947846009184363e-05
85    214    0    3.4999999999999914772e-06    0.046401515151514929891    2.6481125353730717946e-05
86    215    0    4.1055512754639789059e-06    0.043442142462535839054    4.716990566028301683e-06
87    219    0    2.7360679774997864257e-06    0.021761825515987709423    6.1032778078668663705e-06
88    224    0    1.4999999999999970734e-06    0.017045454545454478273    1.5000000000000046967e-06
89    2    18    4.9999999999999997737e-07    0.0034722222222222224632    2.5001009977569026659e-05
90    4    27    2.4999999999999942753e-06    0.022977941176470482315    2.3387992043788728691e-05
91    4    74    4.9999999999999997737e-07    0.012500000000000000694    5.1774572685373172753e-05
92    5    17    3.4999999999999999475e-06    0.01314377682403433667    2.4386796236253674853e-05
93    5    19    2.08113883008418862e-06    0.036092823584034885998    3.5856376342227384531e-05
94    6    9    2.4999999999999993575e-06    0.031249999999999989592    2.5106425793031885444e-05
95    6    9    2.7360679774997885433e-06    0.0233939624296868251    2.553001419700706942e-05
96    7    16    2.8452078799117125754e-06    0.01945963432671082502    2.71567810792941477e-05
97    7    17    3.0495097567963918214e-06    0.015295246310520378696    2.0414882402465029022e-05
98    8    11    3.0495097567963918214e-06    0.013134900786435577819    2.9335098913649670368e-05
99    8    18    1.4999999999999970734e-06    0.0624999999999997502    4.8582097264282026903e-05
100    8    18    4.9999999999999997737e-07    0.0625    3.8913090260241472149e-05
101    8    18    4.9999999999999997737e-07    0.0078125    3.605519782390328125e-05
102    8    24    2.0811388300841890435e-06    0.016658226269554567839    1.3550118369754608218e-05
103    8    30    2.08113883008418862e-06    0.027763710449257600343    2.8183473442204793545e-05
104    8    30    1.2071067811865467085e-06    0.026019763949759744381    3.6782178068396204345e-05
105    8    30    4.9999999999999997737e-07    0.020833333333333332177    2.4757735125281774382e-05
106    9    56    3.4154759474226502207e-06    0.015110720139148509783    5.2113198092322663302e-05
107    10    17    1.4999999999999970734e-06    0.029605263157894624176    4.7651032607956247044e-05
108    10    17    2.8452078799117193517e-06    0.028911456713970506288    4.2626575619056151546e-05
109    10    29    2.5000000000000010515e-06    0.037202380952380986745    2.5737649172301771514e-05
110    10    33    2.3708286933869687275e-06    0.030547982029276967569    2.787725032370267164e-05
111    10    34    1.2071067811865456497e-06    0.036427669529663579684    1.5013273840483614178e-05
112    10    37    4.9999999999999997737e-07    0.015625    5.7038293539373423205e-05
113    10    37    4.9999999999999997737e-07    0.0052083333333333330442    5.8169201435493046596e-05
114    10    37    2.5000000000000213803e-06    0.037202380952381590429    3.782311415200251411e-05
115    11    18    1.4999999999999970734e-06    0.05113636363636343829    4.6419088395719838576e-05
116    11    19    4.9999999999999997737e-07    0.020833333333333332177    3.0619271632692290691e-05
117    11    36    4.5000000000000026551e-06    0.01868081180811810571    1.6363713797507370716e-05
118    12    22    3.4999999999999999475e-06    0.028621495327102803446    2.5557446002225222767e-05
119    12    23    2.4999999999999993575e-06    0.02693965517241378102    4.5700893509976422177e-05
120    12    25    3.3284271247461914545e-06    0.017753889622990706026    2.2829718392455028582e-05
121    12    25    2.9494897427831833324e-06    0.037497800615444866479    3.5868739031870147595e-05
122    13    25    3.8166247903553984522e-06    0.020344448031222612389    1.8533868477982712818e-05
123    13    32    4.9999999999999997737e-07    0.0044642857142857149053    3.9263812360358255971e-05
124    13    32    4.4370039370059040587e-06    0.023215806529488083876    3.9500359850672986611e-05
125    14    21    2.0811388300841983609e-06    0.018668701853811319608    2.558572665517440018e-05
126    14    25    3.7403703492039245819e-06    0.033957209585446332389    2.8741420227133426758e-05
127    14    54    2.4999999999999942753e-06    0.027901785714285587403    3.6641580789702400027e-05
128    15    21    1.500000000000000038e-06    0.017578125000000003469    5.0578169711346317487e-05
129    15    21    5.0276925690687093991e-06    0.021421773363617561264    3.0347703187256801552e-05
130    15    21    1.7247448713915808023e-06    0.026560222065996078045    4.3349843780791881337e-05
131    15    21    3.049509756796395633e-06    0.026122218417967454918    3.8394943424418805881e-05
132    15    31    2.4999999999999942753e-06    0.03633720930232541696    3.984166544153676685e-05
133    15    49    3.4999999999999914772e-06    0.015545685279187742428    2.7929773563863759039e-05
134    15    49    2.4999999999999942753e-06    0.039062499999999819589    4.0632522053482359457e-05
135    16    47    3.0495097567963922449e-06    0.013285013938280559181    2.8806977421345976334e-05
136    16    47    2.08113883008418862e-06    0.026409383110269420147    3.3405976628698284988e-05
137    16    47    4.9999999999999997737e-07    0.03125    2.9477556647153747935e-05
138    17    22    2.499999999999999781e-06    0.030048076923076920408    6.1043676524534328355e-05
139    17    42    3.0495097567963880097e-06    0.039404702359306639781    2.3906634479358454363e-05
140    17    47    3.0495097567963977506e-06    0.025831971546656739419    3.0534654507804957746e-05
141    17    57    4.2416573867739447833e-06    0.015950050874799621969    3.2214935588136796253e-05
142    18    19    2.4999999999999993575e-06    0.042229729729729714727    4.7236278651851599424e-05
143    18    22    3.0495097567963918214e-06    0.030193213496092170811    5.6349242365629178858e-05
144    18    22    3.8911649915626389518e-06    0.01981827878476790164    2.9179924625803147951e-05
145    18    25    1.500000000000000038e-06    0.020089285714285719242    4.1886247279155172001e-05
146    18    28    1.4999999999999970734e-06    0.035156249999999861222    2.700698339395070824e-05
147    18    38    2.0811388300841903141e-06    0.015692531993058669165    1.6046199900084493921e-05
148    18    38    4.9999999999999997737e-07    0.0625    1.7331406843230465101e-05
149    18    61    3.0495097567963854686e-06    0.020216325558252933731    4.5536795628706295657e-05
150    19    36    3.8911649915626313285e-06    0.026470568167067502069    2.2135175259544240256e-05
151    19    56    4.9999999999999997737e-07    0.015625    4.3988811541118607445e-05
152    19    56    4.6231056256176625811e-06    0.023131066694391428512    2.9892837913800997664e-05
153    20    30    3.0495097567963918214e-06    0.030590492621040757393    2.4112974080801596606e-05
154    20    32    3.5000000000000050297e-06    0.016554054054054103545    2.6934356427262358722e-05
155    20    40    2.5000000000000002045e-06    0.025201612903225808354    2.5695393767152467223e-05
156    21    46    5.6478150704934934476e-06    0.02868508549504804675    3.3848958658792728386e-05
157    21    63    3.3284271247462011954e-06    0.021981006199893380476    3.1503149544980700797e-05
158    21    67    2.3708286933869708451e-06    0.028677697415239650214    4.6941159373822932666e-05
159    21    83    3.5822070014844919075e-06    0.025871385083638131358    5.0380488724908513171e-05
160    22    23    1.5000000000000004615e-06    0.037500000000000033307    4.7949199346924294108e-05
161    22    26    2.5000000000000010515e-06    0.039062500000000034694    4.2404620870741425108e-05
162    22    35    3.5822070014844868253e-06    0.027655618537682065405    1.9848723605067606127e-05
163    22    38    1.4999999999999987675e-06    0.040178571428571369095    2.3583757234565535865e-05
164    23    31    3.582207001484478355e-06    0.020564434297250671485    1.875853649225314837e-05
165    23    35    4.9999999999999997737e-07    0.0044642857142857149053    5.7036632738641708268e-05
166    23    37    2.5000000000000010515e-06    0.039062500000000034694    3.6032678964479104822e-05
167    23    39    4.9999999999999997737e-07    0.015625    3.1166568177388770302e-05
168    23    46    4.4370039370059032117e-06    0.012004270693296271999    4.4703230132513464227e-05
169    23    58    2.3708286933869678805e-06    0.013776540915164111473    3.4528655570399742632e-05
170    23    65    2.5000000000000010515e-06    0.033244680851063863891    3.9780253290295721933e-05
171    24    30    4.9999999999999997737e-07    0.0625    2.343074902771996281e-05
172    24    36    1.9142135623730982041e-06    0.018694967154964832468    2.7859473541558316985e-05
173    24    66    4.9999999999999997737e-07    0.0625    3.6646952791951924774e-05
174    25    32    4.4370039370059015176e-06    0.028124291338579816141    4.6177576436944863881e-05
175    25    46    2.5000000000000010515e-06    0.030048076923076951633    3.9581602711489955186e-05
176    25    50    2.0811388300841915846e-06    0.024608743352751125816    3.3174503331386408049e-05
177    25    52    3.0495097567963850451e-06    0.042270498894528857337    2.2745867426256257521e-05
178    26    35    4.0355339059327376562e-06    0.021541711515784048997    1.4788192344972897279e-05
179    26    57    2.4999999999999976634e-06    0.048828124999999909794    3.4377889958845211146e-05
180    27    32    4.3078865529319516033e-06    0.012505314388768151365    3.7636964771155736347e-05
181    27    59    4.5000000000000162076e-06    0.014464285714285820064    2.6054207912850027465e-05
182    28    32    2.5000000000000010515e-06    0.020292207792207809375    2.3135651104958792089e-05
183    28    48    2.0811388300841852319e-06    0.022558014740021725686    3.011056961422793176e-05
184    29    34    3.0495097567963901273e-06    0.040084093779294734106    1.0713645326729273025e-05
185    29    35    4.9999999999999997737e-07    0.03125    3.3211157841657073565e-05
186    29    37    1.5000000000000004615e-06    0.040178571428571459301    1.6999592892378914146e-05
187    29    44    3.0495097567963943625e-06    0.023018588506921792286    1.2519227539666795748e-05
188    30    48    1.4999999999999970734e-06    0.019396551724137855305    3.7484646968447709768e-05
189    30    48    1.2071067811865456497e-06    0.033116063208785066763    2.4049234072844694288e-05
190    30    66    2.3708286933869695745e-06    0.031226826074372035502    3.1671482947866053917e-05
191    31    37    4.9999999999999997737e-07    0.03125    6.3021950873976120616e-05
192    31    51    2.3708286933869644923e-06    0.033457313651112749464    2.203338531228169172e-05
193    31    67    1.2071067811865456497e-06    0.028021284253587366853    3.5761261888616294343e-05
194    32    40    4.5620192023179944796e-06    0.015814604257080634026    2.6280533714220983589e-05
195    32    48    5.4497474683058283655e-06    0.036576043680179540218    2.786675227063040218e-05
196    32    52    4.0355339059327351151e-06    0.018762135836328016486    4.0156832151742790369e-05
197    32    54    4.2416573867739346189e-06    0.011533113709470438346    5.2068837252051302549e-05
198    32    88    3.7403703492039343228e-06    0.028905723861991656359    5.0945339266806293063e-05
199    32    88    1.9142135623731032863e-06    0.048213336347014836003    4.5672183905516296155e-05
200    33    43    4.9999999999999997737e-07    0.020833333333333332177    4.0883404780343088737e-05
201    33    47    2.0811388300841852319e-06    0.031846609044736552685    5.3010241568520709559e-05
202    33    75    3.0495097567963969036e-06    0.021727826534571077072    3.667912291653017715e-05
203    34    75    1.2071067811865359088e-06    0.052039527899518558951    3.4134930184899837967e-05
204    35    39    1.7247448713915867315e-06    0.02187312405434986215    2.7184618190875584591e-05
205    35    39    1.4999999999999970734e-06    0.033088235294117515628    2.2767203723225789712e-05
206    35    44    4.0355339059327376562e-06    0.01469813529416312374    2.1203839673120127468e-05
207    35    58    2.5000000000000078278e-06    0.015024038461538557349    3.196108617197645661e-05
208    35    73    2.5000000000000010515e-06    0.016983695652173929486    3.4476576433058552765e-05
209    36    56    4.9999999999999997737e-07    0.0089285714285714298105    4.1565494661779168225e-05
210    36    60    2.08113883008418862e-06    0.024608743352751052957    3.3610319390301666683e-05
211    36    61    3.7403703492039292406e-06    0.022277659791725995531    2.9903115623871389875e-05
212    36    62    4.7426406871192842814e-06    0.024662983209560614822    2.4147220891631975828e-05
213    37    65    1.2071067811865477672e-06    0.024285113019775806525    2.9343304871954674221e-05
214    38    61    1.7247448713915884256e-06    0.029747448713915870117    3.9016123150738820453e-05
215    38    73    1.2071067811865456497e-06    0.052039527899519398557    4.0925817851817050566e-05
216    39    44    2.3708286933869678805e-06    0.036030953162736911732    1.5489616780974557346e-05
217    39    58    2.3708286933869835506e-06    0.019516766296482749438    2.3979666155412006438e-05
218    42    47    2.3708286933869763508e-06    0.025549221333577263465    3.2869534832970764414e-05
219    43    47    3.5000000000000007945e-06    0.016289893617021287964    3.5792242853756106114e-05
220    43    68    1.9142135623730969335e-06    0.0286266684560398596    2.9382380174268575904e-05
221    44    58    1.4999999999999970734e-06    0.028124999999999889672    3.1185143902878959335e-05
222    44    64    1.4999999999999970734e-06    0.0624999999999997502    2.4780027181980079107e-05
223    44    65    2.232050807568882304e-06    0.032776650049795401365    3.5895923562802733336e-05
224    44    65    3.5000000000000050297e-06    0.036029411764705990273    3.084344538268234332e-05
225    44    75    1.2071067811865456497e-06    0.016558031604392533381    4.1578454239633592308e-05
226    45    56    2.08113883008418862e-06    0.021231072696491104512    5.295291509425471626e-05
227    45    70    2.08113883008418862e-06    0.03281165780366807061    2.4134389328932905939e-05
228    46    58    5.5000000000000049392e-06    0.023197852760736239336    2.9861572487388628389e-05
229    47    53    4.9999999999999997737e-07    0.015625    2.1887482193696059668e-05
230    47    57    4.035533905932734268e-06    0.022007478251260422647    3.3957813942306790589e-05
231    47    68    2.08113883008418862e-06    0.036092823584034885998    3.495376983104358002e-05
232    47    75    2.0811388300841852319e-06    0.028494334408448500351    4.7782231416822253133e-05
233    47    75    2.0811388300841928552e-06    0.014437129433614012686    4.6279141324961284157e-05
234    47    93    4.9999999999999997737e-07    0.020833333333333332177    4.1488614375232749055e-05
235    47    93    1.9142135623731151447e-06    0.02617295401695123383    6.4166084708763192418e-05
236    48    55    4.9999999999999997737e-07    0.020833333333333332177    2.5562095133464511642e-05
237    48    55    4.9999999999999997737e-07    0.03125    2.4702950412829787955e-05
238    48    61    3.2386127875258313953e-06    0.020977225575051671597    4.4343435020297838878e-05
239    48    62    2.4999999999999942753e-06    0.032552083333333182991    3.6282743786671754868e-05
240    49    67    1.7247448713915799553e-06    0.032334183384690851071    2.3534654715097964769e-05
241    49    82    4.9999999999999997737e-07    0.03125    4.0704218805299022309e-05
242    49    83    2.9494897427831735916e-06    0.024165249285508758753    3.0077177342836393332e-05
243    50    58    5.6478150704934976828e-06    0.019690009302773748417    2.2168179713850909171e-05
244    50    61    2.4999999999999942753e-06    0.03633720930232541696    6.3983698714647569078e-05
245    50    80    2.621320343559636359e-06    0.013420547546014863216    2.7378245860866924459e-05
246    50    81    3.0495097567963863157e-06    0.025548103727462519869    4.8932183397362358484e-05
247    51    65    1.4999999999999970734e-06    0.020089285714285635975    5.5182298767441045461e-05
248    51    76    3.0495097567963875862e-06    0.024998682141925708533    2.574844963061063841e-05
249    51    76    1.4999999999999970734e-06    0.0079225352112675759969    3.9086663559128574663e-05
250    52    54    4.0355339059327274918e-06    0.026437555042098468544    1.9855190491954071222e-05
251    52    81    1.4999999999999970734e-06    0.026785714285714180144    3.0954599084059170879e-05
252    52    88    3.4999999999999914772e-06    0.022192028985507140232    4.3340569108463841057e-05
253    54    59    4.4999999999999891026e-06    0.01480263157894729821    3.164858973555012019e-05
254    54    63    4.9999999999999997737e-07    0.0089285714285714298105    5.727043221738785557e-05
255    54    63    3.582207001484492331e-06    0.015276436906529189397    3.6260704130414275672e-05
256    54    81    1.724744871391585461e-06    0.027543933994366453372    3.7606249077100814787e-05
257    54    84    5.0276925690687102461e-06    0.030381842030130681853    2.6581802030321410174e-05
258    55    61    1.4999999999999970734e-06    0.033088235294117515628    4.729730855976991622e-05
259    56    57    2.7360679774997893903e-06    0.017490813031541561917    4.2750264457195314544e-05
260    56    57    3.0495097567963918214e-06    0.029060967989988716054    4.0052533651661640312e-05
261    56    60    4.9999999999999997737e-07    0.010416666666666666088    4.8130179943098522818e-05
262    56    61    6.5000000000000038351e-06    0.021468495934959381383    2.703698490621626589e-05
263    56    70    2.5000000000000010515e-06    0.022321428571428592741    5.4186242235312909751e-05
264    56    70    4.9999999999999997737e-07    0.020833333333333332177    6.1675143476201021086e-05
265    56    72    3.0495097567963918214e-06    0.030193213496092170811    4.474261267391402958e-05
266    56    72    4.9999999999999997737e-07    0.0069444444444444449263    3.3337126663456913668e-05
267    56    72    4.9999999999999997737e-07    0.0625    3.7326087159302109191e-05
268    56    73    5.6478150704935019179e-06    0.027980539535520633498    4.5616398483694397311e-05
269    56    78    2.5000000000000002045e-06    0.029481132075471705445    4.639797111766082421e-05
270    56    78    3.328427124746191031e-06    0.014970847465873238225    4.1745689583106715956e-05
271    56    87    4.1742346141747651103e-06    0.030676469391152733079    3.4067574940875559202e-05
272    56    105    1.500000000000000038e-06    0.040178571428571438484    5.2827750834913260198e-05
273    56    105    3.0495097567963892803e-06    0.048434946649981110156    4.1760883450011212321e-05
274    56    106    1.4999999999999970734e-06    0.056249999999999779343    4.5010319113298317582e-05
275    56    106    3.4999999999999999475e-06    0.047115384615384614531    5.5970290699397172408e-05
276    56    106    3.5822070014844868253e-06    0.02056443429725076863    4.4839217080259111809e-05
277    56    118    3.2386127875258313953e-06    0.021146396749044022584    7.6763501398800405178e-05
278    56    118    2.7360679774997893903e-06    0.025993291588540929499    5.72049536529920953e-05
279    56    121    3.0495097567963918214e-06    0.020042046889647387869    5.1035676866176702608e-05
280    57    64    3.0495097567963918214e-06    0.015815492783667329385    3.1348070004532578537e-05
281    57    72    2.7360679774997847317e-06    0.031191949906249020336    2.4319106053673942246e-05
282    57    73    4.1055512754639831411e-06    0.021175315672693390684    2.4848412071905829983e-05
283    57    93    2.5000000000000010515e-06    0.050403225806451651403    3.987196414209344484e-05
284    57    98    2.3708286933869708451e-06    0.036979136140703763869    3.4924034550925969517e-05
285    58    63    4.9999999999999997737e-07    0.015625    6.4082229799903526329e-05
286    58    64    3.3284271247461867958e-06    0.033368756399837856685    3.6489318628150762549e-05
287    58    65    4.035533905932734268e-06    0.017325036070141183048    2.7354744518044298062e-05
288    58    71    3.0495097567963918214e-06    0.014903060507686522254    3.9061136123628879748e-05
289    58    81    2.3708286933869653394e-06    0.014949012482412090547    4.7562713314297314635e-05
290    58    99    2.2320508075688801864e-06    0.025948181289421300144    4.2732208483867285635e-05
291    59    74    3.0495097567963871627e-06    0.040084093779294657778    3.3767480047670096223e-05
292    59    84    2.9494897427831765562e-06    0.013592952723098700868    3.4393279995110600709e-05
293    59    88    5.9313902456001073367e-06    0.025346822943515930071    2.5046645387819999507e-05
294    59    88    1.4999999999999970734e-06    0.0093749999999999649586    4.1461856845976415823e-05
295    60    118    3.4999999999999969829e-06    0.024898373983739802845    4.1584363281577312683e-05
296    61    62    4.1055512754639882233e-06    0.016991483140588688194    1.7639410298049853739e-05
297    61    73    2.7360679774997893903e-06    0.024625223610196676077    4.1795407726707026826e-05
298    61    73    2.0811388300841852319e-06    0.031846609044736552685    5.5737394215996094709e-05
299    61    79    3.0495097567963981741e-06    0.027351499284695376252    6.1682978629500539655e-05
300    61    81    2.7360679774997893903e-06    0.027123434701086187454    7.7866621102832064708e-05
301    62    66    2.3708286933869712686e-06    0.028677697415239664092    4.089512993871756224e-05
302    62    66    3.3284271247461906075e-06    0.042609335095177669483    3.3470005960556893838e-05
303    62    79    2.3708286933869670334e-06    0.018489568070351826423    6.175631244317400406e-05
304    63    81    3.0495097567963981741e-06    0.026419061809080761349    4.2252580233595533519e-05
305    63    83    5.9313902456001115718e-06    0.020312580973210252189    3.5839527521985316012e-05
306    63    84    4.1055512754639831411e-06    0.027012101402987081372    3.9634407447489335976e-05
307    63    112    3.5000000000000185822e-06    0.02663043478260898253    3.3269427918883856174e-05
308    64    73    6.0226805085936286133e-06    0.024776421112427327725    1.5729041208869949496e-05
309    64    75    2.7360679774997893903e-06    0.031720627023304186209    3.9126158327994802941e-05
310    64    75    4.9999999999999997737e-07    0.0062500000000000003469    4.2546068082051751173e-05
311    64    93    3.5822070014844813196e-06    0.02838983849885938146    4.1264300132414137123e-05
312    64    93    2.0811388300841852319e-06    0.030077352986695636561    4.1304746462138150704e-05
313    64    98    3.0495097567963918214e-06    0.029806121015373044508    3.73261351289931202e-05
314    64    102    3.6622776601683854154e-06    0.023950495821729329143    3.839036173910734056e-05
315    64    119    2.8452078799117210457e-06    0.028108360694138023739    3.9188510681420658799e-05
316    65    76    2.3708286933869763508e-06    0.023817070734690668626    4.0695332463701008223e-05
317    65    76    3.5822070014844978367e-06    0.017064105055165635499    4.0634758103647272394e-05
318    65    96    2.0811388300841809967e-06    0.027763710449257399115    2.9899977975893396421e-05
319    65    99    4.9999999999999997737e-07    0.03125    5.5652482316961660394e-05
320    65    101    3.0495097567963918214e-06    0.033212534845701392749    2.8087882645955009829e-05
321    65    102    2.5000000000000078278e-06    0.030048076923077114697    3.4592532298138669081e-05
322    66    79    1.2071067811865551788e-06    0.036427669529664148673    4.1111199089542798106e-05
323    67    71    3.7403703492039228878e-06    0.021197530832127085137    2.061676716995298526e-05
324    67    76    5.3476798574163138844e-06    0.021341552132400128799    1.7582664580791611654e-05
325    67    82    4.9721359549995793327e-06    0.021994782878113502966    1.679837387624885962e-05
326    67    83    2.9494897427831710505e-06    0.017124979808628218447    2.3727284163082538348e-05
327    67    100    1.2071067811865456497e-06    0.021428040899802103247    2.8658444396469393923e-05
328    68    86    2.0811388300841894671e-06    0.025181039709791800535    2.8617130648772915228e-05
329    68    93    2.0811388300841920082e-06    0.016918511055016405287    4.2362302251401138631e-05
330    68    93    2.4999999999999942753e-06    0.026041666666666553331    3.878087527793960262e-05
331    69    103    1.4999999999999996145e-06    0.015624999999999991326    2.2823404542764655231e-05
332    71    76    4.5000000000000026551e-06    0.015529141104294496428    2.6727938263270453311e-05
333    71    83    2.0811388300841894671e-06    0.032811657803668105304    3.3787360830537764979e-05
334    71    91    4.9999999999999997737e-07    0.0089285714285714298105    2.7983838664926201855e-05
335    71    97    3.7403703492039250054e-06    0.03041384858522585416    2.1321007555904532152e-05
336    71    99    2.6213203435596558407e-06    0.026841095092030125419    5.1330969052775819793e-05
337    71    139    1.2071067811865359088e-06    0.040475188366292214059    5.6523863137400549796e-05
338    72    103    3.7403703492039292406e-06    0.028206391833072424341    3.3824751652906129241e-05
339    72    106    3.5822070014844893664e-06    0.027655618537682107039    3.1275245460222569926e-05
340    72    106    1.4999999999999970734e-06    0.04687499999999981265    3.265392187270438134e-05
341    73    80    4.9999999999999997737e-07    0.0625    3.390932830885018867e-05
342    73    95    1.2071067811865456497e-06    0.045534586912079469401    4.8175085677683316939e-05
343    73    95    3.0495097567963981741e-06    0.023967808651537182013    3.7717785624661020593e-05
344    73    95    1.724744871391585461e-06    0.027543933994366453372    3.0171453578292919072e-05
345    73    98    4.4370039370058998236e-06    0.022785884186349372738    1.9973415669736346113e-05
346    74    88    4.9999999999999997737e-07    0.0062500000000000003469    4.4883398220095398255e-05
347    74    89    5.7440442408507530608e-06    0.024995488061250535627    1.348191819808970141e-05
348    74    137    2.3708286933869771978e-06    0.02651334289333491176    4.9057225845405312689e-05
349    75    93    4.9999999999999997737e-07    0.0625    4.9117698560301385042e-05
350    75    101    2.0811388300841809967e-06    0.030077352986695511661    2.6907376467809693564e-05
351    75    107    1.914213562373095663e-06    0.024758199745764174204    2.5897676882371638274e-05
352    76    90    3.0495097567963850451e-06    0.027351499284695143799    2.7118520273496553384e-05
353    76    90    4.9999999999999997737e-07    0.0625    2.8395530168173270356e-05
354    76    100    4.6231056256176625811e-06    0.030533008036596687856    3.0394506928071216673e-05
355    79    88    5.499999999999999857e-06    0.021920289855072466745    3.3764657139474682458e-05
356    79    92    4.035533905932734268e-06    0.029936643209435131324    3.0110449682576966832e-05
357    79    92    1.500000000000000038e-06    0.029605263157894749076    4.4895931943541343234e-05
358    79    94    4.8011626335213057477e-06    0.039202657540002114334    3.4684497809200601659e-05
359    79    104    2.6213203435596460998e-06    0.035057756854896232612    3.8763603038882143699e-05
360    79    110    4.7426406871192834343e-06    0.025329550323332512829    3.291113125231401391e-05
361    79    113    2.5000000000000010515e-06    0.012500000000000009368    3.9955286837915920148e-05
362    79    127    3.500000000000000371e-06    0.028891509433962271614    4.2583604296686463806e-05
363    79    152    1.2071067811865456497e-06    0.028021284253587366853    6.2840421986881989688e-05
364    79    152    1.7247448713915884256e-06    0.018138688240192601953    7.2042244412455822391e-05
365    80    95    2.0811388300841983609e-06    0.012030941194678408668    2.7048566985531413736e-05
366    80    111    2.0811388300841852319e-06    0.03733740370762216737    1.9814675513856667738e-05
367    81    84    1.4999999999999970734e-06    0.04687499999999981265    3.7611441031542770959e-05
368    81    84    1.4999999999999970734e-06    0.035156249999999861222    4.3365627033028420942e-05
369    81    88    2.2320508075688801864e-06    0.018589741819286902114    5.0150726110819975338e-05
370    81    88    3.0495097567963981741e-06    0.020216325558253103734    4.1417656398782624883e-05
371    81    88    1.2071067811865456497e-06    0.021428040899802103247    4.9402376738707408843e-05
372    81    99    5.2434164902525648465e-06    0.018934859841771713163    2.0461337033157766721e-05
373    81    104    1.9142135623730910043e-06    0.028626668456039682659    2.9807764064044145198e-05
374    81    130    4.0355339059327410443e-06    0.019957762139623486802    4.3997512695950017898e-05
375    81    136    3.0495097567963981741e-06    0.025270406947816379667    4.2018014662863503413e-05
376    82    83    5.1904157598234214676e-06    0.024140157490881136715    1.297834638695745579e-05
377    82    100    5.1368092477478503381e-06    0.020423226971941051133    1.3373863542433768185e-05
378    82    114    4.0355339059327393502e-06    0.030158396122097690106    2.9943100647418169151e-05
379    83    91    4.0355339059327181744e-06    0.018506288529468846449    2.2598048735950150486e-05
380    83    112    1.4999999999999970734e-06    0.028124999999999889672    4.4873532107526086659e-05
381    83    112    4.9999999999999997737e-07    0.0625    4.5888515168357197488e-05
382    83    114    5.0276925690687093991e-06    0.027962049302067172596    2.9038235211246234179e-05
383    84    120    2.3708286933869653394e-06    0.035130179333668409836    2.6821627162967510727e-05
384    85    99    4.9999999999999997737e-07    0.0625    3.0577530402330023365e-05
385    85    111    1.724744871391585461e-06    0.023240194307746694924    3.0335227789893132302e-05
386    86    93    4.4370039370059091409e-06    0.018094672736218692793    4.125984415287367314e-05
387    86    93    1.500000000000000038e-06    0.035156250000000006939    5.2900873030812266588e-05
388    86    107    1.4999999999999970734e-06    0.029605263157894624176    3.8912560086822301473e-05
389    87    118    4.8011626335213065947e-06    0.015408531172139873153    2.202290434671470181e-05
390    88    92    4.9999999999999997737e-07    0.012500000000000000694    2.8720525260810936925e-05
391    88    104    3.4999999999999957123e-06    0.025102459016393383756    4.11613284515954312e-05
392    88    127    4.8011626335213167591e-06    0.017786390920926965775    3.0904287205275499952e-05
393    88    137    3.4999999999999914772e-06    0.02302631578947357191    4.7705469839125021658e-05
394    89    92    3.0495097567963918214e-06    0.036902816495223762783    2.1342820071427533624e-05
395    89    137    1.4999999999999970734e-06    0.035156249999999861222    4.5208910068558427428e-05
396    90    96    2.4999999999999942753e-06    0.026041666666666553331    1.4816345025308418336e-05
397    90    100    4.9999999999999997737e-07    0.015625    4.3524663743220818604e-05
398    90    139    1.5000000000000106259e-06    0.026785714285714665867    4.1829654913458718898e-05
399    91    97    3.7403703492039228878e-06    0.017061427255126680735    1.2159798552300900688e-05
400    91    112    3.6622776601683705923e-06    0.015172259796570494034    2.2305996558784726877e-05
401    91    114    4.2416573867739456303e-06    0.015726973240187042125    1.6775965536789990681e-05
402    92    124    3.0495097567963892803e-06    0.022792916070579347793    2.2995888686538453935e-05
403    93    98    4.801162633521315065e-06    0.025958516479190688053    2.9810643342964012826e-05
404    93    102    1.2071067811865456497e-06    0.028021284253587366853    4.9939313638889291718e-05
405    93    103    7.53562363973514603e-06    0.017104103505944330543    1.961669012847301827e-05
406    93    125    2.5000000000000010515e-06    0.018825301204819292616    5.5317819331533241893e-05
407    93    134    1.5000000000000106259e-06    0.026785714285714665867    3.1927816492050485294e-05
408    93    134    4.9999999999999997737e-07    0.0625    3.5862237401951751548e-05
409    93    134    3.0495097567963850451e-06    0.027351499284695143799    3.8090814629306708977e-05
410    93    145    2.3708286933869801624e-06    0.021291017777981122855    4.0603050954903224107e-05
411    94    108    4.1742346141747668043e-06    0.031565642416983272223    2.1419102201906090076e-05
412    94    110    4.8588989435406732564e-06    0.017939892814240635671    2.2965376779275417109e-05
413    94    113    2.0811388300841852319e-06    0.030936705929172657326    1.8352349955359809091e-05
414    95    110    3.0495097567963850451e-06    0.013921421791611300611    2.6088301202287918857e-05
415    95    119    3.0495097567963850451e-06    0.038112744904903066157    2.857481343168132758e-05
416    95    131    1.5000000000000106259e-06    0.023437500000000329597    4.1815469403984803476e-05
417    95    149    2.5000000000000010515e-06    0.0284090909090909359    4.5083890781908551198e-05
418    96    107    2.4999999999999942753e-06    0.030637254901960644243    2.742052280409544072e-05
419    97    114    4.9999999999999997737e-07    0.03125    1.6197150635676872796e-05
420    97    123    2.2320508075688801864e-06    0.029655064330767203634    2.4818416253484949899e-05
421    98    106    1.7247448713915909667e-06    0.021873124054349969703    2.7917936268907361e-05
422    98    119    4.0355339059327410443e-06    0.014136748182233304164    2.4601854263065793798e-05
423    99    109    2.3708286933869873622e-06    0.024227709885289008818    4.283114315779288164e-05
424    99    111    3.4999999999999914772e-06    0.031572164948453454447    3.1261819774656947953e-05
425    99    117    2.4999999999999942753e-06    0.048828124999999777955    2.607435544814987817e-05
426    99    123    2.7360679774997893903e-06    0.015092878986894731411    3.1165659282693329427e-05
427    99    130    3.7403703492039313582e-06    0.021997437655981038479    3.8178479871521445318e-05
428    99    139    3.0495097567963850451e-06    0.038112744904903066157    5.2751304017329266006e-05
429    99    139    4.9999999999999997737e-07    0.0089285714285714298105    4.9177575491246359573e-05
430    99    147    2.5000000000000078278e-06    0.029481132075471882387    4.9461209546898129931e-05
431    99    154    2.9494897427831710505e-06    0.033459575933781293688    3.8894476809776168575e-05
432    100    114    1.4999999999999970734e-06    0.0312499999999998751    3.758492573650848499e-05
433    100    139    3.4154759474226489501e-06    0.031358806310275925966    5.9485911930720733378e-05
434    100    141    4.9999999999999997737e-07    0.0078125    3.8591489909403996043e-05
435    100    141    3.4999999999999914772e-06    0.01355088495575214845    3.4028597230049079721e-05
436    101    102    4.0355339059327300329e-06    0.019573959021553698212    1.4912001002109979338e-05
437    101    107    1.4999999999999970734e-06    0.024456521739130338694    2.0443485708316574593e-05
438    101    107    1.5000000000000038496e-06    0.028125000000000146411    2.4071701111685500131e-05
439    101    143    2.3708286933869763508e-06    0.024652757427135955914    2.981893876043656847e-05
440    102    109    4.5620192023179834682e-06    0.025885596022783598225    1.5577381426534457772e-05
441    102    134    3.0495097567963850451e-06    0.033693875930421550435    3.8921928220133062391e-05
442    102    139    1.2071067811865647079e-06    0.024285113019776490006    4.274891363040499826e-05
443    102    143    1.4999999999999970734e-06    0.023437499999999906325    4.2181777509200314344e-05
444    103    106    3.0495097567963918214e-06    0.030193213496092170811    4.833698112232184688e-05
445    103    128    1.4999999999999970734e-06    0.04687499999999981265    4.9779794103829174247e-05
446    103    134    3.4999999999999982534e-06    0.021566901408450685901    3.7669158044739006557e-05
447    103    153    3.740370349203926276e-06    0.03268778118972874569    4.1455320337401633092e-05
448    104    110    3.0495097567963850451e-06    0.040787323494720827133    3.1460410378968993515e-05
449    104    111    2.4999999999999942753e-06    0.027901785714285587403    1.8246024507633740256e-05
450    104    117    4.1742346141747659573e-06    0.03300044434502794749    1.0603337246698317243e-05
451    105    121    2.0811388300841852319e-06    0.032811657803667966526    2.5720562689967521196e-05
452    105    138    2.9494897427831807913e-06    0.029390168049943227874    2.4852895039928652192e-05
453    106    121    3.0495097567963875862e-06    0.021329150818340282536    3.8019998845521840204e-05
454    106    131    3.415475947422643868e-06    0.027774942731958591341    3.3036731670605830043e-05
455    106    138    3.5822070014844851312e-06    0.010382044499582902819    3.3218185344366495126e-05
456    106    153    3.0495097567963854686e-06    0.032289964433320661463    4.157293253890818256e-05
457    107    125    2.0811388300841852319e-06    0.021231072696491035123    3.3593157670097120433e-05
458    107    143    4.9999999999999997737e-07    0.0625    3.2241024213210462052e-05
459    107    143    1.4999999999999970734e-06    0.023437499999999906325    3.2626326803870981535e-05
460    108    118    1.9142135623730935454e-06    0.029550109373976521376    2.682638088038462879e-05
461    108    118    3.4999999999999999475e-06    0.027343750000000003469    2.2136467663276051274e-05
462    109    119    4.623105625617659193e-06    0.013806915778822771365    2.2397209214849941883e-05
463    110    111    2.0811388300841852319e-06    0.049217486705501953259    3.2930039273172453658e-05
464    110    113    4.9999999999999997737e-07    0.012500000000000000694    3.2942675488750367582e-05
465    110    118    2.949489742783184603e-06    0.017974152361122347488    4.6320665621079477848e-05
466    110    131    1.724744871391585461e-06    0.027543933994366453372    3.9790875539277421023e-05
467    110    133    3.5822070014844796255e-06    0.036045525285068616417    2.8121590627301275452e-05
468    110    142    4.4370039370059091409e-06    0.025903952548692030233    2.6631597566839431638e-05
469    111    119    2.5000000000000078278e-06    0.024801587301587456336    2.9469584431775406826e-05
470    111    155    1.724744871391585461e-06    0.024789540594929812545    3.5278239454583897733e-05
471    112    114    2.4999999999999942753e-06    0.037202380952380785517    2.4789709996050950997e-05
472    112    120    2.0811388300841725264e-06    0.026409383110269010753    2.6514238561360011648e-05
473    112    130    4.6231056256176490286e-06    0.026986244476789843227    1.8375967733379131589e-05
474    112    140    4.0355339059327427384e-06    0.023002166533803360127    2.2518551862434646417e-05
475    113    151    2.0811388300841856554e-06    0.036092823584034781914    3.2945866745696716698e-05
476    114    123    2.0811388300841852319e-06    0.030936705929172657326    2.6618375822856438966e-05
477    114    140    3.7403703492039228878e-06    0.015340318365355130187    2.5828795811104136019e-05
478    117    148    3.582207001484479202e-06    0.031762888617535706137    2.4197440247476134764e-05
479    118    121    3.4154759474226485266e-06    0.030698620914270106919    2.9453175691976721668e-05
480    118    131    4.9721359549995827208e-06    0.014576731105542225023    3.1095808803798959097e-05
481    118    151    2.3708286933869695745e-06    0.033457313651112895181    3.7205841880068784904e-05
482    118    165    2.499999999999999781e-06    0.045955882352941165858    4.6817964422160752861e-05
483    119    134    2.0811388300841852319e-06    0.040103137315594179768    3.9458806760376447539e-05
484    119    147    1.2071067811865456497e-06    0.036427669529663579684    3.7248879990447467732e-05
485    119    149    5.4497474683058309066e-06    0.019437007505435748012    2.3108642986941942138e-05
486    120    130    2.3708286933869873622e-06    0.02266463182817358632    1.8713548546337719004e-05
487    120    144    1.4999999999999970734e-06    0.026785714285714180144    1.6293328632122950245e-05
488    121    129    3.0495097567963905508e-06    0.018599019513592763425    1.8027844423867799971e-05
489    121    131    3.3284271247461821371e-06    0.023671852830654142863    3.2766552190264207605e-05
490    121    158    4.1055512754639848352e-06    0.043442142462535963954    2.8319632947864674166e-05
491    123    139    2.4999999999999942753e-06    0.043402777777777581947    3.160912310985736608e-05
492    123    141    3.4999999999999914772e-06    0.02686403508771917012    3.3206661180650736721e-05
493    123    154    3.0495097567963850451e-06    0.010966403015090032957    2.6444294997976109518e-05
494    124    137    3.5822070014844775079e-06    0.041128868594501322153    3.7072954925736338095e-05
495    124    152    4.9999999999999997737e-07    0.0625    3.8058641686399756303e-05
496    124    152    3.0495097567963875862e-06    0.022792916070579320037    2.4173488640482731875e-05
497    125    128    3.0495097567963854686e-06    0.021727826534570910538    2.0252580526622309759e-05
498    125    145    4.9999999999999997737e-07    0.012500000000000000694    2.9409450501619447191e-05
499    125    156    3.4154759474226489501e-06    0.047038209465413871602    2.6286851329494874548e-05
500    125    161    4.9999999999999997737e-07    0.012500000000000000694    3.0636315414300265003e-05
501    125    163    1.2071067811865456497e-06    0.030356391274719642798    3.6911118307730053601e-05
502    125    163    1.4999999999999970734e-06    0.018749999999999929917    4.1197301746131477756e-05
503    125    184    1.4999999999999970734e-06    0.040178571428571271951    4.1027631475668981478e-05
504    127    135    6.5827625302982311131e-06    0.018299308500970598579    8.8804704645166955437e-06
505    127    136    4.1742346141747676514e-06    0.024891763734535388153    3.4131654136708635555e-05
506    127    137    4.8011626335213099828e-06    0.02103208269481868925    2.7289048333037817316e-05
507    127    148    1.4999999999999970734e-06    0.0624999999999997502    3.7092518203772728938e-05
508    127    152    4.5000000000000026551e-06    0.018342391304347848563    2.9076277043927733611e-05
509    127    173    3.5822070014844902134e-06    0.013651284044132450807    3.6905454905875812919e-05
510    127    174    3.0495097567963943625e-06    0.025548103727462655177    4.1859044100816782531e-05
511    128    156    4.0355339059327351151e-06    0.019860407202356971518    2.0487128893419323235e-05
512    129    158    2.4999999999999993575e-06    0.016801075268817199787    3.6849297275819126694e-05
513    129    165    1.4999999999999996145e-06    0.043269230769230747347    4.9965915280098904643e-05
514    129    203    4.9999999999999997737e-07    0.0056818181818181819759    5.301501287118272999e-05
515    130    136    4.9999999999999997737e-07    0.015625    2.9720730794014211097e-05
516    130    140    3.0495097567963795394e-06    0.027033458595338125813    2.3576677228590127769e-05
517    130    144    3.740370349203939405e-06    0.033630697954817309614    1.5787681480227134639e-05
518    130    148    4.9999999999999997737e-07    0.0062500000000000003469    3.353813637337925359e-05
519    130    154    2.4999999999999942753e-06    0.030637254901960644243    3.3575566084624247436e-05
520    131    158    1.2071067811865456497e-06    0.026019763949759699279    4.2745381962583400186e-05
521    131    158    6.4581876439064951051e-06    0.031218703326277342375    2.7184529549314425274e-05
522    133    151    3.0495097567963918214e-06    0.026122218417967385529    2.4262709424461659322e-05
523    133    151    2.0811388300841987844e-06    0.013534808844013212353    3.586838366809786446e-05
524    133    152    4.9999999999999997737e-07    0.012500000000000000694    4.5201419248416138089e-05
525    133    152    3.0495097567963981741e-06    0.035225415745441017445    3.6529987754606584342e-05
526    134    149    1.724744871391585461e-06    0.032334183384691052299    3.1113769652104430454e-05
527    134    164    2.0811388300841983609e-06    0.023538797989588189363    2.7219616982244325182e-05
528    134    181    3.7403703492039258524e-06    0.019986243356005569533    4.3284339282638131666e-05
529    135    137    5.2434164902525724698e-06    0.021214055933836888784    2.0115768236575557338e-05
530    135    152    5.7440442408507564489e-06    0.021706608053191283475    1.7578865172461172835e-05
531    136    144    1.7247448713915909667e-06    0.026560222065996393764    2.7597460328516665242e-05
532    136    148    5.3476798574163198136e-06    0.028147322694307311958    2.2652890939245132017e-05
533    136    173    3.0495097567963875862e-06    0.030590492621040674126    3.5386598574205409143e-05
534    136    174    4.0355339059327410443e-06    0.019573959021553805765    3.9704691147102600789e-05
535    137    152    4.0355339059327300329e-06    0.029290528607792583327    3.8191248978678495355e-05
536    137    157    4.4370039370059082939e-06    0.017768054094770696638    1.93399805917936935e-05
537    137    174    4.9999999999999997737e-07    0.015625    3.246504191973293861e-05
538    137    187    4.5620192023179817741e-06    0.01320559594055710495    5.435320454219214997e-05
539    138    153    3.5000000000000041827e-06    0.023740310077519435894    1.9919624543697089932e-05
540    138    158    3.4999999999999914772e-06    0.018788343558282117468    3.5637659209004641635e-05
541    139    143    4.6231056256176490286e-06    0.013128443258978843636    2.8239034367930598683e-05
542    139    143    4.9999999999999997737e-07    0.012500000000000000694    3.3775105471163352456e-05
543    139    154    2.0811388300841852319e-06    0.034928538952291698916    4.4524396367591264766e-05
544    139    154    3.5000000000000050297e-06    0.029166666666666753865    4.0020175810167435805e-05
545    139    162    4.5620192023179690686e-06    0.025757449507819156487    1.8673864929757809242e-05
546    139    186    3.0495097567963850451e-06    0.030998365855987832646    4.2538425721400262487e-05
547    140    141    4.9999999999999997737e-07    0.012500000000000000694    4.4075123677728859429e-05
548    140    150    4.1742346141747718865e-06    0.045853248984670552657    3.1229618011162883773e-05
549    140    154    3.0495097567963875862e-06    0.018022305730225510884    4.7756479583947825866e-05
550    140    178    2.8452078799117371394e-06    0.027723314657232340369    3.2872860925921373214e-05
551    141    150    4.4370039370059125291e-06    0.029828793843948434722    2.3880758462765099031e-05
552    141    160    3.049509756796395633e-06    0.019056372452451664917    2.0894154389202899361e-05
553    141    207    2.4999999999999942753e-06    0.041118421052631401458    5.5745690212022358523e-05
554    142    149    2.5000000000000078278e-06    0.03063725490196097731    3.7136822151632307889e-05
555    142    155    2.3708286933869653394e-06    0.027553081830328163965    3.2987946468634973308e-05
556    142    167    3.7403703492039258524e-06    0.029640615146618434772    2.710322868404258992e-05
557    142    182    3.4154759474226489501e-06    0.025141111955652245546    3.6388157840469852102e-05
558    143    146    4.1742346141747566399e-06    0.025325922404323665538    2.0325835832071787552e-05
559    143    146    2.0811388300841852319e-06    0.027763710449257513607    2.806314787276949205e-05
560    143    162    3.7403703492039228878e-06    0.022420465303211341984    2.9489030304920419757e-05
561    143    172    2.4999999999999942753e-06    0.025201612903225686924    2.3987270118746437721e-05
562    145    163    2.0811388300841894671e-06    0.029264451554622903512    2.2740113690974995568e-05
563    146    163    3.238612787525823772e-06    0.017026968810918485103    2.1125735561401642437e-05
564    147    149    1.9142135623730910043e-06    0.025445927516479716762    3.6645671721084841247e-05
565    147    154    5.1368092477478554203e-06    0.021628532170285156427    2.3822133020815604721e-05
566    147    154    3.0495097567963930919e-06    0.019870747343582045863    3.6174221834012303394e-05
567    147    155    4.5620192023179826211e-06    0.016361650316287737472    1.4036407060336844434e-05
568    148    154    4.2416573867739312307e-06    0.029018802236732026134    3.0226592845208222492e-05
569    148    155    2.5000000000000078278e-06    0.033967391304348039383    2.4329346201086106329e-05
570    148    173    4.0355339059327410443e-06    0.022127084111321693172    4.2724732758558582504e-05
571    148    173    4.9999999999999997737e-07    0.0625    3.9682822443759699588e-05
572    148    178    4.9999999999999997737e-07    0.015625    5.1182529284677147677e-05
573    148    180    1.2071067811865551788e-06    0.030356391274720125051    3.0253521705990802781e-05
574    149    164    3.3284271247461821371e-06    0.030104421534636244262    1.7624802942903232828e-05
575    149    171    1.2071067811865551788e-06    0.028021284253587810942    4.0122887969850257487e-05
576    149    171    1.9142135623730910043e-06    0.029550109373976445049    3.1884099848216359836e-05
577    149    189    3.500000000000000371e-06    0.026175213675213686304    3.4803940504246950083e-05
578    150    207    2.2320508075688882332e-06    0.02350023965834399306    4.6673286030910692923e-05
579    150    207    1.4999999999999970734e-06    0.035156249999999861222    5.3315380615912960063e-05
580    151    158    3.8911649915626279404e-06    0.021029395821614706164    5.10559462143676804e-05
581    151    165    2.3708286933869678805e-06    0.036030953162736911732    3.6172964646932549194e-05
582    151    185    1.4999999999999996145e-06    0.051136363636363611762    3.5198503110891988209e-05
583    152    168    1.2071067811865456497e-06    0.033116063208785066763    3.0376850331679511845e-05
584    152    187    6.5000000000000106114e-06    0.016873003194888235023    3.4426400696095551656e-05
585    153    159    3.0495097567963850451e-06    0.020574136630080418209    1.6797259759663216974e-05
586    153    181    3.5822070014844868253e-06    0.032735221942562446606    4.1431508044554671505e-05
587    153    181    4.9999999999999997737e-07    0.0078125    3.5648962733920072361e-05
588    153    183    1.7247448713915918137e-06    0.02564435233958274607    3.1599567500746780747e-05
589    154    155    4.9999999999999997737e-07    0.03125    2.8031904265606644763e-05
590    154    155    4.9999999999999997737e-07    0.03125    2.7083972120862697856e-05
591    154    162    2.3708286933869763508e-06    0.01873609564462332816    4.3672606175777987209e-05
592    154    169    5.1904157598234341731e-06    0.0112251732332597845    1.9162358175744675915e-05
593    154    178    3.4999999999999914772e-06    0.031249999999999847344    3.8130950609066888873e-05
594    154    207    3.0495097567963719161e-06    0.03811274490490273309    6.4119293100795574309e-05
595    155    178    4.9999999999999997737e-07    0.03125    4.9519891782676253361e-05
596    155    180    5.136809247747849491e-06    0.024987508757336959059    1.9362892625616514171e-05
597    156    163    3.4999999999999914772e-06    0.02640086206896538612    3.1077655102666504566e-05
598    156    181    2.5000000000000078278e-06    0.023320895522388203347    5.2929695538087663314e-05
599    156    181    4.9999999999999997737e-07    0.0078125    5.5842625422202686234e-05
600    156    184    3.0495097567963875862e-06    0.030193213496092087544    3.2926047355728411362e-05
601    157    174    4.1055512754639848352e-06    0.016022387143977145224    1.5470632811945039174e-05
602    158    165    3.7403703492039351698e-06    0.014757774629961995308    4.2653142780604166276e-05
603    158    177    1.2071067811865456497e-06    0.01917245764719135992    4.4017619971288793226e-05
604    158    183    4.9999999999999997737e-07    0.020833333333333332177    3.2039077876144893677e-05
605    158    188    1.2071067811865456497e-06    0.060712782549439285595    4.2455149688880213909e-05
606    158    194    4.6231056256176558049e-06    0.024177721295947536551    3.4001897104326394151e-05
607    158    203    3.4154759474226565734e-06    0.023904663826685847855    5.3070826358725606818e-05
608    159    181    3.0495097567963930919e-06    0.032289964433320821058    3.2709558941090224481e-05
609    159    181    4.9999999999999997737e-07    0.0625    2.5216453617437988542e-05
610    159    183    3.4999999999999982534e-06    0.027590090090090065023    2.5890579920273651708e-05
611    160    186    4.0355339059327410443e-06    0.015659167217243044612    2.38791830690015741e-05
612    162    172    4.2416573867739490184e-06    0.01743377653757171436    2.2050935823183858775e-05
613    162    175    1.2071067811865456497e-06    0.036427669529663579684    2.5591839898373844786e-05
614    162    175    4.9999999999999997737e-07    0.015625    2.4115955606720302533e-05
615    162    175    4.9999999999999997737e-07    0.0625    2.4626535537660703573e-05
616    162    186    2.7360679774997953196e-06    0.028356318096590234223    3.7837559454493111812e-05
617    162    190    4.1055512754639789059e-06    0.03075830524719690845    3.2259813431357228504e-05
618    162    197    3.3284271247462011954e-06    0.020364755744018869094    3.0122977365703212043e-05
619    163    170    4.9999999999999997737e-07    0.012500000000000000694    1.5076413368511238996e-05
620    163    170    2.0811388300841809967e-06    0.027069617688025959801    1.8029192196581715298e-05
621    163    175    4.6231056256176625811e-06    0.038166260045745858953    2.9780324421935397644e-05
622    163    181    1.9142135623730910043e-06    0.033927903355306293642    5.7184569113954462709e-05
623    163    181    4.9999999999999997737e-07    0.015625    6.0262547611881344008e-05
624    163    184    3.4999999999999914772e-06    0.019758064516128936994    3.2042478141931974743e-05
625    164    181    2.4999999999999942753e-06    0.031887755102040671318    3.4115407132927815718e-05
626    164    200    2.4999999999999942753e-06    0.038109756097560801291    3.1361369707503747046e-05
627    165    188    1.2071067811865456497e-06    0.040475188366292859377    3.4074366353784493592e-05
628    165    188    1.724744871391585461e-06    0.032334183384691052299    2.8641003929726721285e-05
629    165    195    1.2071067811865456497e-06    0.021428040899802103247    3.5268324379123457981e-05
630    165    195    2.7360679774997843081e-06    0.032267534385774829242    3.7761632341254113021e-05
631    165    203    3.4999999999999969829e-06    0.025953389830508433178    4.9109514764160571462e-05
632    165    203    2.499999999999999781e-06    0.033967391304347824277    3.8001193533530717604e-05
633    167    171    3.5822070014844936015e-06    0.01141655427178338636    2.7324666647889436387e-05
634    167    177    2.0811388300841983609e-06    0.015468352964586524687    2.295480143319981721e-05
635    167    179    2.0811388300841983609e-06    0.01592330452236848104    3.3985165901437458817e-05
636    167    182    6.5415229867972842867e-06    0.020494024418964206652    2.0211021882892670751e-05
637    168    185    4.0355339059327385032e-06    0.036351638182885594175    2.5459459078719844105e-05
638    169    186    1.4999999999999970734e-06    0.05113636363636343829    2.4060659985890628767e-05
639    169    190    5.6961524227066306518e-06    0.020177955486757846726    1.7722298153254805402e-05
640    170    172    2.5000000000000078278e-06    0.036337209302325812477    1.7184655348508272494e-05
641    171    193    3.6622776601683748275e-06    0.021221958323051178658    2.2351735608445572588e-05
642    171    194    3.0495097567963981741e-06    0.016725736972655447232    2.7791051564672530433e-05
643    171    200    1.4999999999999970734e-06    0.026785714285714180144    3.672685739869276843e-05
644    172    175    4.0355339059327283388e-06    0.021316143855932806472    1.8691514642799690648e-05
645    172    197    2.2320508075688725631e-06    0.01754243242101709982    3.248333669815586111e-05
646    172    197    4.9999999999999997737e-07    0.0625    2.6074355448149888335e-05
647    173    174    6.0226805085936277662e-06    0.018774679352274122046    2.0845307159555841181e-05
648    173    176    3.3284271247461965367e-06    0.030773408679850650094    3.1381278098854522088e-05
649    173    187    5.499999999999999857e-06    0.01844512195121951123    2.6529976023682356242e-05
650    174    187    1.9142135623730910043e-06    0.04163879048151226947    4.7995879870474416262e-05
651    174    202    1.4999999999999970734e-06    0.040178571428571271951    2.9068883707497254851e-05
652    174    204    2.4999999999999942753e-06    0.04464285714285694262    2.3093896791460987502e-05
653    174    205    4.9999999999999997737e-07    0.0625    4.2803508388726844644e-05
654    175    197    2.4999999999999942753e-06    0.021701388888888790973    2.2639017230610795916e-05
655    175    210    4.9999999999999997737e-07    0.0069444444444444449263    3.1582829986915462582e-05
656    176    179    4.2416573867739312307e-06    0.021216577107044640865    1.4629104366827810592e-05
657    176    182    4.4999999999999891026e-06    0.047759433962263918294    1.9113170614916280158e-05
658    176    187    2.7360679774997893903e-06    0.033419946328124054691    3.8625670107484662362e-05
659    177    194    2.0811388300841915846e-06    0.029264451554622962492    2.6055676202359646915e-05
660    177    195    2.4999999999999942753e-06    0.04464285714285694262    1.5117155996526817133e-05
661    178    180    6.1124860801609149098e-06    0.029465683028518100534    4.2006352524281986589e-05
662    178    198    3.2386127875258102195e-06    0.02300134383229320359    2.5393040263940997554e-05
663    178    198    2.2320508075688882332e-06    0.031936223125441837167    2.9576661241385278432e-05
664    178    207    3.2386127875258373245e-06    0.011302384469316674453    5.860670092483590075e-05
665    178    214    1.4999999999999970734e-06    0.056249999999999779343    3.8362089052333971074e-05
666    178    214    4.9999999999999997737e-07    0.015625    4.3572763931457408307e-05
667    178    214    4.5000000000000026551e-06    0.025568181818181850984    3.8241967340582123025e-05
668    178    215    2.7360679774997893903e-06    0.019293989632731409906    2.8398728418532077358e-05
669    179    182    7.0192024052026583532e-06    0.02743274076013518456    1.2253353957960929255e-05
670    179    187    2.621320343559636359e-06    0.035788126789372966263    3.5097780076622898482e-05
671    179    187    6.416079783099600385e-06    0.012036865433654802063    4.5755233766827474267e-05
672    180    182    3.0495097567963850451e-06    0.029806121015372912669    3.7435258340773669493e-05
673    180    189    2.621320343559636359e-06    0.019974768440580263629    3.0040754672884253604e-05
674    180    213    2.4999999999999942753e-06    0.030637254901960644243    3.267070900918034982e-05
675    181    183    1.2071067811865477672e-06    0.021428040899802176106    3.9075953245293858218e-05
676    181    184    3.0495097567963892803e-06    0.045585832141158695585    5.7682406300806104071e-05
677    181    184    2.5000000000000010515e-06    0.0092455621301775238463    5.8860051440442741561e-05
678    181    196    2.370828693386956022e-06    0.036979136140703305902    4.2743789425417878466e-05
679    181    196    1.5000000000000241784e-06    0.040178571428572729118    4.1062004369154432863e-05
680    181    199    4.8011626335213176061e-06    0.018956548218356381735    2.932201204882279032e-05
681    181    200    2.621320343559636359e-06    0.02911576416762547137    4.2327763309292268357e-05
682    181    200    3.4154759474226523383e-06    0.027774942731958730119    5.4825434321549215894e-05
683    181    210    4.0355339059327410443e-06    0.015599170407981578085    5.5124095339998858295e-05
684    181    210    4.9999999999999997737e-07    0.03125    8.5067622695326621006e-05
685    181    210    1.4999999999999970734e-06    0.028124999999999889672    5.6913386822518781708e-05
686    181    220    1.4999999999999970734e-06    0.011029411764705837964    5.0452833261324933959e-05
687    182    189    2.0811388300841852319e-06    0.027763710449257513607    5.9201418909493889933e-05
688    182    206    2.0811388300841983609e-06    0.026409383110269673417    3.5840888610235940338e-05
689    182    213    4.5620192023179817741e-06    0.028905582225441664446    2.6551156430851938673e-05
690    183    188    2.0811388300841839613e-06    0.033837022110032546895    4.0180580993166403313e-05
691    183    199    5.2434164902525707758e-06    0.019807936952631551714    2.125661030983330501e-05
692    183    201    3.4154759474226527618e-06    0.029458272594501688085    2.1167684648052788793e-05
693    183    216    1.500000000000000038e-06    0.013392857142857145583    2.3726494030213096881e-05
694    184    196    2.370828693386981433e-06    0.025549221333577374488    3.4477347172464776115e-05
695    185    187    3.5000000000000185822e-06    0.010937500000000117267    5.2370847389359184265e-05
696    185    195    3.7403703492039347463e-06    0.013248456770079514513    2.4829566616791913405e-05
697    185    217    2.499999999999999781e-06    0.030637254901960779552    2.8302057964567859381e-05
698    186    190    5.3476798574163325191e-06    0.019480708349738671409    1.7586252328302397907e-05
699    186    191    2.5000000000000078278e-06    0.031887755102041018263    1.5314835050500843149e-05
700    186    207    5.347679857416329978e-06    0.01571301091066831801    3.5964613791785304678e-05
701    186    212    3.4154759474226557264e-06    0.027512914970336525833    2.3165378496683203306e-05
702    187    202    2.3708286933869818565e-06    0.037978572252615028226    3.0892331416403708043e-05
703    187    205    1.500000000000000038e-06    0.020833333333333339116    6.4561013883258184468e-05
704    187    205    2.6213203435596558407e-06    0.016677961998931341986    4.9110234092111738815e-05
705    187    205    2.8452078799117265514e-06    0.010273106446588556664    4.22941827464090074e-05
706    187    205    4.9999999999999997737e-07    0.0078125    4.4793744255058654024e-05
707    187    206    1.9142135623730910043e-06    0.033927903355306293642    6.9164909299670706004e-05
708    187    211    3.0495097567963850451e-06    0.040084093779294602267    7.0379761663100264468e-05
709    187    213    3.6622776601683722864e-06    0.034927806406688355345    4.8198408914041423264e-05
710    187    217    2.7360679774997893903e-06    0.014736354286416904202    4.5296693998594616246e-05
711    187    217    4.9999999999999997737e-07    0.0625    6.0815361418852751383e-05
712    187    218    2.4999999999999942753e-06    0.03633720930232541696    4.4390180434965078606e-05
713    188    194    4.9999999999999997737e-07    0.03125    3.3983122872667237402e-05
714    188    199    3.0495097567963918214e-06    0.021135249447264522343    4.6599887892297451415e-05
715    188    203    3.7403703492039233113e-06    0.020695814126041243292    3.580035825706523846e-05
716    188    208    1.4999999999999970734e-06    0.02083333333333325238    2.2757650672131272767e-05
717    188    208    2.2320508075688742572e-06    0.035586077196920459786    3.1503841977790982172e-05
718    189    197    2.8452078799117252809e-06    0.024092880594975520786    4.0776085151670901749e-05
719    189    200    5.0825756949558423479e-06    0.026146331675056543736    2.1449878800728372518e-05
720    189    211    2.3708286933869653394e-06    0.050185970476669158891    3.4948477076904584083e-05
721    190    197    4.6231056256176651222e-06    0.015354242547139154013    3.145290289851098548e-05
722    190    198    3.4999999999999957123e-06    0.028891509433962195286    2.3229626726179394033e-05
723    190    212    4.8011626335213133709e-06    0.011388914344625156519    3.0127548048928252163e-05
724    191    212    1.5000000000000106259e-06    0.020833333333333630549    2.6941152241754195117e-05
725    193    194    3.4999999999999982534e-06    0.032236842105263133207    2.4792723156449072682e-05
726    193    199    4.6231056256176490286e-06    0.025085804724903234403    2.3288244720928252905e-05
727    193    200    1.4999999999999970734e-06    0.028124999999999889672    2.7166415450240246905e-05
728    193    209    4.1055512754639831411e-06    0.019154035540299933077    1.5231394933071685794e-05
729    193    209    4.9999999999999997737e-07    0.0625    2.0171133833149593748e-05
730    194    195    2.0811388300841992079e-06    0.041645565673886823788    2.6401498465722918289e-05
731    194    208    2.0811388300841873495e-06    0.037337403707622243698    2.840605232386424103e-05
732    194    209    1.4999999999999970734e-06    0.04326923076923060163    2.6539540070610006503e-05
733    195    208    2.4999999999999942753e-06    0.041118421052631401458    2.7433546245815500393e-05
734    195    208    1.2071067811865369676e-06    0.021428040899801794467    4.9656515816229546221e-05
735    197    200    2.0811388300841725264e-06    0.029264451554622421259    4.516838554536735205e-05
736    197    210    4.5620192023179716097e-06    0.021236754288079494335    3.5893119632842420362e-05
737    197    212    2.4999999999999942753e-06    0.053879310344827339996    4.0673229977378444434e-05
738    198    212    2.4999999999999942753e-06    0.028935185185185053475    3.885966974600297576e-05
739    199    209    4.1742346141747701925e-06    0.029040391023624656519    2.6221594526883702336e-05
740    199    216    2.7360679774997830376e-06    0.023690088536391623597    2.3074417956045007111e-05
741    201    203    2.5000000000000002045e-06    0.039062500000000006939    3.960117147210711182e-05
742    201    216    4.9999999999999997737e-07    0.0029761904761904764589    2.4169639553597450899e-05
743    202    204    3.4999999999999914772e-06    0.040833333333333138304    1.969369171037639837e-05
744    202    219    2.0811388300841725264e-06    0.019686994682200538442    1.9745096869477129034e-05
745    203    208    3.0495097567963829275e-06    0.031847636153412108018    3.6950026717331408105e-05
746    203    221    4.9999999999999997737e-07    0.015625    1.5109772228646441359e-05
747    203    221    4.9999999999999997737e-07    0.0078125    2.5554016060653298581e-05
748    203    222    1.2071067811865359088e-06    0.028021284253586915824    3.1534613633089931411e-05
749    203    222    4.9999999999999997737e-07    0.015625    3.3675402047447700775e-05
750    204    219    4.9999999999999997737e-07    0.015625    2.0859598634600510001e-05
751    204    224    4.9999999999999997737e-07    0.0062500000000000003469    2.2879205699120032055e-05
752    206    209    1.2071067811865503083e-06    0.033116063208785323502    2.3527129047664339413e-05
753    206    211    2.3708286933869581396e-06    0.0096910839541153644822    3.1874107191573129423e-05
754    206    217    4.9999999999999997737e-07    0.0078125    5.1233512790157676039e-05
755    207    212    4.1055512754640017758e-06    0.012430347548277355385    3.7715692183360502009e-05
756    208    209    2.0811388300841852319e-06    0.027763710449257513607    3.797847413535369442e-05
757    208    217    1.2071067811865460732e-06    0.028021284253587387669    5.1135972023369777653e-05
758    208    222    4.9999999999999997737e-07    0.0089285714285714298105    1.0933827749273545058e-05
759    211    213    4.4370039370059150702e-06    0.024126230314958321821    1.4273875378153279167e-05
760    212    214    2.621320343559636359e-06    0.030675537248033974552    4.893040717746499743e-05
761    213    218    2.4999999999999942753e-06    0.020032051282051193536    2.1833818246379532995e-05
762    214    215    1.2071067811865359088e-06    0.040475188366292214059    2.8002462512170314126e-05
763    214    224    4.9999999999999997737e-07    0.015625    3.8071163795916048225e-05
