1    -1    6    0    2.6925824035672563458e-08    2.6656565795315787002e-06    3.7585757771395253747e-16    0
2    -1    10    0    2.9545907664077839102e-06    7.057901430842607315e-06    1.1927853418124004874e-15    0
3    -1    18    0    1.8908007560752479042e-05    9.8365571428571437081e-06    2.4591392857142858313e-16    0
4    -1    18    0    2.2586428530889806645e-05    9.8365571428571437081e-06    2.6263607571428568379e-15    0
5    -1    31    0    1.1196053108187043498e-05    4.174373040752351432e-06    1.3900662225705328566e-15    0
6    -1    37    0    1.8434779343335725967e-05    8.6253389121338912846e-06    1.535310326359832349e-15    0
7    -1    44    0    1.3380943228457347578e-05    7.2406473988439319195e-06    3.8375431213872836531e-16    0
8    -1    56    0    4.9999999999999521281e-09    4.9500000000000002525e-07    1.9799999999999999414e-17    0
9    -1    59    0    8.5430318897103863543e-06    3.6327637721755357769e-06    1.5766194771241823893e-15    0
10    -1    62    0    1.1755232707627153224e-05    5.252118644067796041e-06    5.2521186440677960638e-18    0
11    -1    66    0    1.2465693073581090542e-05    2.8068312757201647899e-06    6.9609415637860097041e-16    0
12    -1    67    0    8.8871331944825901705e-06    4.3510691003911342733e-06    3.0065887483702737564e-15    0
13    -1    74    0    3.5437331894730429762e-06    4.8377941176470597143e-06    1.4513382352941176718e-15    0
14    -1    85    0    4.9187024517269038916e-07    4.225120320855614682e-06    1.7027234893048125305e-15    0
15    -1    98    0    5.6119219123776177457e-06    9.1274810606060577622e-06    1.9167710227272720075e-15    0
16    -1    98    0    1.7126090125044104041e-05    9.1274810606060577622e-06    6.4805115530303000897e-16    0
17    -1    106    0    3.2365350124669326368e-06    2.442373333333333133e-06    5.8128485333333319988e-16    0
18    -1    107    0    3.4765287356321811673e-06    3.0234712643678158916e-06    1.0098394022988504937e-15    0
19    -1    117    0    1.4514829502585201518e-06    9.6952654545454549078e-06    4.692508479999999683e-15    0
20    -1    117    0    2.4775736851740904558e-05    9.6952654545454566018e-06    9.0165968727272739761e-16    0
21    -1    123    0    1.6020007574481403218e-06    2.0380541871921180409e-06    5.1970381773398999592e-16    0
22    -1    132    0    1.8742714213553632514e-05    4.9268865435356206433e-06    1.1233301319261212721e-15    0
23    -1    137    0    1.1574327981073150661e-05    8.9500477707006361464e-06    4.206522452229298553e-16    0
24    -1    137    0    3.8659578472756600981e-06    8.9500477707006361464e-06    1.7184091719745222013e-15    0
25    -1    138    0    4.4803398874990456239e-07    6.6999999999999993792e-07    6.0299999999999994993e-18    0
26    -1    146    0    3.8569162602356221015e-06    1.3632369942196530847e-06    1.5949872832369937994e-16    0
27    -1    147    0    9.3344086068609649751e-06    6.4215426497277676066e-06    1.1622992196007256611e-15    0
28    -1    167    0    7.9340531905623780043e-06    3.0773045822102425296e-06    1.5971210781671154198e-15    0
29    -1    168    0    4.2468443722348510685e-06    4.7670338164251208697e-06    2.8745213913043477464e-15    0
30    -1    178    0    3.9406759234912895192e-06    5.9208655381667194426e-06    8.6089384924944090433e-15    0
31    -1    193    0    2.060233006200887614e-05    9.8155922865013772873e-06    7.6561619834710733642e-16    0
32    -1    199    0    4.9802599313281227858e-06    2.3852000000000008971e-06    1.1830592000000004787e-15    0
33    -1    200    0    1.5512118471478436268e-06    4.7930769230769242943e-06    3.2113615384615389115e-15    0
34    -1    202    0    1.4123300721560101723e-06    1.9417718940936865997e-06    5.7864802443991852542e-16    0
35    5    0    1.1746211808112630747e-06    0    1.116666666666666422e-06    1.0049999999999998138e-17    0
36    12    0    1.070118451910706707e-05    0    7.3612073490813645119e-06    4.1958881889763773037e-16    0
37    12    0    1.1802560547655433683e-05    0    7.3612073490813636649e-06    3.6069916010498681306e-16    0
38    13    0    4.9763933560324688363e-07    0    4.2193512304250556464e-06    9.9576689038031297313e-16    0
39    30    0    9.9077567283671650418e-06    0    8.1822957867583817973e-06    3.485658005159070141e-15    0
40    34    0    2.2169905660283031726e-06    0    2.4999999999999993575e-06    5.3749999999999985934e-16    0
41    38    0    3.5852415254976493939e-06    0    3.2886220169361047916e-06    1.1641721939953810434e-15    0
42    46    0    1.7456222420634051867e-05    0    3.3344004656577419343e-06    1.0369985448195576863e-15    0
43    50    0    1.9229962075067112405e-05    0    5.9940344361917620103e-06    1.9780313639432812446e-16    0
44    50    0    1.9662348785143235838e-05    0    5.9940344361917628573e-06    1.7982103308575289925e-17    0
45    51    0    4.4216626093571122114e-06    0    3.1447103658536583866e-06    4.6227242378048777115e-16    0
46    54    0    1.8413846089397258026e-06    0    1.933532608695651974e-06    3.1323228260869556336e-16    0
47    55    0    8.338267995318459307e-06    0    2.5818968386023293336e-06    3.1240951747088183274e-16    0
48    60    0    4.3629289629945073182e-06    0    2.5109345794392519494e-06    9.0393644859813056953e-16    0
49    64    0    9.5560821299353561933e-06    0    2.537304492512479105e-06    1.3650698169717134064e-15    0
50    75    0    6.1020379923671802535e-06    0    4.9997636632200887836e-06    1.7499172821270308443e-16    0
51    75    0    1.4371606964590435358e-05    0    4.9997636632200887836e-06    3.9498132939438701413e-16    0
52    76    0    2.0050438649894625437e-05    0    3.2358233944954121569e-06    1.8767775688073389396e-16    0
53    76    0    1.409190005666805056e-05    0    3.2358233944954125804e-06    3.2358233944954123899e-18    0
54    76    0    2.4875562199245776875e-05    0    3.2358233944954121569e-06    2.1000493830275223206e-15    0
55    86    0    1.5056157688249335777e-05    0    5.5168829231916467705e-06    6.6754283370618920828e-16    0
56    86    0    5.4489731765390212164e-06    0    5.5168829231916467705e-06    1.6550648769574936766e-16    0
57    89    0    1.6755445837675224022e-05    0    4.4400725565514294942e-06    1.6206264831412716467e-15    0
58    97    0    6.063027644234707879e-06    0    5.3496845662786339466e-06    4.6167777806984602621e-15    0
59    104    0    1.3596801998972380098e-06    0    1.8418819188191879524e-06    3.0575239852398518809e-16    0
60    110    0    1.9276133700260332017e-05    0    1.0861052631578946897e-05    3.0736778947368421817e-15    0
61    128    0    1.0240457524881270985e-05    0    3.5526566992524442337e-06    2.5685707935595172085e-15    0
62    130    0    1.7377795789697641486e-06    0    3.08404580152671775e-06    3.5158122137404577671e-16    0
63    131    0    2.2486296980913410493e-05    0    4.4812761394101872787e-06    2.3750763538873992528e-16    0
64    136    0    9.1497379354739300807e-06    0    4.6433762886597936079e-06    1.4858804123711337752e-15    0
65    141    0    1.7029190358944721587e-05    0    4.3775842696629199886e-06    3.5020674157303358076e-16    0
66    152    0    3.6139738720717645733e-06    0    3.9523991031390128009e-06    1.2529105156950671051e-15    0
67    162    0    2.0684298740525170152e-06    0    2.9565079365079364088e-06    5.6764952380952384586e-16    0
68    164    0    5.6079408442017993059e-06    0    3.4612377294067430608e-06    5.1226318395219795196e-16    0
69    164    0    1.4237632291021121817e-05    0    3.4612377294067434843e-06    3.1497263337601360493e-16    0
70    175    0    2.7823576184002739189e-06    0    4.9797297297297295774e-06    1.0955405405405404597e-16    0
71    187    0    2.7014582274682381973e-06    0    2.6136146788990826367e-06    1.3747613211009173557e-15    0
72    189    0    1.4102865546668356706e-05    0    6.8076581196581203203e-06    4.8130142905982907507e-15    0
73    195    0    1.2824583743702989066e-05    0    5.4852496798975668466e-06    2.9894610755441736768e-15    0
74    195    0    1.1813594212108620573e-05    0    5.4852496798975668466e-06    5.4852496798975666198e-18    0
75    195    0    3.6086976625654079319e-05    0    5.4852496798975668466e-06    1.316459923175416112e-16    0
76    196    0    4.0614883713369042325e-07    0    2.2864335664335663461e-06    1.8520111888111886626e-16    0
77    6    14    6.3650071351865244773e-06    3.5510709550109258421e-06    6.6629912802178883338e-06    7.3292904082396771529e-17    0
78    6    37    1.9915049615096046758e-05    3.2213189868870983066e-05    1.119489092908517232e-05    1.343386911490220755e-16    0
79    6    37    7.4384833221501385757e-06    1.4551616733977050991e-05    1.2643607730464469075e-05    3.6666462418346958324e-16    0
80    7    19    1.224234521964479907e-05    7.8660667936659763592e-06    2.2762864090214016599e-05    6.8288592270642047743e-17    0
81    7    19    1.1582687413785533329e-05    7.1588202288193841734e-06    2.2423786017328568236e-05    4.0362814831191423274e-16    0
82    7    47    1.2846246739620002878e-05    1.0499010127471099159e-05    2.0580753328590950806e-05    4.1161506657181902023e-17    0
83    7    50    3.5120170613233268269e-06    2.7699436741471133755e-05    6.7540192475272069509e-06    3.5796302011894193413e-16    0
84    8    19    1.006918349436854714e-05    1.3929653266876877623e-05    1.9900288307630244086e-05    4.7760691938312590523e-16    0
85    8    28    3.627059215342515493e-06    5.3986794882202893424e-06    7.7135655172244428672e-06    8.6391933792913753724e-16    0
86    8    45    1.1491204442372152399e-05    2.3836982258132226526e-05    1.4077388581050387525e-05    3.0970254878310851007e-16    0
87    9    15    1.1864976922487851846e-05    2.1077344228161991362e-06    1.1915361429629885926e-05    8.3407530007409188183e-17    0
88    9    29    2.7602630876703991516e-06    5.184594155844152569e-06    8.1453127002349234013e-06    1.0426000256300701235e-15    0
89    9    45    9.9656186772947486408e-06    1.7727472436689617442e-05    1.4838043531153565066e-05    4.4514130593460697138e-17    0
90    10    18    6.3224831554452217089e-06    3.0204047248185701246e-05    1.1895601294532027231e-05    9.5164810356256205211e-16    0
91    10    18    1.6012642559276052824e-05    1.9061752820833597873e-05    1.5459760899727928598e-05    1.4377577636746972361e-15    0
92    10    25    2.0369274872962344052e-05    1.2118232450266783244e-05    1.1256837852656556451e-05    4.0524616269563600438e-16    0
93    10    35    2.277915606482877454e-05    1.4510606557855031053e-05    1.1553872681735788655e-05    2.195235809529799276e-16    0
94    10    35    1.3876519984615716407e-05    1.1214821118079320743e-05    1.2762004628451912631e-05    3.7009813422510546229e-16    0
95    10    44    1.1065718499780903466e-05    1.7684239762385108664e-05    1.1771402859545252855e-05    1.4125683431454303615e-16    0
96    10    44    1.5359001332502433682e-05    1.6024132849419749368e-05    1.4180749187319257985e-05    5.2468771993081243026e-16    0
97    10    44    7.6390481678830589166e-06    9.3198477628352604e-06    1.3175471191459102547e-05    1.9894961499103242521e-15    0
98    10    48    9.2481300959468905375e-06    2.16445998468964225e-05    5.2781257659589180504e-06    1.5834377297876755863e-17    0
99    11    37    2.301609853236381667e-06    7.0351208512319363917e-06    1.1447204441877302281e-05    2.4382545461198650671e-15    0
100    11    42    1.2327529827060077522e-05    1.4196464690344201971e-05    7.1711540428329637229e-06    7.2428655832612936663e-16    0
101    12    33    4.8580712587307377009e-06    1.3961575533431085932e-05    7.8089630154103513497e-06    5.2320052203249352226e-16    0
102    12    36    9.1664873265554827327e-06    1.8930494891609328029e-05    6.750548546485059896e-06    6.4805266046256581203e-16    0
103    12    38    1.5060086693561165186e-05    1.474606677993533023e-05    6.647275779768780011e-06    6.6472757797687795258e-16    0
104    12    54    1.736973725820834994e-05    1.0646213016713468153e-05    5.0881711022610829115e-06    6.1058053227133001144e-17    0
105    13    30    3.8816843691147373698e-06    8.4685300185883284868e-06    1.1932780178880526543e-05    5.9663900894402630431e-16    0
106    13    34    1.0621191486262192147e-05    8.0948100502085452469e-06    5.7802472881956499563e-06    9.3061981339949959158e-16    0
107    14    37    4.7478796690585212337e-06    1.7494576861084056154e-05    1.0966182682454280497e-05    4.3864730729817123659e-17    0
108    15    29    5.7532951659263827538e-06    1.8205861128522309381e-05    6.9951450518887088752e-06    4.896601536322095822e-17    0
109    16    24    3.7982971220202958165e-06    4.2578280059736465523e-06    9.2074289655032316634e-06    2.7714361186164727042e-15    0
110    16    29    1.635327108500860143e-05    1.07236090881895889e-05    1.3421284376417266863e-05    6.7106421882086330805e-16    0
111    16    29    2.246293153662948667e-05    1.653064643079762958e-05    1.2538329525121158045e-05    4.7645652195460394462e-16    0
112    16    43    2.5398420080700442669e-06    2.3106255276879935235e-06    1.7685411462239843708e-05    2.0515077296198219909e-15    0
113    16    45    1.0239806063820415213e-05    1.2845468628069988849e-05    1.7070141410170805381e-05    1.0754189088407608422e-15    0
114    16    45    5.8561001042625964016e-06    6.0337902235747333961e-06    1.8717147670853075082e-05    6.1766587313815138607e-16    0
115    17    23    2.7392704062585235421e-05    6.6943474859661941735e-06    8.5909770378537177535e-06    1.0824631067695685175e-15    0
116    17    27    2.6185110002102408709e-06    6.3839170506912421992e-06    7.2145625151268093046e-06    1.868571691417843372e-15    0
117    17    32    8.0711819151721395939e-06    5.2325283435064040357e-06    1.137951279266719926e-05    1.0241561513400478448e-15    0
118    17    90    1.5337729162257909073e-05    4.1930056125780943441e-05    1.5827674987146860366e-05    4.4317489964011210613e-16    0
119    18    24    2.0670936188457841778e-05    1.1481466934798132686e-05    1.3627504906538714837e-05    1.6353005887846457457e-16    0
120    18    24    1.5215528712564547692e-05    7.673620414510770436e-06    1.4515420595221842411e-05    4.3546261785665528309e-17    0
121    18    24    1.7319817978955519614e-05    9.4950908268713854785e-06    1.374287160537763479e-05    1.6216588494345606915e-15    0
122    18    26    1.0094574285137601014e-05    3.0070151490842856758e-06    1.2766713037291821332e-05    2.2214080684887766913e-15    0
123    18    48    1.2100853825623160602e-05    4.2459494650023780959e-06    1.3288009837025093862e-05    4.464771305240431328e-15    0
124    18    52    1.1073966523469337553e-05    1.8535586889465870467e-06    1.1482998453910556397e-05    3.3530355485418822849e-15    0
125    19    35    1.1172579242420302258e-05    1.2680602799742159967e-05    1.7669208351258388744e-05    2.1203050021510067489e-16    0
126    19    43    1.9275785372481473053e-05    1.6459904527154667114e-05    1.8290938618418079136e-05    1.1523291329603390805e-15    0
127    19    45    1.3657143820806292569e-05    2.5647689198145602509e-05    1.4556257794840944341e-05    7.8603792092141086491e-16    0
128    19    47    9.4037278765069290658e-06    9.1901306080294119163e-06    1.8726594349337242915e-05    7.6779036832282701855e-16    0
129    19    47    8.4270643782110860319e-06    9.2172170642438528337e-06    1.7718017513510754855e-05    5.3154052540532267104e-17    0
130    20    32    2.4113877783756563941e-06    2.8421549604450706717e-06    9.5628022864876912706e-06    3.4808600322815189754e-15    0
131    20    33    6.6640216758168929943e-06    2.2477839154747048021e-05    7.5106763630105157623e-06    4.7317261086966252626e-16    0
132    20    36    5.7893109952916122282e-06    2.6033638494607581134e-05    5.5596431312145906767e-06    5.3372574059660068686e-16    0
133    20    42    2.6528796037074189851e-05    1.9068846325601845372e-05    1.0289730398142669438e-05    4.9390705911084816077e-16    0
134    21    27    1.6335945958788160564e-06    2.1123331980917315736e-06    9.0726582971794178799e-06    1.8054590011387038927e-15    0
135    21    46    9.9750576316479672308e-06    2.8387043385466058284e-05    4.5060912388137476455e-06    4.5060912388137477152e-18    0
136    21    50    6.3733370089978878464e-06    2.8852055731860096628e-05    7.318099586364193943e-06    1.3318941247182830593e-15    0
137    23    25    3.3090284351742896475e-06    4.8673506569800924226e-06    1.6065199032681719884e-05    2.5704318452290752502e-16    0
138    23    49    6.6227247484066864764e-06    5.6473662933950120589e-06    1.2045828349404682868e-05    9.8775792465118393036e-16    0
139    23    49    8.2431371862083691624e-06    8.4570024673156792667e-06    1.1243946268694587085e-05    2.9234260298605921867e-16    0
140    24    43    3.6923055948381593887e-06    2.2929946948144775814e-06    7.8883940010265319161e-06    2.0667592282689510645e-15    0
141    24    45    1.9633684210526316475e-05    1.9617322804175840988e-05    9.7285763150851412831e-06    8.0747183415206667481e-16    0
142    25    31    5.1125357806663874522e-06    3.1910868905757658982e-06    1.0862260981291909552e-05    7.6035826869043361587e-16    0
143    25    37    1.2476828851418381194e-05    2.4226601669816516331e-05    1.3067434376404129373e-05    1.6987664689325367302e-16    0
144    25    44    8.5452719614385618831e-06    2.5089678921810490864e-05    9.7067332101779918408e-06    1.5530773136284787636e-16    0
145    25    90    1.7467149697734274421e-05    2.912070333971687031e-05    1.853971339536815622e-05    1.6685742055831340633e-16    0
146    26    43    7.5057303110070070076e-06    1.2733649070239299363e-05    1.0178794000436809918e-05    1.760931362075568133e-15    0
147    27    36    9.418202413583355039e-06    2.0576470180663741885e-05    6.6300164585551168411e-06    8.287520573193896362e-16    0
148    27    40    9.5211982189956902926e-06    5.9705748353669087751e-06    8.3242879892847636031e-06    2.3308006369997337126e-16    0
149    27    40    6.6843407718971877628e-06    5.4699757465447811411e-06    9.302711160677962343e-06    2.0465964553491516242e-16    0
150    27    90    1.1518240108891862497e-05    3.0151636127927819295e-05    1.6015610809162985397e-05    2.8828099456493373541e-16    0
151    28    47    9.7127360728643096367e-06    9.4001152657198659896e-06    9.0791220671722836757e-06    1.3255518218071532101e-15    0
152    28    47    9.677793218926351309e-06    1.0882169119709171634e-05    9.8018022693091267733e-06    3.9207209077236504444e-17    0
153    28    50    7.3347398015656436378e-06    1.7399340694387405794e-05    8.5208360962841307224e-06    1.9001464494713608096e-15    0
154    28    50    1.1561035941409868839e-05    1.5806194920399872989e-05    1.0378217213883859062e-05    1.1416038935272242419e-15    0
155    28    63    1.6056213899564280033e-05    4.3423729466529438557e-06    5.8616097061266273774e-06    1.7584829118379883576e-17    0
156    29    45    7.8089989042508398608e-06    4.2177786064825091274e-06    8.1863506770522439338e-06    2.0465876692630611472e-15    0
157    29    58    1.7028497127348486245e-05    1.0400768365553280151e-05    8.5619815425587381873e-06    1.224363360585899445e-15    0
158    30    51    1.4515742289770842524e-05    1.3506115439493062062e-05    6.5244982442560995058e-06    2.218329403047073713e-16    0
159    30    58    2.3961910534132477182e-05    1.2163639592775404814e-05    1.2335825066063694117e-05    1.1102242559457323513e-15    0
160    30    64    1.2594460614872620894e-05    6.4765736961474805513e-06    7.4713920205979624962e-06    3.9897233389993116638e-15    0
161    30    89    1.9046189540162275874e-05    1.4434513531625444566e-05    1.0298701827213695536e-05    2.9866235298919717699e-16    0
162    31    37    5.7044487587704323877e-06    1.8379290320647667629e-05    1.1302417460483554811e-05    2.1022496476499410178e-15    0
163    31    44    9.3468605609431892986e-06    2.2929702284247249186e-05    1.0192160714149586033e-05    1.1211376785564543918e-16    0
164    31    66    1.5529687454485674463e-05    9.3337984376467313032e-06    6.6832938854326303133e-06    2.4059857987557465962e-16    0
165    31    70    1.4376082357679858864e-05    8.2420596760533902696e-06    5.6687766266761020813e-06    1.1337553253352203323e-17    0
166    32    36    1.5998194791738571058e-05    2.0932165740343343867e-05    8.0243661745503436689e-06    4.3331577342571849086e-16    0
167    32    53    9.1011073743800863977e-06    9.1011073743800660689e-06    5.2285342789598171194e-06    7.0585212765957535251e-16    0
168    32    53    1.3802502092152581079e-05    9.6841067367689365468e-06    6.3403131902854364239e-06    1.1412563742513787835e-16    0
169    32    90    1.278596039496048387e-05    3.6372289393526967825e-05    1.5662387104079771846e-05    3.7589729049791455655e-16    0
170    32    90    1.2393143966835223202e-05    3.3034792142977679877e-05    1.5936157274900871004e-05    1.5936157274900871778e-17    0
171    33    36    1.3556541427603813539e-06    1.6364395662880291813e-06    8.3160401123578742865e-06    8.6154175564027567276e-15    0
172    33    36    1.585943152544971017e-05    1.2894544670373933284e-05    1.0142225299613692776e-05    6.3896019387566268053e-16    0
173    33    41    1.4486129058965916826e-05    3.5176713859183252427e-06    7.1999282466870348377e-06    1.6487835684913308233e-15    0
174    33    46    2.0303254959563435996e-05    2.7017699955894642602e-05    5.8401349620083743816e-06    3.1186320697124712198e-15    0
175    33    55    2.1210908691298959372e-05    1.2055384329702136133e-05    7.1246286666551799358e-06    2.849851466662071635e-16    0
176    33    86    2.5896733023274330041e-05    1.7185334118320276617e-05    9.6375774582001242681e-06    1.9275154916400249203e-17    0
177    33    86    3.1959312630318019595e-05    1.2901189860619707403e-05    8.1317315252157726542e-06    6.911971796433405872e-16    0
178    33    86    2.7781373196691754295e-05    1.813331781503064102e-05    9.5744599174878051659e-06    2.8723379752463419518e-17    0
179    33    86    3.3732137616236021721e-05    1.2076883006735578574e-05    7.8672594230566342347e-06    8.9686757422845613003e-16    0
180    33    102    3.5971048403815852326e-05    1.9682848710698788334e-05    8.963111785061417166e-06    2.8592326594345922618e-15    0
181    33    102    4.1124310019074683206e-05    8.9065389220072494695e-06    7.0478325261508524693e-06    7.7526157787659362846e-16    0
182    33    118    3.1291192549870005656e-05    2.9098316828057453599e-05    1.1180358104690623435e-05    7.4908399301427174302e-16    0
183    33    118    3.8673108626925766873e-05    2.3822168540862045943e-05    9.361694040449960907e-06    1.4042541060674939142e-16    0
184    34    51    3.8442887702247579757e-06    3.3326963828424726105e-06    4.6673036171575278745e-06    7.4676857874520437983e-16    0
185    35    44    4.8272927743284664334e-06    6.110382523974758104e-06    1.2960866179379955366e-05    2.8513905594635901361e-16    0
186    35    49    3.5256113971355061221e-06    7.122036387207066227e-06    8.5126466038584833461e-06    1.0385428856707348845e-15    0
187    36    38    3.0340891176700540797e-05    1.8595818480882052699e-05    7.3358051715995192734e-06    1.1003707757399276703e-16    0
188    36    46    8.0345299825025840628e-06    3.0874516500536909516e-05    4.2021173905375793585e-06    1.2858479215044991092e-15    0
189    37    42    8.0777472107016419826e-08    7.2972597596631791816e-08    1.5221256900661314407e-05    5.1752273462248461525e-15    0
190    37    62    1.3696175373415814161e-05    7.9589026216538580008e-06    1.3637558061552876087e-05    1.581956735140133615e-15    0
191    37    70    2.1094183291293277577e-05    4.5030195726559162423e-06    1.0466608109702729411e-05    1.0780606352993810885e-15    0
192    37    82    1.149915265561365403e-05    1.5634132453204691271e-05    9.3641640342527629281e-06    9.3641640342527631259e-18    0
193    38    41    1.1362907479073529028e-05    7.2392501647114216375e-06    4.2732778760796118043e-06    2.0939061592790096699e-16    0
194    38    46    7.8489635299312143546e-06    8.9232502064735165904e-06    6.2673662621504450462e-06    2.5508180686952310194e-15    0
195    38    55    8.8047646055117250011e-06    3.5105995342403147943e-06    4.5998478631922570727e-06    1.0625648563974112494e-15    0
196    38    60    7.9028926258635865131e-06    5.4355236716015974075e-06    5.5505005045048330924e-06    7.9372157214419111278e-16    0
197    40    50    6.660627408238546204e-06    2.1705243532737321095e-05    7.8334070279532131982e-06    6.7367300440397625213e-16    0
198    40    81    1.3301804014548612029e-05    7.9571126580500829207e-06    1.5785161924261876778e-05    4.4198453387933252022e-16    0
199    41    55    7.3508814459889504895e-06    8.6401425659196124567e-06    3.6176642269599476672e-06    9.7676934127918572286e-17    0
200    41    55    6.0990906054589956001e-06    6.3471215816622832145e-06    3.393622371710486943e-06    6.7872447434209737146e-18    0
201    42    78    1.3782772502597275097e-05    1.2560120092051769666e-05    1.4122804146665818845e-05    1.4122804146665818804e-17    0
202    43    45    1.468901891354849342e-05    7.083839672589723572e-06    1.2487738481318206595e-05    1.1238964633186382611e-15    0
203    43    52    1.3648910305540172704e-05    8.9230753618344172849e-06    1.3932624076931338883e-05    2.7168616950016106815e-15    0
204    43    65    1.4318301081984372342e-05    5.8128408772194903854e-06    1.1845081528194146103e-05    5.2118358724054243087e-16    0
205    43    65    2.1378693532548512929e-05    7.8986783198976076852e-06    1.1537509201978957368e-05    4.6150036807915824534e-16    0
206    43    79    1.7703898157416586903e-05    1.1080222935939330843e-05    7.1415753865677617578e-06    5.8560918169855648074e-16    0
207    43    80    2.5637612911398248536e-05    1.8820391256808899404e-05    1.4609437992395019751e-05    5.9898695768819583657e-16    0
208    43    94    2.6519791314116424058e-05    1.2697743220327313085e-05    8.4552151456191338048e-06    8.4552151456191337308e-17    0
209    44    57    8.2915771681651245469e-06    2.5740380626947462141e-06    9.4884347166456659098e-06    3.2260678036595264113e-16    0
210    44    57    1.200730394158107308e-05    5.7857348649992538565e-06    1.0097669991746905174e-05    3.4332077971939476376e-16    0
211    44    59    6.1929467967348624468e-06    3.8672362278244631426e-06    9.4502291249049834911e-06    3.0807746947190248127e-15    0
212    44    68    1.0959364009172398142e-05    5.2149796880724857463e-06    9.8210985636837578759e-06    7.5622458940364930965e-16    0
213    44    80    9.1681916825780091976e-06    9.320161012792392292e-06    1.4601313703663814338e-05    1.1973077237004328518e-15    0
214    44    80    1.0682800930090979183e-05    1.7038879517388249153e-05    1.8789352599301291044e-05    1.8789352599301287004e-16    0
215    45    47    8.7840709553478756749e-06    7.7806857593123489119e-06    1.7911883324823644299e-05    1.6658051492085987951e-15    0
216    45    47    9.4700537236294785953e-06    9.5923406873034626187e-06    1.8393476479966222413e-05    5.5180429439898668787e-17    0
217    45    65    7.9808398938845654768e-06    5.7768699186991876343e-06    8.8666949358229366638e-06    6.2066864550760552455e-17    0
218    45    71    1.150751719416565492e-05    5.4023669305281447778e-06    1.3957608874564210124e-05    6.0017718160626096106e-16    0
219    45    84    1.9019104119764055011e-05    8.416232811254827854e-06    1.3701630996303476259e-05    6.5767828782256688317e-16    0
220    46    50    1.0165599534342251208e-05    9.1374892757478711467e-06    6.331572289421474524e-06    7.5219078798327121578e-15    0
221    46    60    7.3467621260189038164e-06    8.3633470060265194186e-06    4.7166590406917452877e-06    2.2121130900844280383e-15    0
222    46    60    2.0617440600778774853e-05    1.7445267464035856811e-05    5.4784468088019855114e-06    5.4784468088019853516e-18    0
223    46    86    3.0772050537048466527e-05    2.1067729982843622397e-05    5.6172593404853683909e-06    1.2301797955662954773e-15    0
224    47    50    1.771142300093599592e-05    1.2800911693020746037e-05    1.4287418683147454782e-05    8.429577023056997276e-16    0
225    47    69    8.3866505304240920426e-06    8.4784779083980573339e-06    6.6079128123125426355e-06    6.4757545560662919762e-16    0
226    47    71    1.0573519918028402822e-05    7.6659974259974238972e-06    1.1501422305540840306e-05    3.4504266916622514566e-16    0
227    47    71    1.1951206483798779953e-05    1.1360132166699076498e-05    9.9195211276046203161e-06    4.3645892961460327847e-16    0
228    48    52    3.3197824757571504929e-06    3.1109968155697435152e-06    7.1635283514651584502e-06    4.2981170108790953631e-17    0
229    48    74    5.8367429381210139718e-06    9.3836685356808293497e-06    7.846954186003111194e-06    3.138781674401244406e-16    0
230    49    90    8.4647697663245708018e-06    2.4553448538049516632e-05    1.558379822700542208e-05    1.4804608315655148276e-15    0
231    50    60    2.2533469623864931539e-05    1.8231533933252288778e-05    5.6143524421628438262e-06    1.1228704884325687835e-17    0
232    50    60    1.7438048150590056829e-05    1.8110656047862025853e-05    4.928616080513985957e-06    2.9078834875032509881e-16    0
233    50    76    1.313902322259272027e-05    1.2003927259632758446e-05    6.7776274895149564323e-06    6.513300017423872505e-15    0
234    50    89    2.2000034139230480759e-05    2.2172894207791096354e-05    8.8455302703427342634e-06    1.7691060540685468651e-17    0
235    50    89    2.2002493543372671431e-05    2.0684616496250798662e-05    9.1630350429642818289e-06    9.1630350429642810877e-18    0
236    51    58    1.2547644460621561953e-05    1.0555054454172395893e-05    5.7900346941253527305e-06    5.1531308777715634134e-16    0
237    51    64    4.3448347321869118905e-06    2.9622452969259518719e-05    2.9094603263538680505e-06    5.0915555711192686449e-16    0
238    51    75    4.1472765938375819516e-06    6.8851006607846182753e-06    8.0113976010206923244e-06    1.5221655441939311344e-16    0
239    51    75    1.6045130696541828641e-05    1.1743035862726040132e-05    5.4462464083157461896e-06    1.7427988506610387152e-16    0
240    52    80    8.5605947287995899696e-06    1.1582630601527857603e-05    1.3320118727894301216e-05    4.6620415547630051184e-16    0
241    52    93    1.9582943198200372789e-05    8.8873584796170741659e-06    8.2299486823008279431e-06    8.2299486823008277358e-18    0
242    52    93    1.9103017069551281098e-05    8.2813979087283844452e-06    8.1149252925918624331e-06    8.1149252925918623873e-18    0
243    53    90    5.5863425939484668528e-06    2.0676173712979950905e-05    1.2290193848052328215e-05    8.5171043367002613928e-15    0
244    54    55    3.8176779356805867351e-06    5.8590746694647422658e-06    4.2642189029217538905e-06    7.334456513025415978e-16    0
245    54    86    7.1356459649128721814e-06    1.8870945255209663921e-05    7.0469572639088961212e-06    1.5503305980599570185e-16    0
246    55    86    9.4700739545916223772e-06    1.022255930392028736e-05    5.3689493659397252348e-06    4.295159492751779878e-17    0
247    56    74    4.4794632768323473378e-06    1.500601626051456499e-05    4.0405183078425048403e-06    1.6162073231370019773e-17    0
248    57    80    2.664818586223834559e-06    2.1719840682907456844e-05    1.6792990601055313881e-05    1.3938182198875910301e-15    0
249    58    61    7.3717630120843699441e-06    1.689741119540201904e-06    1.1880345743729573207e-05    4.7521382974918291823e-17    0
250    58    83    3.7979499925198043889e-06    2.542856891127309309e-06    1.6135983322849124723e-05    1.4522384990564212166e-16    0
251    58    84    1.5038276628754798685e-05    7.3619372728231587696e-06    1.4396411374941112788e-05    1.4396411374941111552e-16    0
252    58    89    2.3501819257718272821e-05    1.9772527469055070285e-05    9.7175861611494801615e-06    4.8587930805747394536e-16    0
253    59    80    1.107267739767720194e-05    1.7726681421425998582e-05    9.4485970847366438616e-06    1.0487942764057673384e-15    0
254    59    80    1.5478751081440860144e-05    2.2463351683839681658e-05    8.9047685850531722076e-06    2.404287517964356384e-16    0
255    59    85    1.4677069651425017171e-05    9.5268469923005808577e-06    5.9907811038796759541e-06    6.5299514032288456294e-16    0
256    59    105    2.6404712819575646793e-05    1.1127997569990251802e-05    5.1637551033574393157e-06    3.3048032661487611243e-16    0
257    60    76    1.801344117233453994e-05    2.3175066558594801218e-05    5.7413598738662337189e-06    2.2965439495464935232e-17    0
258    60    86    1.2329887500216575599e-05    1.6929961717218197854e-05    5.9586567345359018434e-06    1.9544394089277758899e-15    0
259    60    97    1.0951977438397007757e-05    1.7790207851657141016e-05    6.5896544564111461399e-06    1.6474136141027863094e-16    0
260    62    66    9.678938247662808496e-06    1.18645694754010449e-05    5.0966022316431815347e-06    5.0456362093267497903e-16    0
261    62    82    7.8894656493545991502e-06    1.4485286960462646178e-05    8.3343466561076551621e-06    8.58437705579088316e-16    0
262    62    98    9.1153409974249887814e-06    1.9997250697815349826e-05    1.3288058110532819902e-05    4.650820338686486093e-16    0
263    63    89    1.6166285917900161572e-06    1.6132968054889542888e-05    4.8849967775702482918e-06    8.7929941996264466596e-17    0
264    64    75    2.7466861884842515496e-05    6.4892650307463862195e-06    3.1367629011449999438e-06    8.1869511719884491704e-16    0
265    64    76    1.5189793408723357288e-05    1.1818886356627423235e-05    4.5115323600187816759e-06    2.5399927186905741077e-15    0
266    64    89    6.695788163797201852e-06    1.1494962179735334899e-05    6.8932097969245083874e-06    2.295438862375860795e-15    0
267    65    69    9.2093870750767446704e-06    4.4041629945583686979e-06    5.50362552516893762e-06    8.0352932667466481512e-16    0
268    65    79    4.1330769621582464472e-06    1.1472368903327886464e-05    3.7394921708215513571e-06    5.0857093523173097527e-16    0
269    65    91    8.9037688621700123326e-06    1.9442283922264430227e-05    1.1321418730768248407e-05    1.3472488289614213933e-15    0
270    66    82    5.9823666399033109784e-06    9.4129229525664790638e-06    7.2232250090930153573e-06    5.9230445074562715444e-16    0
271    66    98    8.9935924454857803592e-06    1.5380347492530892993e-05    7.6069198537998353001e-06    1.5974531692979653418e-16    0
272    67    74    1.6294753721671444266e-05    1.0267860120273412654e-05    7.0928208113754086928e-06    4.5394053192802618409e-16    0
273    67    77    9.6221195120909842636e-06    6.0130546297876793675e-06    7.0701390688899454624e-06    8.4841668826679347666e-17    0
274    68    80    2.9367301888192350268e-06    1.2316985323990501901e-05    1.6447413767397521805e-05    2.878297409294566188e-15    0
275    69    71    5.2948981569991655639e-06    5.1135119016398521968e-06    6.5300923997146429856e-06    9.3380321315919398574e-16    0
276    69    81    5.1218313085764451936e-06    1.5960615762817071192e-05    7.8043150810446173973e-06    1.2486904129671387344e-16    0
277    69    91    8.3594192822723916309e-06    2.4066336286232858672e-05    1.0462504710036751624e-05    3.1387514130110255389e-17    0
278    70    82    1.4377406352642507041e-06    7.3028167075919044277e-06    6.4578677563441367436e-06    1.4336466419083984459e-15    0
279    70    85    7.6425395314830387778e-06    1.3888383316341900532e-05    5.8195998360262105674e-06    6.1687758261877831204e-16    0
280    71    81    1.2949416669776163673e-05    1.1792141628624382667e-05    9.2359956860798370705e-06    1.0806114952713408846e-15    0
281    71    88    9.6844302056620953342e-06    1.2612639767630423859e-05    8.1820719711478784531e-06    4.5001395841313328657e-16    0
282    71    88    1.4796225401011313844e-05    1.5773905881166913265e-05    8.9697336899295673996e-06    1.488975792528308231e-15    0
283    71    89    1.4270199120372890542e-05    1.7083170693479447403e-05    8.1490280325437420753e-06    7.0081641079876167376e-16    0
284    71    91    1.2758657300484188627e-05    2.1547714615638550756e-05    1.2363149455786744306e-05    1.1374097499323803448e-15    0
285    71    115    1.8171431566652107521e-05    1.5920452103859815391e-05    9.0691948408891171938e-06    9.0691948408891177521e-18    0
286    72    79    2.1453645166798958354e-06    1.8606784786464414574e-06    5.9188021396874309867e-06    9.766023530484260643e-16    0
287    72    91    6.2855038714844422451e-06    9.0304405634445108673e-06    9.6826008023963093502e-06    2.7401760270781560513e-15    0
288    75    83    7.8551964689623472531e-06    6.6448761749797010436e-06    9.229169073706157414e-06    7.3833352589649255976e-16    0
289    75    89    9.5193988099571397025e-06    2.0882841967649766246e-05    6.4640701272094757242e-06    6.4640701272094754609e-16    0
290    75    110    8.3137632924742530698e-06    1.4036463296483616046e-05    1.3441067159725499737e-05    2.6882134319451000051e-17    0
291    75    110    1.6006187874379907842e-05    2.2773619667415663878e-05    1.2113432263561336113e-05    8.3582682618573208872e-16    0
292    76    89    1.1125583221849656056e-05    5.3250870851289884079e-06    4.7845998518001889459e-06    4.4927392608403773149e-15    0
293    76    97    1.0950437564615695234e-05    1.7640169471704814427e-05    8.4484436868434700584e-06    8.7356907721961481527e-15    0
294    76    114    2.8923934067276590326e-05    1.131400737349952325e-05    4.5015616464050175045e-06    1.3954841103855555677e-16    0
295    76    129    3.4516659967529925363e-05    1.2938070156313352644e-05    4.4487249362669704914e-06    5.3384699235203635406e-16    0
296    78    90    2.8263469706745112555e-06    1.8365499402547437306e-05    1.3372057456924814383e-05    2.1395291931079702445e-16    0
297    78    99    1.2200173005960533569e-05    1.9490193863140291151e-05    8.7386490654852627056e-06    1.66034332244219954e-16    0
298    79    91    1.4558043094717689363e-06    5.955170935451092781e-06    9.663549455339061605e-06    1.6717940557736575388e-15    0
299    79    94    7.7509062500000095244e-06    7.1283268543971621111e-06    5.2773708535168134578e-06    4.4329915169541229454e-16    0
300    80    87    1.9087714391970915344e-05    6.7657374072003259756e-06    1.0848282366656488386e-05    8.7871087169917550125e-16    0
301    80    90    2.9260399731671863375e-05    1.8613839680039264562e-05    2.4473135865310299001e-05    2.9367763038372350408e-15    0
302    80    93    9.926789390500516245e-06    7.1563789952192518673e-06    1.1981973030220686397e-05    2.3484667139232544421e-15    0
303    80    96    1.5429062455435460564e-05    1.097653810757154069e-05    1.8033676984101730528e-05    8.2954914126867953281e-16    0
304    80    111    2.4156606739825838568e-05    1.7222710099734288389e-05    1.0499641483944662014e-05    1.0814630728463001399e-15    0
305    80    126    2.8781155455495137049e-05    1.8258465903787484259e-05    1.3394130641165809121e-05    2.9467087410564778675e-16    0
306    81    88    9.305813230452147713e-07    9.6187006181323101822e-07    9.106045472087015194e-06    2.7955559599307135077e-15    0
307    82    85    1.2298562801752380751e-05    2.0172625476656087448e-05    6.8010322997467528638e-06    1.3602064599493506087e-17    0
308    82    90    1.0200865568873825935e-05    1.9238951676948629028e-05    1.5571788874825222499e-05    1.4014609987342700307e-16    0
309    82    95    6.9827227796874881673e-06    1.8047734733107130729e-05    4.3656706148603964798e-06    9.9537290018817025663e-16    0
310    82    98    1.7479050075787351347e-05    2.2162857122230272805e-05    1.2237061293924473144e-05    2.0803004199671602867e-16    0
311    82    98    6.7801872702775300175e-06    6.9607229976576063122e-06    1.0934885393950773271e-05    5.576791550914894019e-16    0
312    83    84    1.2308668006442009509e-06    1.3429857819905132138e-06    1.180001095979904614e-05    8.8500082198492829339e-16    0
313    84    89    1.185308013541203717e-05    1.9627540536566045218e-05    7.1214342748880214435e-06    2.3500733107130469743e-16    0
314    84    91    5.8801519019168775395e-06    1.3618152981781946851e-05    1.1118192552953969798e-05    5.0031866488292856135e-16    0
315    85    95    2.1002909720696414194e-05    2.7171352210471550522e-05    5.5809572309390297033e-06    4.3531466401324428022e-16    0
316    85    107    1.1970349272880981593e-05    1.4505076878590290087e-05    5.5185981329762668655e-06    2.7592990664881334148e-17    0
317    85    107    1.5377175463057049743e-05    6.6678920100396425836e-06    6.0572283108159796547e-06    2.7257527398671905993e-16    0
318    86    90    3.3805502558871883528e-05    4.4813858549490919922e-05    1.2830272526658105081e-05    1.2830272526658104988e-17    0
319    86    97    2.4553866984318145747e-05    1.5325023211624164436e-05    8.9601840906909373561e-06    5.7345178180422000199e-16    0
320    86    102    1.0258666191135401178e-05    1.2413569027856920807e-05    7.408091461824458358e-06    5.259744937895364512e-16    0
321    86    102    8.7853643527784182549e-06    1.3126740213295918697e-05    6.7707357113652658895e-06    4.6718076408420328032e-16    0
322    86    113    2.918542247572962107e-05    1.9127486606314570404e-05    9.1325271479653970399e-06    4.4749383025030448134e-16    0
323    86    128    1.0666642225785087563e-05    2.7354462221798731388e-05    4.9379852666613096522e-06    7.6538771633250293463e-16    0
324    87    94    7.7767801418114233455e-06    1.4618949137603962194e-05    4.1939183346040882292e-06    5.4101546516392735836e-16    0
325    87    96    1.0623963068887311607e-05    1.342097997971150029e-05    6.4253203209323945342e-06    1.1565576577678308798e-16    0
326    87    100    5.1766608219917434382e-06    8.2263180689296121141e-06    7.3503700828763356953e-06    7.7178885870201514179e-16    0
327    88    92    9.593162771391649038e-06    2.959599294862933647e-06    6.0561827807693705445e-06    6.0561827807693695555e-16    0
328    88    113    1.3907971941483194436e-05    3.8854063713081947429e-05    6.5270869449550989082e-06    2.6761056474315903844e-16    0
329    88    115    1.348937105005718805e-05    1.4839568964955014238e-05    9.7198623449759798278e-06    1.7301354974057241884e-15    0
330    89    104    2.3096267069477302352e-05    6.8783097211941254145e-06    5.7623725687856625516e-06    2.5930676559535476265e-16    0
331    89    110    2.0019077060718587713e-05    1.3127450501465033798e-05    7.3516369874318390694e-06    2.426040205852506831e-16    0
332    89    110    1.3787653577006756558e-05    9.4853463888724835127e-06    7.4946623716633966106e-06    4.4218507992814033406e-16    0
333    89    114    1.1607253094678371026e-05    1.2355933797036959681e-05    4.8844765014103093046e-06    8.3036100523975256746e-17    0
334    89    115    9.3530416675822908063e-06    1.837437239437559412e-05    1.3162747971854282534e-05    3.066920277442047612e-15    0
335    90    92    2.3271803828153834331e-05    5.2245667115050052495e-06    1.4190303408697146212e-05    2.085974601078480352e-15    0
336    90    95    2.4113937575804971928e-05    2.3558957061027770049e-05    6.3697199509878334623e-06    1.5924299877469581085e-16    0
337    90    95    9.1538363137386612645e-06    1.8852725195352862021e-06    1.3975361552076351053e-05    6.3587895061947395258e-15    0
338    90    99    1.1369686928715087848e-05    1.0157784911836655495e-05    1.1390091377171037093e-05    5.3305627645160447608e-15    0
339    90    108    1.8416898608969466312e-05    2.2414228230168524583e-05    1.1879132609260065721e-05    7.4838535438338417816e-16    0
340    90    111    1.7291876837512768471e-05    2.008903683531512946e-05    8.131739215869423476e-06    4.3098217844107941325e-16    0
341    90    113    3.3977881744644546579e-05    2.9373113043074695623e-05    1.0366633980644388789e-05    2.0733267961288777966e-17    0
342    90    118    2.3258541464236918311e-05    1.6178286454133264496e-05    1.3704269326651083869e-05    1.0963415461320866926e-15    0
343    90    118    1.8840372980564740467e-05    1.5407797942354718387e-05    1.2496351663141207173e-05    2.999124399153889789e-16    0
344    90    119    1.1513219183108426959e-05    1.5067924599555018503e-05    7.682602896547407174e-06    2.9424369093776568916e-15    0
345    90    121    9.8751854220878633331e-06    9.9481557648845454333e-06    8.7246702482498791117e-06    1.6576873471674767944e-15    0
346    90    121    1.4642752270336911258e-05    1.162941757657226669e-05    9.891285117419314099e-06    9.8912851174193144404e-18    0
347    90    126    2.0467881333294832784e-05    1.8827085245775615648e-05    1.0850976747615425754e-05    9.5488595379015731959e-16    0
348    90    135    1.9731453476850862488e-05    1.7335417526281061962e-05    1.0131558104314411189e-05    6.3828816057180789812e-16    0
349    91    101    1.4443980515951660839e-05    4.6102171291373964863e-06    1.0243758108802659588e-05    2.9706898515527711131e-16    0
350    91    115    1.6240153536362965446e-05    3.0000451766029625719e-05    1.3974930391399116464e-05    1.2018440136603237596e-15    0
351    91    124    1.0130278369612121921e-05    7.0077250184372779645e-06    1.3136945183263827532e-05    1.8785831612067273028e-15    0
352    92    108    1.0297988077056697176e-05    1.3198987401715134353e-05    8.9522133081142427405e-06    3.9389738555702664476e-16    0
353    92    113    9.833341085445041491e-06    3.8635931442141100464e-05    6.0298903866534631833e-06    1.0914101599842767103e-15    0
354    93    96    3.1428592356584601704e-06    6.4409447704267292842e-06    1.1154291113048880928e-05    1.8069951603139185798e-15    0
355    94    96    4.8287671551049573445e-06    4.8287671551049615796e-06    5.4752116402116417535e-06    1.193596137566137718e-15    0
356    94    96    1.5843298355956226994e-05    1.5565527253745150931e-05    5.4272148298893522003e-06    7.0553792788561574635e-17    0
357    94    100    3.3656719877610281296e-06    4.6548006249316875691e-06    6.5237767032412019425e-06    1.9701805643788425367e-15    0
358    95    98    8.7790767807570505065e-06    1.3295294753193119617e-05    7.914880776114833905e-06    1.7887630554019519878e-15    0
359    95    119    4.0603566054788753077e-06    1.1558830462839543425e-05    5.8848133382706023211e-06    1.824292134863886309e-15    0
360    96    100    8.7333902617930517828e-06    1.1064354205342862952e-05    1.2915630521308125729e-05    7.8785346179979566211e-16    0
361    96    100    1.4275510177650239154e-05    2.2535000000184321381e-05    1.1790717740759885978e-05    4.7162870963039543832e-17    0
362    96    116    1.0315098036217255271e-05    6.5071113421248913918e-06    1.2225406279336847526e-05    9.7803250234694772842e-17    0
363    97    114    2.3080053385380367868e-05    8.601161993915190727e-06    7.3433326225719890946e-06    3.1576330277059548616e-16    0
364    97    122    1.8572062861532735744e-05    1.3828276655706790482e-05    9.3329210411287138826e-06    3.1265285487781189553e-15    0
365    97    128    1.4805959804467743959e-05    9.6409425363997542594e-06    8.833146778285565551e-06    2.2701187220193901717e-15    0
366    97    136    1.7915095681985047341e-05    9.9884411179337334602e-06    8.3323652194177551483e-06    3.4995933921554571265e-16    0
367    98    126    2.1745252305707951917e-05    1.5178741564622529872e-05    1.264701115597434212e-05    4.2999837930312760452e-16    0
368    98    132    1.2919397926482610383e-05    1.8402279751040798085e-05    8.3858279712122149612e-06    3.2537012528303388256e-15    0
369    98    140    2.1421659680174198769e-05    1.5238425618448371855e-05    1.562036925425841201e-05    4.6861107762775240164e-17    0
370    99    118    7.6735486955274825925e-06    6.5289923107317042588e-06    9.9472490000279682905e-06    8.6043703850241917582e-15    0
371    99    118    2.1516802138135219808e-05    2.2895595560740040613e-05    1.0905327330837937767e-05    4.3621309323351747116e-17    0
372    99    121    2.1640611265227809143e-05    2.5458664478661539486e-05    8.1001554577268292952e-06    9.7201865492721958077e-17    0
373    99    121    1.793628908398618607e-05    2.2328347705137438609e-05    7.8955418859485882208e-06    1.0264204451733163804e-16    0
374    99    121    2.3925996559464767014e-05    3.0395879081770321874e-05    7.8248278438870725319e-06    8.6073106282757788477e-17    0
375    100    115    1.0699744549069381262e-05    2.9316140973017027762e-05    1.2375979122257986794e-05    3.8365535278999764876e-16    0
376    101    110    5.8904600235460475289e-06    1.5335321163280521385e-05    1.5032898506781966391e-05    6.0131594027127858445e-17    0
377    102    113    9.8453387103141683516e-06    7.4025548383508782527e-06    7.1058177059762393178e-06    2.7215281813888994744e-15    0
378    102    118    2.028008698313223362e-05    1.989985562911264662e-05    8.0361523075501531161e-06    9.5630212459846801512e-16    0
379    102    118    2.2443899935856312865e-05    2.471047036491703816e-05    8.5218186210169618141e-06    8.5218186210169618842e-18    0
380    102    130    1.6002902085076396829e-05    1.5116228921674582534e-05    6.3489925844479956198e-06    1.0793287393561592487e-16    0
381    102    131    1.1084903865583034267e-05    7.2197484114194651676e-06    6.6978931143822355529e-06    3.148009763759650424e-15    0
382    104    110    1.6581180811808028894e-06    8.5701266185257170402e-06    1.1361807815419017328e-05    6.8170846892514089383e-16    0
383    105    107    7.1989732021019438134e-06    1.3687303702700588041e-05    4.6136959778893436114e-06    1.7070675118190568469e-16    0
384    105    126    3.7949723663720575352e-06    1.1571567523556105421e-05    6.9039699413202559625e-06    1.215098709672364963e-15    0
385    105    127    5.3423314369707833776e-06    1.2556203612236520534e-05    7.4512571697822112965e-06    3.7256285848911053342e-17    0
386    105    127    5.8273716983124034663e-06    1.2835176236646227835e-05    7.6004536666581739996e-06    1.2160725866653079377e-16    0
387    106    117    1.1494986531433015533e-05    1.9258647765744578472e-05    6.5343144252599827629e-06    1.9602943275779942922e-16    0
388    106    137    2.8812873391902581813e-06    1.1501113565516925426e-05    1.1192235814490178675e-05    1.1975692321504490203e-15    0
389    107    123    1.3661631382288787738e-05    1.4156080553509522453e-05    4.0049224129911115171e-06    5.606891378187555466e-17    0
390    108    111    1.1430278708724192751e-05    6.2792122317928482063e-06    1.0103373592157206386e-05    4.4353810069570137445e-15    0
391    108    113    2.0059452614449729835e-05    4.3049997221255679742e-05    7.0462097848785513606e-06    3.7344911859856325447e-16    0
392    108    133    7.9238792221778395132e-06    7.7530859122775109399e-06    5.7460488296070394093e-06    1.6606081117564342292e-15    0
393    108    135    1.6202104107097432535e-05    1.7761677471636950815e-05    9.0605941730394014863e-06    1.4315738793402253352e-15    0
394    108    135    1.7916336745768743897e-05    1.9985148101789179946e-05    8.9861460418958075065e-06    3.2350125750824907046e-16    0
395    110    115    9.061321820888333344e-06    2.4463039513392489553e-05    1.2425218472691374703e-05    1.826507115485631746e-15    0
396    110    120    1.0458193232880968579e-05    7.1948411444254632577e-06    6.2928372297762417124e-06    5.4118400176075668972e-16    0
397    110    129    1.1566512121761326294e-05    1.1345943977688358945e-05    7.6638968707101730543e-06    2.9889197795769670307e-16    0
398    110    141    2.0737042369812758288e-05    1.8453315843998813601e-05    9.2969251211851519249e-06    3.3468930436266546782e-16    0
399    110    141    1.4809625293163344167e-05    1.1154640297346155113e-05    1.01895496038008604e-05    7.9478486909646699967e-16    0
400    110    145    1.4417607628110871496e-05    7.5153993871259254999e-06    1.6258025734331978883e-05    1.4957383675585419812e-15    0
401    111    121    2.1653914577391315821e-05    1.4200213673876529972e-05    7.2359472739543684332e-06    2.3878626004049411745e-16    0
402    111    126    1.0971189022923465256e-05    1.5854560963734988017e-05    8.79655556910230449e-06    8.7085900134112812421e-16    0
403    111    127    9.2772312820012896702e-06    1.1092132563255862108e-05    9.5951490907797410795e-06    3.5502051635885038435e-16    0
404    111    133    9.0921391031911344882e-06    9.2516624845167838462e-06    5.6344493587446176701e-06    5.6344493587446176043e-18    0
405    111    133    9.1170140731315398041e-06    9.0851363039455239589e-06    5.6934192683853140189e-06    1.8788283585671533352e-16    0
406    112    115    5.9371814520175604125e-06    2.9498082451341843524e-05    1.0891703841317928845e-05    2.1783407682635855896e-17    0
407    112    120    3.9628739508744051847e-06    3.7795192666786599388e-06    5.2539629004967235219e-06    1.1558718381092789387e-15    0
408    112    124    2.9949552831665857721e-06    5.9815544907936202328e-06    1.5602439313627367333e-05    1.4198219775400902108e-15    0
409    112    145    1.3536010363729531776e-05    1.0596296251619534022e-05    9.2807589497634487911e-06    6.4037236753367791e-16    0
410    113    115    4.6293832109583106787e-05    1.6636994956883102188e-05    6.5339319936743700857e-06    2.4175548376595163772e-16    0
411    113    118    3.9579713685432466491e-06    1.0786896178963571461e-05    7.684768823311264891e-06    4.4725354551671556105e-15    0
412    113    122    2.9881334863554393692e-05    5.6651982871519287191e-06    5.7178342101815402573e-06    3.6079533866245509275e-15    0
413    113    131    5.6457132018329280815e-06    4.4294951861304242402e-06    8.5776738256484472085e-06    2.8906760792435263538e-15    0
414    113    135    3.9625973847727279694e-05    2.1315326126096514306e-05    7.392069957688242321e-06    2.3654623864602374939e-16    0
415    114    115    5.5592062270951936916e-06    1.046558231346208518e-05    7.2598649958900197772e-06    1.887564898931404831e-15    0
416    114    122    5.4194175663890554974e-06    1.692798843428526602e-05    5.69597503994140931e-06    5.8668542911396514595e-16    0
417    114    125    3.8257477866181985044e-06    2.8444506344313853107e-06    4.3910809152034798597e-06    6.8500862277174277518e-16    0
418    115    120    2.5171338686334504987e-05    3.3890319231692210306e-06    1.0287538250682693965e-05    2.3352711829049711771e-15    0
419    115    120    2.2710124679287660752e-05    1.8321829070659319711e-05    5.7438317562576745828e-06    5.7438317562576742955e-18    0
420    115    122    1.9135328166110204373e-05    1.2155011740037862698e-05    1.1107113510780890702e-05    3.9985608638811205921e-16    0
421    115    125    1.4761845663431503149e-05    1.2273534216146572191e-05    4.752044767793530814e-06    4.1817993956583066357e-16    0
422    115    143    1.9975190527940197074e-05    1.6767448885146505309e-05    1.2998114078525548095e-05    1.2218227233814012955e-15    0
423    115    143    6.2719025431989769854e-06    4.3760940235583221255e-06    1.4433054199981012718e-05    4.2721840431943794234e-15    0
424    115    153    1.9115643396878427237e-05    7.8296782781253794611e-06    1.2780516047695286304e-05    4.4731806166933498198e-16    0
425    116    137    6.9796224504236434953e-06    1.0703196236332902344e-05    1.4786430938253288049e-05    1.4342838010105688953e-15    0
426    117    127    1.6091814531804806782e-05    1.16917086841464113e-05    1.2421663144127448959e-05    3.7264989432382340816e-15    0
427    117    127    2.8715977017790986437e-05    1.7908254970976324107e-05    1.3609082216850316614e-05    2.0005350858769964489e-15    0
428    117    137    1.0974761154048937172e-05    9.6195866077699533674e-06    1.819334977876893724e-05    3.3111896597359459032e-15    0
429    117    147    1.1370347880079255439e-05    9.8342255572811023551e-06    1.3846140898861011745e-05    6.7846090404418952188e-16    0
430    117    147    2.417581365433443786e-05    1.590019044751550214e-05    1.6071744416975421941e-05    3.2143488833950846131e-17    0
431    117    149    2.9043022497421012843e-05    1.1769536356998195177e-05    1.0766820230690220776e-05    9.4748018030073934846e-16    0
432    118    121    1.5740604048120121955e-05    2.1101991595471955582e-05    7.6443667776379463596e-06    1.8346480266331074915e-16    0
433    118    122    2.6162487248167253569e-05    1.3329760566444189311e-05    8.4863170767158267689e-06    1.0098717321291831748e-15    0
434    118    131    2.53982118360338317e-05    1.5169262062252213794e-05    8.9796881538550580405e-06    9.5184694430863602446e-16    0
435    118    131    1.6587289412054436811e-05    1.1743837287125035145e-05    9.6022908088497325053e-06    1.1330703154442681525e-15    0
436    118    135    2.2860507834793851304e-05    8.4656152927948547513e-06    7.7038391645280073254e-06    4.0445155613772033351e-15    0
437    118    156    2.3928860809116047069e-05    8.6930703323046296755e-06    7.6643278469456919993e-06    1.9160819617364228346e-16    0
438    118    161    2.0953421629378248914e-05    7.0631469541532088271e-06    7.517032381889623273e-06    4.8334518215550272162e-15    0
439    118    174    2.8219599615577061489e-05    9.4434217122502449413e-06    7.5032728431142550797e-06    3.4965251448912422389e-15    0
440    119    121    3.2976421075140290911e-06    4.1216069829901541755e-06    7.8814861638635235597e-06    6.9751152550192179296e-15    0
441    119    140    1.3954833423600566269e-05    5.8665724826983267834e-06    6.185829676471995345e-06    2.5980484641182378677e-16    0
442    120    129    2.0785819354125137907e-05    1.4249553246017478451e-05    4.3230268511107462138e-06    1.1672172497999013535e-16    0
443    120    141    1.9711899906399362885e-05    1.3829150771716845593e-05    4.3641183399170520738e-06    1.2961431469553645345e-15    0
444    120    143    5.7431909541404951627e-06    1.939124448371536808e-05    7.6884790863453360759e-06    5.6894745238955471126e-16    0
445    120    143    1.3844069577875841605e-05    1.4546109381180886841e-05    5.2595997719318782494e-06    4.2076798175455025845e-16    0
446    120    145    1.5989205811733380776e-05    6.7992278663680596633e-06    3.655408556207785113e-06    4.2402739252010307058e-16    0
447    121    126    1.3931440406590701685e-05    1.4992268810236194029e-05    9.090184702011688635e-06    1.5907823228520455104e-15    0
448    121    132    1.8821822499230512739e-05    1.5334011087154129655e-05    7.9454401012915130303e-06    7.9454401012915134663e-18    0
449    121    135    1.6508205557195568383e-05    1.1729786478076433063e-05    7.4894286185892529483e-06    4.9430228882689061518e-16    0
450    121    139    8.1266145472443645375e-06    1.0612751576011234146e-05    7.878843689040935662e-06    4.128514093057449505e-15    0
451    121    140    1.7098338577904690391e-05    1.2340064259138844654e-05    7.5383287578710153306e-06    2.3368819149400151857e-16    0
452    121    151    1.8320725908622492294e-05    4.5118919222192113605e-06    5.4566710385401130646e-06    1.4623878383287503267e-15    0
453    122    125    1.6833628630593861527e-05    6.9960323874204098502e-06    6.1078228801657958799e-06    6.7186051681823745546e-16    0
454    122    128    1.5211129746365188991e-05    2.1008491482377832516e-05    6.1249461966659888418e-06    5.8186988868326872449e-16    0
455    122    153    1.52365574440544e-05    9.9877070473083605904e-06    7.1429559226306855213e-06    5.2857873827467061185e-16    0
456    123    132    4.3062345830326397158e-06    8.5115777207454936307e-06    6.0664126704310733452e-06    5.5810996567965871003e-16    0
457    123    132    7.618549770721856622e-06    1.5545461553826992406e-05    6.1966531286031523772e-06    2.7884939078714182594e-16    0
458    124    144    7.8519174251784962573e-06    1.1572173437916183049e-05    1.1989301508318518793e-05    2.3978603016637036166e-17    0
459    125    129    5.275698900144009133e-06    8.6127434635819357127e-06    5.6792531094449091755e-06    1.1528883812173164867e-15    0
460    125    134    4.2652808158173165167e-06    2.9137415015114713516e-06    3.6310761656998428594e-06    1.8518488445069198457e-16    0
461    125    160    1.3407046942758124082e-05    1.0417156158702377052e-05    3.8335659372607002447e-06    5.7503489058910496006e-17    0
462    126    127    1.2612570822864559319e-05    4.3794394107965493301e-06    7.0041613353222441872e-06    2.2413316273031178498e-15    0
463    126    127    9.7046183274778327805e-06    1.1984698846516287808e-05    9.4599571688307323384e-06    2.4595888638959900549e-16    0
464    126    132    1.0236406732740828792e-05    7.7976484070055510751e-06    9.1592699169916031002e-06    5.1017133437643219803e-15    0
465    126    139    1.2272462901963847917e-05    8.377800786678159733e-06    8.7480019628907094135e-06    2.0120404514648630009e-16    0
466    126    139    1.3964825589044496413e-05    7.0368619981933792329e-06    7.8186842674129073766e-06    7.8186842674129075451e-18    0
467    126    139    1.1837782729708510774e-05    7.5238594861267541093e-06    8.5032867354194128362e-06    1.1054272756045235331e-16    0
468    126    139    1.4656787343972469572e-05    1.1176545947464061793e-05    9.1634002899549643205e-06    1.099608034794595799e-16    0
469    126    150    1.0233878158024906302e-05    6.4707003033798541288e-06    7.9558530556047730455e-06    1.7661993783442595483e-15    0
470    127    133    1.8230192579937578906e-05    8.0107965151973872477e-06    7.5241831803889840734e-06    1.2264418584034044229e-15    0
471    127    147    1.4272784368457783194e-05    7.8576840134807010319e-06    8.1049868948534606637e-06    7.9428871569563911128e-16    0
472    127    148    1.8923353719924419032e-05    5.8766793790231814341e-06    6.850536252519041985e-06    1.5756233380793795258e-16    0
473    127    149    2.5647531330983649637e-05    9.3337863449467176231e-06    7.1295318137176183655e-06    9.0545054034213750626e-16    0
474    127    150    1.0655164542726380285e-05    4.3088021195025098139e-06    7.341029801372268119e-06    6.4601062252075957071e-16    0
475    127    150    1.2204922485955001655e-05    9.5772026172806127382e-06    7.0091296028382237676e-06    2.1027388808514671314e-17    0
476    127    155    1.5002712692601692643e-05    1.3125655100976111168e-05    9.8004305509939671978e-06    7.8403444407951728818e-16    0
477    128    131    1.1979567867756624091e-05    1.4557437284250513267e-05    7.8698055031787813099e-06    1.9674513757946955179e-15    0
478    128    136    1.5689224705641431585e-05    1.6189737253042513969e-05    7.2186490978747219481e-06    1.8696301163495528165e-15    0
479    129    141    5.913183967435427826e-06    5.5906932757040249447e-06    7.3831465516772533156e-06    2.4585878017085247918e-15    0
480    129    160    8.5118004003804805766e-06    1.3416649834370130253e-05    6.4394624957317965865e-06    7.2121979952196118694e-16    0
481    131    159    8.7946419079415627952e-06    6.7312950665381724737e-06    7.9111817893228030544e-06    3.3464298968835456769e-15    0
482    131    174    1.7478915116587560332e-05    1.5065080430921484105e-05    8.3436889392364069489e-06    9.0111840543753186852e-16    0
483    132    139    7.125084249658332338e-06    3.5594749334513851187e-06    7.3882088994803846087e-06    2.9478953508926731139e-15    0
484    132    146    1.5004244884459130009e-05    3.3876201270355646173e-06    6.0392664165000578341e-06    3.200811200745030433e-16    0
485    132    146    1.5612155506222447326e-05    5.5106265482141099946e-06    5.2254235821476524262e-06    5.2254235821476521398e-18    0
486    132    150    2.1610822475895574864e-05    1.2249043075744081634e-05    7.7194524242828638531e-06    1.7754740575850585275e-16    0
487    132    167    2.2595174962286195187e-05    1.5637662690002664958e-05    7.5237641859039712045e-06    3.9875950185291045107e-16    0
488    132    169    1.6526551409389310431e-05    7.9030802624697275827e-06    7.2829485454074850974e-06    4.0056216999741159802e-16    0
489    133    135    7.7530859122775109399e-06    1.2722269067048445055e-05    7.5047937215962969094e-06    1.2307861703417926509e-15    0
490    133    142    4.4435339117414271876e-06    1.3883398261581186861e-05    1.002366296402566951e-05    2.5460103928625199024e-15    0
491    133    155    8.7449060883254410402e-06    7.0498637003976854365e-06    5.1326312836680522099e-06    7.6476206126653970145e-16    0
492    133    158    7.0198173237269816501e-06    1.4008018894755103298e-05    8.5123738973303526812e-06    1.7024747794660703529e-16    0
493    134    153    2.1656742771024033646e-06    5.5821638181126692898e-06    7.5355215502163005889e-06    4.2198920681211277255e-16    0
494    135    151    1.2444517749076536983e-05    7.8087154804167568538e-06    7.7115363743701896158e-06    2.1592301848236532012e-16    0
495    135    158    1.1761677471636943886e-05    1.4385198806030906584e-05    1.0533559792942702015e-05    1.3693627730825512202e-15    0
496    135    161    9.3062493768250832617e-06    8.9208284468932185342e-06    9.2804060993060833042e-06    2.9697299517779467864e-16    0
497    136    160    1.3589154546039389069e-05    1.9195565479178888589e-05    6.7290899314594786141e-06    9.4207259040432695356e-17    0
498    136    160    1.0000324615546200542e-05    1.8111171947860284258e-05    6.1153761696793782182e-06    3.1799956082332763899e-16    0
499    136    162    6.7946660517121185152e-06    5.7181678499407930319e-06    6.4696059488399659855e-06    5.7579492944675689253e-16    0
500    137    199    1.9760002327588907479e-05    2.6044537951659014894e-05    4.1948522825340752091e-06    1.2584556847602226079e-17    0
501    139    140    1.4727779206725374455e-05    1.0275322682286597428e-05    7.5751670123794090288e-06    7.2721603318842326899e-16    0
502    139    151    2.4731259298319894081e-05    1.153033258100723862e-05    6.5423868634790586713e-06    5.3647572280528283335e-16    0
503    139    186    2.177245738901970604e-05    1.3718746292143673137e-05    7.2735908183429776763e-06    1.0183027145680168147e-16    0
504    141    145    1.5096757824487528797e-05    8.8132516201966533252e-06    6.9331496503683492794e-06    4.3678842797320603446e-16    0
505    141    152    1.4470492555307838857e-05    1.1158726409772608365e-05    7.753299713638945825e-06    5.3497768024108722405e-16    0
506    141    160    1.1510862666977061052e-05    1.4505961622357057867e-05    7.0663236246670449499e-06    9.8928530745338616482e-17    0
507    141    164    1.0533179088951078833e-05    1.5702530167330050476e-05    5.7830187726381133932e-06    1.578764124930204631e-15    0
508    141    165    1.6244006357638373061e-05    5.5280772980860535501e-06    5.8673413953859658617e-06    2.6989770418775442421e-16    0
509    141    183    1.7786575989638585895e-05    1.4824409408470189822e-05    8.0261280631038944735e-06    1.0835272885190258384e-15    0
510    142    143    6.4925332388720040776e-06    9.0766609793178040821e-06    1.0174592078405771367e-05    1.0581575761542002029e-15    0
511    142    158    1.6947449050282715447e-05    1.0546946883477762691e-05    1.2318910799156827953e-05    3.9420514557301849032e-16    0
512    143    153    1.2432697631721131636e-05    6.7784685130637739651e-06    9.1656937246724415325e-06    9.074036787425717319e-16    0
513    143    157    1.7483068907450355058e-05    8.779320809951851102e-06    8.9103252468388281044e-06    4.0096463610774719278e-16    0
514    143    165    1.0091200799049615888e-05    8.498149274351992819e-06    6.2794669275004564633e-06    8.8540483677756420738e-16    0
515    143    177    8.3536998160164268543e-06    1.0167574663656923982e-05    7.829065985820791754e-06    4.3059862922014348439e-16    0
516    144    170    8.7494527669409627744e-06    9.8806994974587609683e-06    1.0350931473355879622e-05    2.7222949774925959461e-15    0
517    144    173    7.1777747453590457166e-06    1.3997567182640746749e-05    8.3627744590172383869e-06    2.1241447125903783926e-15    0
518    146    178    1.5227423028817401395e-05    2.4971921274825231615e-05    3.5988514402200015594e-06    7.1977028804400023073e-18    0
519    147    150    1.2237413979445978861e-05    1.6418213716108450692e-05    5.3788141581942017545e-06    1.5598561058763187877e-16    0
520    147    150    1.0016050369712373741e-05    9.0528748156200509697e-06    6.4914574962767218494e-06    2.9211558733245245917e-16    0
521    147    154    4.3603866766961418131e-06    3.5081792486980871104e-06    1.1588039187478420101e-05    5.0987372424905042847e-16    0
522    147    178    1.0209357250090246878e-05    1.8579134461833285696e-05    9.1744203059127280356e-06    9.4496529150901095072e-16    0
523    148    154    3.034995352964182507e-06    7.8814042033247902756e-06    8.5364992620951442445e-06    2.3902197933866400703e-16    0
524    149    173    6.4475481636260717047e-06    7.7620421870573341842e-06    6.84289623658799551e-06    2.5934576736668500826e-15    0
525    149    180    7.1542038406962767512e-06    1.1611438740002801815e-05    8.144325488989224602e-06    1.7754629565996504889e-15    0
526    150    155    7.3004890978792485421e-06    1.6963154387224819791e-05    8.1730481037646268461e-06    9.8076577245175527053e-17    0
527    150    171    7.2276366850138685087e-06    1.1198478249829656696e-05    4.2692461966726339472e-06    3.2019346475044750082e-16    0
528    150    178    9.2032441049057426403e-06    2.0006918786761622377e-05    8.6444818751375407785e-06    1.1237826437678801318e-15    0
529    151    156    1.1695465915016225978e-05    6.6541377019685489535e-06    8.5637238293952448395e-06    1.1646664407977532415e-15    0
530    151    161    8.3928552637260653822e-06    1.4840859269191039835e-05    7.3741724568480270308e-06    3.8345696775609735896e-16    0
531    152    175    9.0572127281186776604e-06    7.0398253975951410579e-06    7.0244479136222139765e-06    4.2146687481733274327e-16    0
532    153    158    5.8513202180185267922e-06    7.9559086226960184802e-06    1.281114698214189454e-05    1.1273809344284866619e-15    0
533    153    160    7.6933053278417746156e-06    1.0799497849644023537e-05    6.7465997954978852442e-06    1.079455967279661637e-16    0
534    153    182    9.6707322367688679519e-06    1.1487632079473151687e-05    1.1750813025454937509e-05    3.4077357773819320782e-16    0
535    154    163    7.3632485018194583618e-06    4.0366886875226116777e-06    6.7380536138504686103e-06    5.996867716326916873e-16    0
536    155    158    8.4748023023992606639e-06    1.1743830008538044346e-05    1.2774452271738816463e-05    1.5712576294238740246e-15    0
537    155    163    1.3292651255075899774e-05    4.2684561223576424587e-06    7.548748239181526366e-06    6.1144860737370352705e-16    0
538    155    184    1.0954626108134461775e-05    1.3160412359759903611e-05    6.0081759382832445219e-06    7.9908739979167160573e-16    0
539    155    197    1.2801180011081754725e-05    1.8630552743216363735e-05    9.4523346831538464203e-06    1.2288035088099999011e-15    0
540    156    188    3.4273398026534303919e-06    4.6656137832164266374e-06    1.8227785724427636107e-05    4.5569464311069081996e-16    0
541    157    170    4.2552911752265563358e-06    9.4518261460032903544e-06    7.9612474997909463852e-06    8.8369847247679498714e-16    0
542    158    182    5.5395377153504859091e-06    7.1939356547657404558e-06    1.1292671070565432379e-05    1.5809739498791602742e-16    0
543    158    182    1.0217247205742774428e-05    1.4862709480515508165e-05    1.0765770966499947051e-05    8.1819859345399584058e-16    0
544    159    174    2.2138108889651080571e-05    1.3780933604047571048e-05    9.1691878614880385014e-06    2.3198045289564734169e-15    0
545    159    174    1.4970313053771850591e-05    1.4267338568827054728e-05    1.1037183011735910974e-05    1.1368298502087988628e-15    0
546    159    189    7.7744440085681397522e-06    9.3057604466466315157e-06    1.2415675806870966809e-05    3.836443824323128725e-15    0
547    160    162    1.8088485648571020633e-05    1.1236481751138518992e-05    6.387355555605146448e-06    2.7465628889102124992e-16    0
548    160    164    2.8105098292015002446e-06    2.883051040818017237e-06    6.8353863386317205753e-06    4.9829966408625236788e-15    0
549    160    165    1.0264589643022690069e-05    1.0442859229144274926e-05    5.6923304118298085325e-06    3.3584749429795864285e-16    0
550    161    174    1.0789644473173883019e-05    1.4388531506953390756e-05    1.099185062846711051e-05    5.7487378786882994372e-15    0
551    161    186    2.1313671832520090995e-05    2.023194621658772497e-05    9.1816479643096399129e-06    1.7169681693259024863e-15    0
552    161    205    2.0134160970783568102e-05    1.663309025357040654e-05    8.6016410250295114755e-06    4.3868369227650509215e-16    0
553    161    205    2.0174378749432499483e-05    9.2524346909677257988e-06    6.8706330463717142011e-06    4.0536734973593108179e-16    0
554    162    187    6.2295318600644170493e-06    1.1607847974428811086e-05    4.0162515800715447388e-06    2.1687758532386339521e-16    0
555    163    176    9.6166032495420373458e-06    1.7636186393313532525e-05    5.8266025156808266136e-06    5.8266025156808266593e-18    0
556    163    176    9.1916454428120654137e-06    1.8144018765517010741e-05    5.680744448069307591e-06    5.6807444480693073883e-18    0
557    163    181    6.0664843287659932488e-06    1.2718736407877517152e-05    4.4389644568728649142e-06    2.1750925838677037043e-16    0
558    164    165    1.1244203440445975175e-05    5.0285606491348665937e-06    5.009150299254851525e-06    1.2222326730181836529e-15    0
559    164    175    2.7202258483517177841e-05    7.8473941272519237013e-06    4.4597466086318826933e-06    1.4271189147622024687e-16    0
560    164    177    2.98141285345429228e-05    1.1235556863144317852e-05    4.7656170702468728738e-06    7.6249873123949969114e-17    0
561    164    182    2.7104265701749092048e-05    1.7607266747396384038e-05    5.7097006336751426596e-06    5.8809916526853967449e-16    0
562    164    183    2.7895579711143553433e-05    1.8876882577281132205e-05    5.8034503260485570254e-06    2.553518143461364833e-16    0
563    164    190    2.8417438529183400764e-05    9.8964198999895971651e-06    4.6666194850044043449e-06    7.9332531245074862407e-16    0
564    164    195    1.4739036993794528424e-05    8.1888482616952877364e-06    5.3842636757897971344e-06    2.1321684156127595243e-15    0
565    164    195    1.8837865391571007793e-05    2.5361032595493595448e-05    8.121031238469294229e-06    4.791408430696883054e-16    0
566    164    195    1.5780643675487108618e-05    2.4973280836381852384e-05    8.9387368501951175508e-06    8.9387368501951173625e-18    0
567    164    195    2.2601187330437534986e-05    1.3745782464085706695e-05    5.5663227494683853008e-06    5.5663227494683853464e-17    0
568    164    195    2.5021213007845485946e-05    1.4144590793676203362e-05    5.4178891238351616471e-06    1.4628300634354934693e-16    0
569    165    177    6.316751467661678893e-06    1.1803340710272107434e-05    6.597993979977861048e-06    6.9938736187765322794e-16    0
570    165    183    9.1813030666438691135e-06    1.6555116301635551534e-05    8.0468652370152567421e-06    2.6554655282150344242e-16    0
571    167    185    1.5422695417789758645e-05    1.6864866100918343321e-05    6.4423668054357994113e-06    1.2884733610871597912e-17    0
572    167    193    2.649041430173480424e-05    2.6970869015781428048e-05    6.2104220134095378794e-06    1.3041886228160029851e-16    0
573    167    200    7.3251006487752233883e-06    1.4732547266689726345e-05    7.1762201937754992002e-06    1.0549043684849981985e-15    0
574    168    176    1.0414228531462100955e-05    1.2880237570052597846e-05    6.8192717216682711891e-06    1.2479267250652935678e-15    0
575    168    178    1.0855773196148318926e-05    1.7472509592412455138e-05    9.5995341957670321769e-06    4.5117810720105042401e-16    0
576    168    178    1.1880486822192375433e-05    2.2979826495070135024e-05    8.9819315134582784906e-06    1.0508859870746185267e-15    0
577    168    199    1.9735534665011005543e-05    1.7166014796017158711e-05    5.1274321279780176941e-06    5.6401753407758187924e-17    0
578    168    202    1.1627369171804958201e-05    7.7664720253801269412e-06    4.8488445760373515887e-06    3.5881449862676398704e-16    0
579    169    172    1.752402159170330112e-06    2.7719599634125681746e-06    1.5348835698473346588e-05    1.2125580201793943527e-15    0
580    170    173    1.3143693553337950744e-05    1.8663883799680003485e-05    9.4210884911887606198e-06    1.9501653176760733097e-15    0
581    170    180    7.4520465563390764766e-06    1.4312999443345114048e-05    1.2075797310840160386e-05    2.7774333814932368128e-15    0
582    170    198    7.2480125513763513486e-06    6.5189288353506081699e-06    1.0427237053519626265e-05    3.2324434865910844105e-16    0
583    170    198    1.3778122216517055561e-05    9.6800765843846559239e-06    9.3466364377768659501e-06    3.3647891175996716434e-16    0
584    171    178    6.7995111397239054184e-06    9.6635144824838088208e-06    6.2821514146389363371e-06    1.9977241498551817929e-15    0
585    171    181    1.284071306612906104e-05    1.3497610040094894107e-05    5.3220066737971189863e-06    1.3251796617754823679e-15    0
586    171    193    3.2577139810557414991e-06    9.3187030866046203787e-06    1.0016601930482647804e-05    2.9248477637009328481e-15    0
587    172    185    3.8633996299984684253e-06    5.3073037187185822321e-06    9.8562641949962838606e-06    5.8151958750478060168e-16    0
588    172    185    5.5649247289719624613e-06    4.6037100099900975082e-06    1.2599065119459206623e-05    3.7797195358377622184e-17    0
589    172    186    9.1318182619835014228e-06    8.7369043169324123155e-06    1.6430335395290608338e-05    9.8582012371743652741e-17    0
590    172    193    8.2828710701585182093e-06    7.2773542119419345271e-06    1.8733925913773656798e-05    6.3695348106830422218e-16    0
591    173    176    9.0407452772075725446e-06    3.5240758165960251141e-06    7.6828895363301377691e-06    1.5903581340203385025e-15    0
592    173    180    6.211293662357647192e-08    8.4801789451356801683e-08    1.3075423978911409722e-05    1.3833798569688269332e-14    0
593    174    182    2.187910214853188337e-05    1.5455043769832251481e-05    1.2597630467029320017e-05    3.8800701838450302506e-15    0
594    174    182    2.9836299159625667791e-05    1.8072555506724342493e-05    1.1854492756733828841e-05    2.370898551346765765e-17    0
595    174    189    1.4279531394167272482e-05    1.2888001026337163384e-05    1.4045861397947173525e-05    4.9160514892815102291e-16    0
596    174    189    1.930819400815092976e-05    2.21448892639487227e-05    1.2743275234235862444e-05    6.8813686264873651753e-16    0
597    174    189    2.548450923082240497e-05    1.5951907419803343434e-05    1.2003780819904808367e-05    4.8015123279619231949e-17    0
598    174    191    1.1359017185724120823e-05    6.0985993915853357162e-06    1.1346354135430899713e-05    1.5090651000123097606e-15    0
599    174    191    1.5360483202821117538e-05    6.8959270710959882738e-06    1.0697009485502252237e-05    7.9157870192716655648e-16    0
600    174    194    3.3620401038874628188e-05    1.1129880186884579232e-05    9.8266394018808331186e-06    2.9479918205642498196e-17    0
601    175    183    1.7653210865782834358e-05    1.5249530480574641434e-05    9.2814140451722354697e-06    4.6407070225861171801e-17    0
602    175    196    6.7651971163590540468e-06    3.3924747793666909534e-06    6.8459881029806341941e-06    6.3667689357719892503e-16    0
603    175    207    1.60262218078702806e-05    7.9010978529177998831e-06    7.4347894654159335799e-06    3.4943510487454883874e-16    0
604    176    178    1.0963178320721649669e-05    2.4183120908814023013e-05    8.605031281401248039e-06    2.6847697597971890713e-15    0
605    176    180    7.9447862785658588026e-06    9.2300733131456117516e-06    8.1511725109647031922e-06    1.0759547714473406446e-15    0
606    176    181    1.2880237570052597846e-05    7.0154583297483552319e-06    5.8243084791542796674e-06    8.4452472947737048083e-16    0
607    176    184    1.7085046609027103244e-05    1.9683055143396367454e-05    6.1249546819813393883e-06    1.0412422959368276343e-16    0
608    176    192    9.9133439481098900201e-06    1.5642950956481098998e-05    9.7204601605022014356e-06    1.3705848826308102821e-15    0
609    177    182    1.130632707680365642e-05    2.3086145890582663958e-05    9.5044789185906430461e-06    9.6945684969624551388e-16    0
610    177    183    1.1298572482649704382e-05    8.3937165395665462006e-06    7.4908151645224252304e-06    1.7378691181692024768e-15    0
611    177    190    4.3767743086162246675e-06    4.846007565098911507e-06    9.0565802688828766587e-06    4.5282901344414384001e-15    0
612    177    198    1.4066466194374439277e-05    1.7268225896352768921e-05    9.5740762166707345444e-06    3.8296304866682939199e-17    0
613    178    181    2.2719141445072651899e-05    3.7418278538614088267e-06    6.8960282503336127225e-06    2.6480748481281075892e-15    0
614    178    192    3.7945408522892994118e-05    1.9787143516196240305e-05    9.0083804893662264106e-06    8.9182966844725628539e-16    0
615    178    193    1.8291734487439772713e-05    1.9160346485290172442e-05    1.2122892758821338834e-05    1.212289275882133895e-17    0
616    178    193    2.5227970716178317991e-05    1.4917650247622822439e-05    9.4219557469377501145e-06    3.1092453964894570784e-16    0
617    178    193    2.2456061709158700872e-05    1.4446189429531646525e-05    9.7298123721637619485e-06    7.4919555265660963472e-16    0
618    178    200    3.0235046841415126796e-05    2.0826424055266639935e-05    9.9992602937246087173e-06    3.6997263086781049359e-16    0
619    178    202    2.8263149019456236207e-05    1.0275019828776928496e-05    7.2829380737305656157e-06    1.0196113303222791369e-16    0
620    178    202    3.5711453638165515268e-05    5.4420166535861856611e-06    6.8231376548052889971e-06    2.0469412964415869384e-17    0
621    180    182    2.3424964547121821559e-05    2.5530093465485220343e-05    1.2233803702525360073e-05    1.2233803702525359689e-17    0
622    180    190    1.9873874652703014851e-05    2.507372233676793689e-05    1.4729341617881182175e-05    1.7675209941457419764e-16    0
623    180    192    2.229535362455893876e-05    1.8155480875281005976e-05    1.4407877270132022441e-05    7.2039386350660106159e-16    0
624    180    197    1.3219234141192694561e-05    1.402509753750162524e-05    1.0883454747696193662e-05    9.5774401779726500033e-16    0
625    180    197    1.5896781241197661093e-05    8.0370662118233346881e-06    1.195611822229338511e-05    2.3912236444586770445e-17    0
626    180    197    2.0959478392314085109e-05    9.4069701227990736568e-06    1.1505365289196549516e-05    1.4956974875955513058e-16    0
627    180    198    1.2656116283123209973e-05    1.4953472818755496142e-05    1.7323927869443178266e-05    6.9295711477772709998e-17    0
628    180    198    2.2624289790233082268e-05    8.0490379752554123456e-06    1.076645725113313431e-05    5.8138869156118916513e-16    0
629    180    201    1.0234885719391089101e-05    3.1872163572515947207e-06    1.0119390938123040851e-05    1.3357596038322412225e-15    0
630    181    203    8.6118450587404787877e-06    1.4103700856830125209e-05    6.6863387527620617875e-06    8.0236065033144727261e-16    0
631    182    190    9.8141984349691649588e-06    8.1589842354153153188e-06    1.1683864088153430934e-05    2.4302437303359134827e-15    0
632    182    194    8.9579253444454900524e-06    4.3411896990975977278e-06    9.4717809802941335982e-06    5.9388066746444207158e-15    0
633    182    197    1.76876767873850068e-05    1.1555957143396013368e-05    1.0548164355852835598e-05    1.3185205444816044699e-15    0
634    182    206    1.389936348494077192e-05    3.8923045721847074465e-06    8.1665400793480609639e-06    1.0779832904739438997e-15    0
635    183    207    6.6268134395790401534e-06    3.6104274238201847951e-06    1.4684222857125928558e-05    4.9779515485656892344e-15    0
636    184    197    5.9542227932959724591e-06    4.1917101449182950844e-06    5.5871597180954083548e-06    2.1119463734400640391e-15    0
637    184    201    1.4755818933857726947e-05    4.8577395420710996944e-06    4.3583013644615640567e-06    4.140386296238485087e-16    0
638    184    203    6.9859174945168930003e-06    1.2042699334003081755e-05    6.5596650262096254448e-06    1.6595952516310348601e-15    0
639    185    200    1.5717153313639709348e-05    1.3462059340451773207e-05    1.0389065095384323725e-05    2.4933756228922378129e-16    0
640    185    204    1.0966812003136575801e-06    7.6065817626083795708e-07    9.6603864438215304033e-06    2.3378135194048101422e-15    0
641    185    209    1.0459175821190549397e-05    3.6748039420093034492e-06    7.7081584578450217983e-06    7.7081584578450217516e-18    0
642    185    209    1.2551082209474615577e-05    3.2431056947965820021e-06    7.1779389252857736528e-06    7.177938925285773009e-18    0
643    185    209    6.5943198221947699588e-06    5.2055065133874970138e-06    1.0206791460140352711e-05    1.0206791460140352e-17    0
644    186    193    8.8261097857713483299e-06    9.6137996600885049946e-06    1.6784173526434466978e-05    2.635115243650211048e-15    0
645    186    203    1.0412261231380714102e-05    2.275478158530870521e-06    9.7892562299344094349e-06    2.4864710824033398422e-15    0
646    186    204    1.4317990079757676134e-05    2.3594741715622295872e-05    9.8414792049186251008e-06    4.1334212660658222686e-16    0
647    186    205    1.9357086335288661003e-05    1.3338728151072654277e-05    1.356946345142023754e-05    6.9204263602243208686e-16    0
648    186    205    1.7971201733575666699e-05    7.4830716910596602274e-06    1.1378737737110209988e-05    2.5943522040611269771e-15    0
649    186    205    1.3949247437648176949e-05    1.0473928453962247619e-05    1.362530679257100681e-05    5.4501227170284028071e-17    0
650    187    194    7.8758753634588715697e-06    1.4261052204819336215e-05    6.2847800634006886674e-06    1.2318168924265348968e-15    0
651    187    195    3.8183680190006664816e-06    1.494144853591792726e-05    6.8870349153521675045e-06    2.1625289634205804099e-15    0
652    188    204    6.9258230818739609854e-06    3.937525410944174551e-06    1.6897827426358767142e-05    1.6221914329304417322e-15    0
653    189    208    1.7651491497611890958e-05    3.404121573048277867e-06    8.1205271126381602299e-06    3.1670055739288821686e-16    0
654    189    208    9.3246076852435366656e-06    3.7570636813873497148e-06    9.5505944382707812169e-06    2.1011307764195716118e-16    0
655    190    198    2.3662009591923492441e-05    1.0607972357703274841e-05    1.1900300236919840322e-05    1.3685345272457814353e-15    0
656    192    199    7.1329301706249975492e-06    3.2937083458002754607e-06    7.5506437056238412547e-06    1.6082871092978781737e-15    0
657    193    200    1.4109989633664194521e-05    1.3046485851834336737e-05    9.9768686709874644398e-06    5.98612120259247862e-17    0
658    193    204    1.8821700762548508623e-05    2.130239581600008346e-05    1.1536321357361630822e-05    3.1148067664876402188e-16    0
659    194    195    1.1896437500320767368e-05    1.5618790833895974046e-05    9.3644118003435710686e-06    1.6387720650601248344e-15    0
660    195    196    3.7050029794910163629e-05    7.8996386180221726142e-06    6.6547896354839285524e-06    6.6547896354839282267e-17    0
661    196    207    7.4731770815380048939e-06    9.5408833379359294865e-06    5.2054860228747451954e-06    5.3095957433322402808e-16    0
662    197    201    8.3392244368106069796e-06    7.2536503714160983393e-06    5.1655308052745392281e-06    5.1655308052745386788e-17    0
663    197    206    5.8973111111111040658e-06    4.0459999866767086454e-06    9.4465558212419380678e-06    1.4547695964712583702e-15    0
664    199    202    1.327525976336582212e-05    9.89479441661792131e-06    4.1630231133108340733e-06    4.2462835755770508577e-16    0
665    204    209    5.8856316616594265832e-06    5.1919241991671530694e-06    1.152766633884626749e-05    3.458299901653880219e-17    0
666    205    206    7.523682302777893064e-06    5.9047857163396314661e-06    9.791432740471235494e-06    1.7722493260252932449e-15    0
