207    0.00014999999999999998686    0.00014999999999999998686    0.00014999999999999998686
1    4.2999999999999994878e-05    4.999999999999999562e-05    9.9999999999999995475e-07    1    -1    1    0    1    
2    0.00011499999999999998993    5.3000000000000000778e-05    9.9999999999999995475e-07    1    -1    1    0    2    
3    9.9999999999999995475e-07    0.0001259999999999999998    9.9999999999999995475e-07    1    -1    1    0    3    
4    2.3000000000000000018e-05    0.00012899999999999999141    9.9999999999999995475e-07    1    -1    1    0    4    
5    0.00010600000000000000156    0.00014799999999999999246    9.9999999999999995475e-07    1    -1    1    0    5    
6    0.00013500000000000000173    3.999999999999999819e-06    3.000000000000000076e-06    4    -1    14    37    37    1    0    6    75    76    77    
7    5.6999999999999996362e-05    8.2000000000000000948e-05    3.000000000000000076e-06    6    -1    8    19    45    47    50    1    0    7    78    79    80    81    82    
8    4.4999999999999996058e-05    0.0001039999999999999936    3.999999999999999819e-06    4    -1    7    28    45    1    0    8    78    83    84    
9    2.799999999999999958e-05    0.00011199999999999999832    3.999999999999999819e-06    4    -1    16    29    45    1    0    9    85    86    87    
10    5.800000000000000034e-05    9.000000000000000228e-06    4.999999999999999562e-06    10    -1    17    17    25    35    35    44    44    44    48    1    0    10    88    89    90    91    92    93    94    95    96    
11    0.0001259999999999999998    3.3999999999999999732e-05    4.999999999999999562e-06    3    -1    37    42    1    0    11    97    98    
12    0.00013999999999999998774    0.00013199999999999998302    4.999999999999999562e-06    5    -1    33    36    38    54    1    0    12    99    100    101    102    
13    1.8999999999999997658e-05    0.00014400000000000000365    4.999999999999999562e-06    3    -1    30    34    1    0    13    103    104    
14    0.00014699999999999999525    7.999999999999999638e-06    6.999999999999999895e-06    2    6    37    0    0    75    105    
15    6.999999999999999895e-06    6.8999999999999996666e-05    6.999999999999999895e-06    7    -1    24    29    29    43    45    45    1    0    14    106    107    108    109    110    111    
16    3.999999999999999819e-06    0.0001039999999999999936    6.999999999999999895e-06    2    9    29    0    0    85    112    
17    1.6999999999999999866e-05    2.1999999999999999428e-05    9.000000000000000228e-06    9    -1    10    10    24    24    24    26    48    52    1    0    15    88    89    113    114    115    116    117    118    
18    0.00011100000000000000112    7.5999999999999990632e-05    9.000000000000000228e-06    6    -1    -1    23    27    32    88    1    0    16    17    119    120    121    122    
19    6.2999999999999999902e-05    6.5999999999999991508e-05    9.999999999999999124e-06    6    -1    7    35    43    47    50    1    0    18    79    123    124    125    126    
20    0.00014300000000000000645    7.7999999999999998588e-05    9.999999999999999124e-06    5    -1    32    33    36    42    1    0    19    127    128    129    130    
21    0.00010699999999999999876    9.999999999999999124e-05    9.999999999999999124e-06    4    -1    27    46    50    1    0    20    131    132    133    
22    0.00014899999999999998966    3.2999999999999995754e-05    1.0999999999999999714e-05    0    0    0    
23    8.4999999999999992554e-05    4.3999999999999998856e-05    1.0999999999999999714e-05    5    -1    18    25    49    49    1    0    21    119    134    135    136    
24    1.4999999999999998686e-05    5.4999999999999995182e-05    1.0999999999999999714e-05    7    -1    15    17    17    17    43    45    1    0    22    106    113    114    115    137    138    
25    9.6000000000000002432e-05    2.3000000000000000018e-05    1.2000000000000000304e-05    8    -1    -1    10    23    31    37    44    88    1    0    23    24    90    134    139    140    141    142    
26    3.3999999999999999732e-05    3.9999999999999996496e-05    1.29999999999999992e-05    2    17    43    0    0    116    143    
27    0.0001029999999999999964    8.8999999999999994914e-05    1.399999999999999979e-05    7    -1    18    21    36    40    40    88    1    0    25    120    131    144    145    146    147    
28    5.4999999999999995182e-05    0.00011100000000000000112    1.4999999999999998686e-05    6    8    47    47    50    50    61    0    0    83    148    149    150    151    152    
29    2.3000000000000000018e-05    0.0001029999999999999964    1.6999999999999999866e-05    6    9    15    15    16    45    56    0    0    86    107    108    112    153    154    
30    4.1999999999999997676e-05    0.00013599999999999999893    1.6999999999999999866e-05    7    -1    13    51    56    62    74    87    1    0    26    103    155    156    157    158    159    
31    0.00010600000000000000156    7.999999999999999638e-06    1.8000000000000000456e-05    5    25    37    44    64    68    0    0    139    160    161    162    163    
32    0.00013300000000000000732    7.2000000000000001824e-05    1.8000000000000000456e-05    7    18    20    36    53    53    88    88    0    0    121    127    164    165    166    167    168    
33    0.00014099999999999998494    0.00010999999999999999036    1.8999999999999997658e-05    16    -1    12    20    36    36    41    46    54    84    84    84    84    100    100    115    115    1    0    27    99    128    169    170    171    172    173    174    175    176    177    178    179    180    181    
34    4.999999999999999562e-06    0.00014400000000000000365    1.8999999999999997658e-05    2    13    51    0    0    104    182    
35    6.3999999999999997104e-05    4.1999999999999997676e-05    1.9999999999999998248e-05    6    -1    10    10    19    44    49    1    0    28    91    92    123    183    184    
36    0.00012999999999999998861    0.00010799999999999999596    1.9999999999999998248e-05    10    -1    -1    12    20    27    32    33    33    38    46    1    0    29    30    100    129    144    164    169    170    185    186    
37    0.00013599999999999999893    2.499999999999999781e-05    2.0999999999999998838e-05    11    -1    6    6    11    14    25    31    42    60    68    80    1    0    31    76    77    97    105    140    160    187    188    189    190    
38    0.00011899999999999999229    0.00014199999999999998214    2.0999999999999998838e-05    7    -1    12    36    41    46    54    57    1    0    32    101    185    191    192    193    194    
39    0    1.399999999999999979e-05    2.1999999999999999428e-05    0    0    0    
40    8.4999999999999992554e-05    9.4999999999999991678e-05    2.1999999999999999428e-05    4    27    27    50    79    0    0    145    146    195    196    
41    0.00013500000000000000173    0.00012699999999999999701    2.3000000000000000018e-05    4    33    38    54    54    0    0    171    191    197    198    
42    0.00013999999999999998774    3.8999999999999999294e-05    2.4000000000000000608e-05    5    -1    11    20    37    76    1    0    33    98    130    187    199    
43    1.2000000000000000304e-05    5.6999999999999996362e-05    2.4000000000000000608e-05    11    15    19    24    26    45    52    63    63    77    78    92    0    0    109    124    137    143    200    201    202    203    204    205    206    
44    6.7000000000000002262e-05    1.9999999999999998248e-05    2.499999999999999781e-05    13    -1    10    10    10    25    31    35    55    55    58    66    78    78    1    0    34    93    94    95    141    161    183    207    208    209    210    211    212    
45    2.499999999999999781e-05    8.5999999999999989756e-05    2.499999999999999781e-05    14    -1    7    8    9    15    15    24    29    43    47    47    63    69    82    1    0    35    80    84    87    110    111    138    153    200    213    214    215    216    217    
46    9.7999999999999996836e-05    0.00013599999999999999893    2.499999999999999781e-05    10    -1    21    33    36    38    50    57    57    74    84    1    0    36    132    172    186    192    218    219    220    221    222    
47    5.8999999999999997542e-05    8.9999999999999992116e-05    2.59999999999999984e-05    11    7    19    28    28    45    45    50    50    67    69    69    0    0    81    125    148    149    213    214    223    224    225    226    227    
48    3.2999999999999995754e-05    1.8000000000000000456e-05    2.799999999999999958e-05    4    10    17    52    72    0    0    96    117    228    229    
49    7.899999999999999579e-05    4.8000000000000001216e-05    2.799999999999999958e-05    4    23    23    35    88    0    0    135    136    184    230    
50    7.9999999999999992992e-05    0.0001250000000000000026    2.799999999999999958e-05    14    -1    -1    7    19    21    28    28    40    46    47    47    74    87    87    1    0    37    38    82    126    133    150    151    195    218    223    224    231    232    233    
51    1.2000000000000000304e-05    0.00014199999999999998214    2.799999999999999958e-05    6    30    34    56    62    73    73    0    0    155    182    234    235    236    237    
52    2.799999999999999958e-05    2.799999999999999958e-05    2.900000000000000017e-05    6    17    43    48    78    91    91    0    0    118    201    228    238    239    240    
53    0.00011600000000000000068    6.0999999999999998722e-05    2.900000000000000017e-05    3    32    32    88    0    0    165    166    241    
54    0.00013199999999999998302    0.00013899999999999999053    3.100000000000000135e-05    7    12    33    38    41    41    84    84    0    0    102    173    193    197    198    242    243    
55    8.4999999999999992554e-05    2.59999999999999984e-05    3.1999999999999998552e-05    3    44    44    78    0    0    207    208    244    
56    6.000000000000000152e-06    0.00011699999999999999788    3.3999999999999999732e-05    7    29    30    51    59    81    82    87    0    0    154    156    234    245    246    247    248    
57    0.00010799999999999999596    0.00014300000000000000645    3.4999999999999996934e-05    5    38    46    46    84    95    0    0    194    219    220    249    250    
58    7.3999999999999996228e-05    6.000000000000000152e-06    3.6000000000000000912e-05    5    44    78    78    83    103    0    0    209    251    252    253    254    
59    1.9999999999999998248e-05    0.00010600000000000000156    3.6999999999999998114e-05    1    56    0    0    245    
60    0.00014400000000000000365    1.5999999999999999276e-05    3.7999999999999995316e-05    4    37    64    80    96    0    0    188    255    256    257    
61    4.6000000000000000036e-05    0.00011899999999999999229    3.7999999999999995316e-05    2    28    87    0    0    152    258    
62    4.6999999999999997238e-05    0.00014099999999999998494    3.8999999999999999294e-05    5    30    51    73    74    87    0    0    157    235    259    260    261    
63    2.900000000000000017e-05    7.2999999999999999026e-05    3.9999999999999996496e-05    6    43    43    45    67    77    89    0    0    202    203    215    262    263    264    
64    0.00012699999999999999701    3.000000000000000076e-06    4.1000000000000000474e-05    4    31    60    80    96    0    0    162    255    265    266    
65    6.000000000000000152e-06    4.999999999999999562e-06    4.1000000000000000474e-05    2    72    75    0    0    267    268    
66    6.8999999999999996666e-05    3.9999999999999996496e-05    4.1000000000000000474e-05    2    44    78    0    0    210    269    
67    4.4999999999999996058e-05    8.299999999999999815e-05    4.1000000000000000474e-05    5    47    63    69    79    89    0    0    225    262    270    271    272    
68    0.00011100000000000000112    1.5999999999999999276e-05    4.2999999999999994878e-05    4    31    37    80    83    0    0    163    189    273    274    
69    4.6999999999999997238e-05    9.7999999999999996836e-05    4.2999999999999994878e-05    10    45    47    47    67    79    86    86    87    89    112    0    0    216    226    227    270    275    276    277    278    279    280    
70    6.999999999999999895e-06    7.099999999999999107e-05    4.3999999999999998856e-05    2    77    89    0    0    281    282    
71    7.499999999999999343e-05    6.0999999999999998722e-05    4.4999999999999996058e-05    0    0    0    
72    2.699999999999999899e-05    4.999999999999999562e-06    4.6000000000000000036e-05    2    48    65    0    0    229    267    
73    1.4999999999999998686e-05    0.00013899999999999999053    4.6000000000000000036e-05    7    51    51    62    81    87    107    107    0    0    236    237    259    283    284    285    286    
74    6.2999999999999999902e-05    0.00013699999999999999613    4.6999999999999997238e-05    8    30    46    50    62    87    95    101    111    0    0    158    221    231    260    287    288    289    290    
75    1.9999999999999999095e-06    2.4000000000000000608e-05    4.8000000000000001216e-05    1    65    0    0    268    
76    0.00014599999999999999805    5.599999999999999916e-05    4.8000000000000001216e-05    3    42    88    97    0    0    199    291    292    
77    1.399999999999999979e-05    7.099999999999999107e-05    5.0999999999999999598e-05    5    43    63    70    89    92    0    0    204    263    281    293    294    
78    5.0999999999999999598e-05    2.900000000000000017e-05    5.19999999999999968e-05    14    43    44    44    52    55    58    58    66    85    88    91    94    108    124    0    0    205    211    212    238    244    251    252    269    295    296    297    298    299    300    
79    6.9999999999999993868e-05    8.700000000000000051e-05    5.19999999999999968e-05    4    40    67    69    86    0    0    196    271    275    301    
80    0.00012100000000000000024    2.0999999999999998838e-05    5.3000000000000000778e-05    9    37    60    64    68    83    88    93    96    96    0    0    190    256    265    273    302    303    304    305    306    
81    4.999999999999999562e-06    0.00011999999999999998949    5.399999999999999798e-05    3    56    73    82    0    0    246    283    307    
82    1.4999999999999998686e-05    0.00010999999999999999036    5.4999999999999995182e-05    5    45    56    81    87    89    0    0    217    247    307    308    309    
83    9.2000000000000000072e-05    4.999999999999999562e-06    5.599999999999999916e-05    6    58    68    80    93    104    104    0    0    253    274    302    310    311    312    
84    0.00013300000000000000732    0.00013899999999999999053    5.599999999999999916e-05    14    33    33    33    33    46    54    54    57    88    95    100    100    110    122    0    0    174    175    176    177    222    242    243    249    313    314    315    316    317    318    
85    3.4999999999999996934e-05    5.6999999999999996362e-05    5.6999999999999996362e-05    4    78    92    94    98    0    0    295    319    320    321    
86    7.2999999999999999026e-05    9.6000000000000002432e-05    5.6999999999999996362e-05    6    69    69    79    90    110    112    0    0    276    277    301    322    323    324    
87    4.6999999999999997238e-05    0.00012899999999999999141    5.800000000000000034e-05    16    30    50    50    56    61    62    69    73    74    82    101    107    107    107    111    112    0    0    159    232    233    248    258    261    278    284    287    308    325    326    327    328    329    330    
88    0.00011399999999999999272    5.800000000000000034e-05    5.9999999999999994744e-05    25    18    25    27    32    32    49    53    76    78    80    84    90    93    93    97    105    108    110    115    115    116    118    118    124    133    0    0    122    142    147    167    168    230    241    291    296    303    313    331    332    333    334    335    336    337    338    339    340    341    342    343    344    
89    7.999999999999999638e-06    8.299999999999999815e-05    5.9999999999999994744e-05    9    63    67    69    70    77    82    99    112    121    0    0    264    272    279    282    293    309    345    346    347    
90    8.8999999999999994914e-05    8.8999999999999994914e-05    6.0999999999999998722e-05    4    86    88    105    110    0    0    322    331    348    349    
91    2.59999999999999984e-05    2.59999999999999984e-05    6.20000000000000027e-05    4    52    52    78    94    0    0    239    240    297    350    
92    1.4999999999999998686e-05    5.6999999999999996362e-05    6.4999999999999994306e-05    6    43    77    85    94    94    98    0    0    206    294    319    351    352    353    
93    0.0001259999999999999998    3.7999999999999995316e-05    6.5999999999999991508e-05    6    80    83    88    88    96    116    0    0    304    310    332    333    354    355    
94    1.399999999999999979e-05    4.1999999999999997676e-05    6.5999999999999991508e-05    8    78    85    91    92    92    98    98    113    0    0    298    320    350    351    352    356    357    358    
95    9.3999999999999994476e-05    0.00013999999999999998774    6.7000000000000002262e-05    7    57    74    84    111    119    122    132    0    0    250    288    314    359    360    361    362    
96    0.00013099999999999998581    1.0999999999999999714e-05    6.8999999999999996666e-05    8    60    64    80    80    93    124    129    137    0    0    257    266    305    306    354    363    364    365    
97    0.00013599999999999999893    7.899999999999999579e-05    6.9999999999999993868e-05    7    76    88    115    115    118    118    118    0    0    292    334    366    367    368    369    370    
98    2.4000000000000000608e-05    6.5999999999999991508e-05    7.2000000000000001824e-05    5    85    92    94    94    112    0    0    321    353    356    357    371    
99    3.000000000000000076e-06    0.00010799999999999999596    7.2000000000000001824e-05    2    89    107    0    0    345    372    
100    0.00014300000000000000645    0.0001259999999999999998    7.2999999999999999026e-05    9    33    33    84    84    110    115    115    127    128    0    0    178    179    315    316    373    374    375    376    377    
101    4.8999999999999998418e-05    0.00014400000000000000365    7.2999999999999999026e-05    3    74    87    126    0    0    289    325    378    
102    0.00014899999999999998966    2.699999999999999899e-05    7.3999999999999996228e-05    0    0    0    
103    7.899999999999999579e-05    1.8999999999999997658e-05    7.5999999999999990632e-05    5    58    104    124    125    125    0    0    254    379    380    381    382    
104    9.0999999999999989318e-05    3.000000000000000076e-06    7.7999999999999998588e-05    4    83    83    103    120    0    0    311    312    379    383    
105    6.9999999999999993868e-05    7.2000000000000001824e-05    7.7999999999999998588e-05    7    88    90    108    110    130    133    133    0    0    335    348    384    385    386    387    388    
106    0.00014899999999999998966    8.8999999999999994914e-05    7.7999999999999998588e-05    0    0    0    
107    2.4000000000000000608e-05    0.0001259999999999999998    7.7999999999999998588e-05    12    73    73    87    87    87    99    112    117    126    138    138    142    0    0    285    286    326    327    328    372    389    390    391    392    393    394    
108    7.899999999999999579e-05    5.800000000000000034e-05    7.9999999999999992992e-05    8    78    88    105    118    124    125    130    130    0    0    299    336    384    395    396    397    398    399    
109    1.0999999999999999714e-05    9.999999999999999124e-05    7.9999999999999992992e-05    4    112    117    121    142    0    0    400    401    402    403    
110    0.0001240000000000000054    0.00011299999999999999552    7.9999999999999992992e-05    11    84    86    88    90    100    105    112    115    119    128    133    0    0    317    323    337    349    373    385    404    405    406    407    408    
111    6.3999999999999997104e-05    0.00012199999999999999744    7.9999999999999992992e-05    6    74    87    95    112    119    123    0    0    290    329    359    409    410    411    
112    5.6999999999999996362e-05    0.0001029999999999999964    8.2000000000000000948e-05    16    69    86    87    89    98    107    109    110    111    117    117    119    123    140    140    149    0    0    280    324    330    346    371    389    400    404    409    412    413    414    415    416    417    418    
113    6.999999999999999895e-06    2.59999999999999984e-05    8.299999999999999815e-05    2    94    134    0    0    358    419    
114    3.9999999999999996496e-05    9.000000000000000228e-06    8.3999999999999995352e-05    7    125    125    134    134    143    143    145    0    0    420    421    422    423    424    425    426    
115    0.00012299999999999998109    9.0999999999999989318e-05    8.3999999999999995352e-05    17    33    33    88    88    97    97    100    100    110    118    119    128    128    133    152    157    170    0    0    180    181    338    339    366    367    374    375    405    427    428    429    430    431    432    433    434    
116    0.00013199999999999998302    4.4999999999999996058e-05    8.4999999999999992554e-05    4    88    93    118    137    0    0    340    355    435    436    
117    1.9999999999999998248e-05    0.00010699999999999999876    8.5999999999999989756e-05    9    107    109    112    112    126    138    140    140    142    0    0    390    401    412    413    437    438    439    440    441    
118    0.00011999999999999998949    5.19999999999999968e-05    8.700000000000000051e-05    14    88    88    97    97    97    108    115    116    124    129    133    136    137    147    0    0    341    342    368    369    370    395    427    435    442    443    444    445    446    447    
119    8.7999999999999997712e-05    0.00011499999999999998993    8.7999999999999997712e-05    8    95    110    111    112    115    122    123    149    0    0    360    406    410    414    428    448    449    450    
120    0.00011899999999999999229    3.999999999999999819e-06    8.8999999999999994914e-05    3    104    129    129    0    0    383    451    452    
121    6.000000000000000152e-06    7.7999999999999998588e-05    8.8999999999999994914e-05    3    89    109    141    0    0    347    402    453    
122    0.00011399999999999999272    0.00014199999999999998214    8.8999999999999994914e-05    5    84    95    119    128    132    0    0    318    361    448    454    455    
123    6.20000000000000027e-05    0.0001250000000000000026    8.9999999999999992116e-05    6    111    112    119    126    131    156    0    0    411    415    449    456    457    458    
124    9.0999999999999989318e-05    2.9999999999999997372e-05    9.0999999999999989318e-05    14    78    88    96    103    108    118    125    125    129    136    136    136    136    146    0    0    300    343    363    380    396    442    459    460    461    462    463    464    465    466    
125    6.8999999999999996666e-05    3.4999999999999996934e-05    9.0999999999999989318e-05    14    103    103    108    114    114    124    124    130    143    144    145    146    146    151    0    0    381    382    397    420    421    459    460    467    468    469    470    471    472    473    
126    4.6000000000000000036e-05    0.00013500000000000000173    9.2999999999999997274e-05    6    101    107    117    123    138    156    0    0    378    391    437    456    474    475    
127    0.00014699999999999999525    0.00014699999999999999525    9.2999999999999997274e-05    1    100    0    0    376    
128    0.00012999999999999998861    0.00012299999999999998109    9.3999999999999994476e-05    7    100    110    115    115    122    155    170    0    0    377    407    429    430    454    476    477    
129    0.00011499999999999998993    1.8000000000000000456e-05    9.4999999999999991678e-05    10    96    118    120    120    124    136    146    163    164    174    0    0    364    443    451    452    461    478    479    480    481    482    
130    7.499999999999999343e-05    6.7000000000000002262e-05    9.6000000000000002432e-05    8    105    108    108    125    133    139    151    154    0    0    386    398    399    467    483    484    485    486    
131    6.5999999999999991508e-05    0.00011899999999999999229    9.7999999999999996836e-05    2    123    149    0    0    457    487    
132    8.5999999999999989756e-05    0.00014400000000000000365    9.7999999999999996836e-05    5    95    122    156    156    158    0    0    362    455    488    489    490    
133    9.999999999999999124e-05    7.5999999999999990632e-05    9.8999999999999994038e-05    10    88    105    105    110    115    118    130    147    154    157    0    0    344    387    388    408    431    444    483    491    492    493    
134    6.999999999999999895e-06    1.2000000000000000304e-05    9.999999999999999124e-05    4    113    114    114    193    0    0    419    422    423    494    
135    9.6000000000000002432e-05    0    0.00010100000000000000199    0    0    0    
136    0.00011299999999999999552    3.2999999999999995754e-05    0.00010100000000000000199    9    118    124    124    124    124    129    137    147    182    0    0    445    462    463    464    465    478    495    496    497    
137    0.00014500000000000000085    3.3999999999999999732e-05    0.00010100000000000000199    4    96    116    118    136    0    0    365    436    446    495    
138    2.900000000000000017e-05    0.00013400000000000000452    0.00010100000000000000199    10    107    107    117    126    142    148    156    160    161    179    0    0    392    393    438    474    498    499    500    501    502    503    
139    5.0999999999999999598e-05    7.899999999999999579e-05    0.0001019999999999999992    3    130    140    154    0    0    484    504    505    
140    4.4999999999999996058e-05    0.0001029999999999999964    0.0001039999999999999936    9    112    112    117    117    139    149    153    161    173    0    0    416    417    439    440    504    506    507    508    509    
141    1.29999999999999992e-05    5.399999999999999798e-05    0.00010600000000000000156    3    121    166    169    0    0    453    510    511    
142    6.999999999999999895e-06    0.00011399999999999999272    0.00010600000000000000156    4    107    109    117    138    0    0    394    403    441    498    
143    5.9999999999999994744e-05    1.4999999999999998686e-05    0.00010699999999999999876    7    114    114    125    146    146    150    174    0    0    424    425    468    512    513    514    515    
144    4.4999999999999996058e-05    3.3999999999999999732e-05    0.00010699999999999999876    2    125    150    0    0    469    516    
145    3.4999999999999996934e-05    5.399999999999999798e-05    0.00010699999999999999876    4    114    125    169    176    0    0    426    470    517    518    
146    7.9999999999999992992e-05    2.9999999999999997372e-05    0.00010899999999999999316    9    124    125    125    129    143    143    151    167    174    0    0    466    471    472    479    512    513    519    520    521    
147    0.00012299999999999998109    6.5999999999999991508e-05    0.00010899999999999999316    5    118    133    136    152    157    0    0    447    491    496    522    523    
148    3.999999999999999819e-06    0.00014500000000000000085    0.00010999999999999999036    2    138    171    0    0    499    524    
149    6.9999999999999993868e-05    0.00011299999999999999552    0.00011100000000000000112    7    112    119    131    140    154    156    178    0    0    418    450    487    506    525    526    527    
150    5.800000000000000034e-05    2.9999999999999997372e-05    0.00011199999999999999832    3    143    144    159    0    0    514    516    528    
151    8.299999999999999815e-05    6.20000000000000027e-05    0.00011299999999999999552    7    125    130    146    154    159    180    196    0    0    473    485    519    529    530    531    532    
152    0.00014400000000000000365    7.9999999999999992992e-05    0.00011299999999999999552    3    115    147    184    0    0    432    522    533    
153    1.6999999999999999866e-05    8.5999999999999989756e-05    0.00011299999999999999552    2    140    166    0    0    507    534    
154    7.2000000000000001824e-05    8.8999999999999994914e-05    0.00011299999999999999552    7    130    133    139    149    151    178    178    0    0    486    492    505    525    529    535    536    
155    0.00014199999999999998214    0.00012899999999999999141    0.00011299999999999999552    4    128    170    170    185    0    0    476    537    538    539    
156    5.8999999999999997542e-05    0.00013400000000000000452    0.00011299999999999999552    9    123    126    132    132    138    149    158    160    161    0    0    458    475    488    489    500    526    540    541    542    
157    0.00011299999999999999552    8.8999999999999994914e-05    0.00011399999999999999272    7    115    133    147    170    182    201    201    0    0    433    493    523    543    544    545    546    
158    8.7999999999999997712e-05    0.00014500000000000000085    0.00011399999999999999272    3    132    156    183    0    0    490    540    547    
159    6.8999999999999996666e-05    4.2999999999999994878e-05    0.00011699999999999999788    5    150    151    172    172    177    0    0    528    530    548    549    550    
160    5.0999999999999999598e-05    0.00014099999999999998494    0.00011799999999999999508    12    138    156    161    171    173    178    179    186    191    191    191    191    0    0    501    541    551    552    553    554    555    556    557    558    559    560    
161    4.2999999999999994878e-05    0.00012199999999999999744    0.00011899999999999999229    6    138    140    156    160    173    179    0    0    502    508    542    551    561    562    
162    1.5999999999999999276e-05    0.00013699999999999999613    0.00011899999999999999229    0    0    0    
163    0.00014400000000000000365    3.999999999999999819e-06    0.00012199999999999999744    4    129    181    194    198    0    0    480    563    564    565    
164    0.00012299999999999998109    1.4999999999999998686e-05    0.00012199999999999999744    2    129    168    0    0    481    566    
165    3.6999999999999998114e-05    6.999999999999999895e-06    0.00012299999999999998109    5    172    174    174    193    197    0    0    567    568    569    570    571    
166    6.999999999999999895e-06    7.2000000000000001824e-05    0.00012299999999999998109    6    141    153    169    176    192    192    0    0    510    534    572    573    574    575    
167    8.700000000000000051e-05    2.1999999999999999428e-05    0.0001250000000000000026    4    146    174    177    194    0    0    520    576    577    578    
168    0.00012799999999999999421    3.2999999999999995754e-05    0.0001259999999999999998    5    164    181    181    182    194    0    0    566    579    580    581    582    
169    2.699999999999999899e-05    5.0999999999999999598e-05    0.0001259999999999999998    7    141    145    166    172    176    189    189    0    0    511    517    572    583    584    585    586    
170    0.0001259999999999999998    0.0001029999999999999964    0.0001259999999999999998    15    0    0    115    128    155    155    157    178    178    185    185    185    187    187    190    0    1    39    40    434    477    537    538    543    587    588    589    590    591    592    593    594    
171    1.5999999999999999276e-05    0.00014199999999999998214    0.00012699999999999999701    5    148    160    179    204    204    0    0    524    552    595    596    597    
172    3.8999999999999999294e-05    3.4999999999999996934e-05    0.00012799999999999999421    9    159    159    165    169    174    176    177    180    188    0    0    548    549    567    583    598    599    600    601    602    
173    3.7999999999999995316e-05    0.0001019999999999999992    0.00012799999999999999421    7    140    160    161    178    179    186    192    0    0    509    553    561    603    604    605    606    
174    7.2000000000000001824e-05    7.999999999999999638e-06    0.00013099999999999998581    14    0    129    143    146    165    165    167    172    177    188    194    194    197    197    0    1    41    482    515    521    568    569    576    598    607    608    609    610    611    612    
175    0    2.0999999999999998838e-05    0.00013099999999999998581    0    0    0    
176    3.6000000000000000912e-05    5.8999999999999997542e-05    0.00013099999999999998581    10    145    166    169    172    178    189    192    195    196    196    0    0    518    573    584    599    613    614    615    616    617    618    
177    6.2999999999999999902e-05    3.6000000000000000912e-05    0.00013199999999999998302    5    159    167    172    174    203    0    0    550    577    600    607    619    
178    7.7999999999999998588e-05    0.0001019999999999999992    0.00013199999999999998302    12    149    154    154    160    170    170    173    176    186    190    196    202    0    0    527    535    536    554    587    588    603    613    620    621    622    623    
179    1.4999999999999998686e-05    0.00011399999999999999272    0.00013199999999999998302    6    138    160    161    171    173    204    0    0    503    555    562    595    604    624    
180    7.499999999999999343e-05    5.6999999999999996362e-05    0.00013500000000000000173    6    0    151    172    195    196    203    0    1    42    531    601    625    626    627    
181    0.00014300000000000000645    3.6999999999999998114e-05    0.00013599999999999999893    8    163    168    168    198    199    206    206    206    0    0    563    579    580    628    629    630    631    632    
182    0.0001019999999999999992    4.6999999999999997238e-05    0.00013599999999999999893    11    0    0    136    157    168    194    199    200    201    201    201    0    1    43    44    497    544    581    633    634    635    636    637    638    
183    8.3999999999999995352e-05    0.00014400000000000000365    0.00013599999999999999893    3    158    190    191    0    0    547    639    640    
184    0.00014400000000000000365    6.9999999999999993868e-05    0.00013699999999999999613    3    0    152    199    0    1    45    533    641    
185    0.00014099999999999998494    0.00013799999999999999333    0.00013799999999999999333    5    0    155    170    170    170    0    1    46    539    589    590    591    
186    4.999999999999999562e-05    0.00010699999999999999876    0.00013899999999999999053    6    0    160    173    178    189    192    0    1    47    556    605    620    642    643    
187    0.00013999999999999998774    9.2000000000000000072e-05    0.00014099999999999998494    2    170    170    0    0    592    593    
188    1.399999999999999979e-05    1.4999999999999998686e-05    0.00014199999999999998214    6    0    0    172    174    189    193    0    1    48    49    602    608    644    645    
189    3.1999999999999998552e-05    6.0999999999999998722e-05    0.00014199999999999998214    9    0    169    169    176    186    188    192    195    196    0    1    50    585    586    614    642    644    646    647    648    
190    8.5999999999999989756e-05    0.00011799999999999999508    0.00014199999999999998214    5    0    170    178    183    191    0    1    51    594    621    639    649    
191    6.0999999999999998722e-05    0.00013599999999999999893    0.00014199999999999998214    11    0    0    0    0    160    160    160    160    183    190    205    0    1    52    53    54    55    557    558    559    560    640    649    650    
192    1.2000000000000000304e-05    8.299999999999999815e-05    0.00014300000000000000645    9    0    0    0    166    166    173    176    186    189    0    1    56    57    58    574    575    606    615    643    646    
193    4.999999999999999562e-06    3.999999999999999819e-06    0.00014400000000000000365    5    0    134    165    188    197    0    1    59    494    570    645    651    
194    0.0001019999999999999992    1.9999999999999998248e-05    0.00014400000000000000365    10    0    163    167    168    174    174    182    198    198    199    0    1    60    564    578    582    609    610    633    652    653    654    
195    5.399999999999999798e-05    5.4999999999999995182e-05    0.00014400000000000000365    5    0    176    180    189    196    0    1    61    616    625    647    655    
196    6.8999999999999996666e-05    6.5999999999999991508e-05    0.00014400000000000000365    9    0    151    176    176    178    180    189    195    202    0    1    62    532    617    618    622    626    648    655    656    
197    3.2999999999999995754e-05    3.000000000000000076e-06    0.00014500000000000000085    6    0    0    165    174    174    193    0    1    63    64    571    611    612    651    
198    0.00012999999999999998861    4.999999999999999562e-06    0.00014500000000000000085    5    0    163    181    194    194    0    1    65    565    628    652    653    
199    0.00014400000000000000365    4.3999999999999998856e-05    0.00014500000000000000085    6    0    181    182    184    194    206    0    1    66    629    634    641    654    657    
200    9.4999999999999991678e-05    4.8000000000000001216e-05    0.00014500000000000000085    3    0    182    203    0    1    67    635    658    
201    0.0001019999999999999992    7.899999999999999579e-05    0.00014500000000000000085    7    0    157    157    182    182    182    202    0    1    68    545    546    636    637    638    659    
202    7.899999999999999579e-05    8.2000000000000000948e-05    0.00014500000000000000085    4    0    178    196    201    0    1    69    623    656    659    
203    7.3999999999999996228e-05    4.3999999999999998856e-05    0.00014599999999999999805    4    0    177    180    200    0    1    70    619    627    658    
204    6.000000000000000152e-06    0.00012999999999999998861    0.00014599999999999999805    5    0    171    171    179    205    0    1    71    596    597    624    660    
205    3.1999999999999998552e-05    0.00013999999999999998774    0.00014799999999999999246    3    0    191    204    0    1    72    650    660    
206    0.00014799999999999999246    2.3000000000000000018e-05    0.00014899999999999998966    5    0    181    181    181    199    0    1    73    630    631    632    657    
207    0.00012199999999999999744    6.0999999999999998722e-05    0.00014999999999999998686    1    0    0    1    74    
