66    9.999999999999999124e-05    9.999999999999999124e-05    9.999999999999999124e-05
1    4.1000000000000000474e-05    9.9999999999999995475e-07    9.9999999999999995475e-07    1    -1    1    0    1    
2    9.9999999999999995475e-07    7.5999999999999990632e-05    9.9999999999999995475e-07    1    -1    1    0    2    
3    2.3000000000000000018e-05    7.899999999999999579e-05    9.9999999999999995475e-07    1    -1    1    0    3    
4    5.6999999999999996362e-05    3.1999999999999998552e-05    3.000000000000000076e-06    6    -1    5    13    21    22    23    1    0    4    37    38    39    40    41    
5    4.4999999999999996058e-05    5.399999999999999798e-05    3.999999999999999819e-06    4    -1    4    15    21    1    0    5    37    42    43    
6    2.799999999999999958e-05    6.20000000000000027e-05    3.999999999999999819e-06    4    -1    10    16    21    1    0    6    44    45    46    
7    1.8999999999999997658e-05    9.3999999999999994476e-05    4.999999999999999562e-06    3    -1    17    18    1    0    7    47    48    
8    9.4999999999999991678e-05    1.29999999999999992e-05    6.999999999999999895e-06    2    -1    32    1    0    8    49    
9    6.999999999999999895e-06    1.8999999999999997658e-05    6.999999999999999895e-06    7    -1    11    16    16    20    21    21    1    0    9    50    51    52    53    54    55    
10    3.999999999999999819e-06    5.399999999999999798e-05    6.999999999999999895e-06    2    6    16    0    0    44    56    
11    1.29999999999999992e-05    6.999999999999999895e-06    7.999999999999999638e-06    4    -1    9    20    21    1    0    10    50    57    58    
12    9.8999999999999994038e-05    4.999999999999999562e-05    7.999999999999999638e-06    0    0    0    
13    6.2999999999999999902e-05    1.5999999999999999276e-05    9.999999999999999124e-06    5    -1    4    20    22    23    1    0    11    38    59    60    61    
14    9.4999999999999991678e-05    3.6000000000000000912e-05    1.2000000000000000304e-05    3    -1    19    19    1    0    12    62    63    
15    5.4999999999999995182e-05    6.0999999999999998722e-05    1.4999999999999998686e-05    6    5    22    22    23    23    27    0    0    42    64    65    66    67    68    
16    2.3000000000000000018e-05    5.3000000000000000778e-05    1.6999999999999999866e-05    6    6    9    9    10    21    25    0    0    45    51    52    56    69    70    
17    4.1999999999999997676e-05    8.5999999999999989756e-05    1.6999999999999999866e-05    7    -1    7    24    25    28    36    44    1    0    13    47    71    72    73    74    75    
18    4.999999999999999562e-06    9.3999999999999994476e-05    1.8999999999999997658e-05    2    7    24    0    0    48    76    
19    8.4999999999999992554e-05    4.4999999999999996058e-05    2.1999999999999999428e-05    4    14    14    23    38    0    0    62    63    77    78    
20    1.2000000000000000304e-05    6.999999999999999895e-06    2.4000000000000000608e-05    8    9    11    13    21    29    29    37    47    0    0    53    57    59    79    80    81    82    83    
21    2.499999999999999781e-05    3.6000000000000000912e-05    2.499999999999999781e-05    14    -1    4    5    6    9    9    11    16    20    22    22    29    31    41    1    0    14    39    43    46    54    55    58    69    79    84    85    86    87    88    
22    5.8999999999999997542e-05    3.9999999999999996496e-05    2.59999999999999984e-05    11    4    13    15    15    21    21    23    23    30    31    31    0    0    40    60    64    65    84    85    89    90    91    92    93    
23    7.9999999999999992992e-05    7.499999999999999343e-05    2.799999999999999958e-05    14    -1    -1    -1    4    13    15    15    19    22    22    36    36    44    44    1    0    15    16    17    41    61    66    67    77    89    90    94    95    96    97    
24    1.2000000000000000304e-05    9.2000000000000000072e-05    2.799999999999999958e-05    6    17    18    25    28    35    35    0    0    71    76    98    99    100    101    
25    6.000000000000000152e-06    6.7000000000000002262e-05    3.3999999999999999732e-05    7    16    17    24    26    40    41    44    0    0    70    72    98    102    103    104    105    
26    1.9999999999999998248e-05    5.599999999999999916e-05    3.6999999999999998114e-05    1    25    0    0    102    
27    4.6000000000000000036e-05    6.8999999999999996666e-05    3.7999999999999995316e-05    2    15    44    0    0    68    106    
28    4.6999999999999997238e-05    9.0999999999999989318e-05    3.8999999999999999294e-05    5    17    24    35    36    44    0    0    73    99    107    108    109    
29    2.900000000000000017e-05    2.3000000000000000018e-05    3.9999999999999996496e-05    6    20    20    21    30    37    45    0    0    80    81    86    110    111    112    
30    4.4999999999999996058e-05    3.2999999999999995754e-05    4.1000000000000000474e-05    5    22    29    31    38    45    0    0    91    110    113    114    115    
31    4.6999999999999997238e-05    4.8000000000000001216e-05    4.2999999999999994878e-05    10    21    22    22    30    38    43    43    44    45    56    0    0    87    92    93    113    116    117    118    119    120    121    
32    9.3999999999999994476e-05    4.999999999999999562e-06    4.3999999999999998856e-05    1    8    0    0    49    
33    6.999999999999999895e-06    2.0999999999999998838e-05    4.3999999999999998856e-05    2    37    45    0    0    122    123    
34    7.499999999999999343e-05    1.0999999999999999714e-05    4.4999999999999996058e-05    0    0    0    
35    1.4999999999999998686e-05    8.8999999999999994914e-05    4.6000000000000000036e-05    7    24    24    28    40    44    52    52    0    0    100    101    107    124    125    126    127    
36    6.2999999999999999902e-05    8.700000000000000051e-05    4.6999999999999997238e-05    9    17    23    23    28    44    50    55    59    63    0    0    74    94    95    108    128    129    130    131    132    
37    1.399999999999999979e-05    2.0999999999999998838e-05    5.0999999999999999598e-05    5    20    29    33    45    47    0    0    82    111    122    133    134    
38    6.9999999999999993868e-05    3.6999999999999998114e-05    5.19999999999999968e-05    4    19    30    31    43    0    0    78    114    116    135    
39    9.6999999999999999634e-05    5.3000000000000000778e-05    5.399999999999999798e-05    1    46    0    0    136    
40    4.999999999999999562e-06    6.9999999999999993868e-05    5.399999999999999798e-05    3    25    35    41    0    0    103    124    137    
41    1.4999999999999998686e-05    5.9999999999999994744e-05    5.4999999999999995182e-05    5    21    25    40    44    45    0    0    88    104    137    138    139    
42    3.4999999999999996934e-05    6.999999999999999895e-06    5.6999999999999996362e-05    2    47    48    0    0    140    141    
43    7.2999999999999999026e-05    4.6000000000000000036e-05    5.6999999999999996362e-05    6    31    31    38    46    56    59    0    0    117    118    135    142    143    144    
44    4.6999999999999997238e-05    7.899999999999999579e-05    5.800000000000000034e-05    16    17    23    23    25    27    28    31    35    36    41    50    52    52    52    55    56    0    0    75    96    97    105    106    109    119    125    128    138    145    146    147    148    149    150    
45    7.999999999999999638e-06    3.2999999999999995754e-05    5.9999999999999994744e-05    9    29    30    31    33    37    41    49    56    60    0    0    112    115    120    123    133    139    151    152    153    
46    8.8999999999999994914e-05    3.8999999999999999294e-05    6.0999999999999998722e-05    4    39    43    51    59    0    0    136    142    154    155    
47    1.4999999999999998686e-05    6.999999999999999895e-06    6.4999999999999994306e-05    4    20    37    42    48    0    0    83    134    140    156    
48    2.4000000000000000608e-05    1.5999999999999999276e-05    7.2000000000000001824e-05    3    42    47    56    0    0    141    156    157    
49    3.000000000000000076e-06    5.800000000000000034e-05    7.2000000000000001824e-05    2    45    52    0    0    151    158    
50    4.8999999999999998418e-05    9.3999999999999994476e-05    7.2999999999999999026e-05    3    36    44    62    0    0    129    145    159    
51    6.9999999999999993868e-05    2.1999999999999999428e-05    7.7999999999999998588e-05    10    0    0    46    53    56    57    57    57    59    65    0    1    18    19    154    160    161    162    163    164    165    166    
52    2.4000000000000000608e-05    7.5999999999999990632e-05    7.7999999999999998588e-05    13    0    0    35    35    44    44    44    49    56    58    62    62    62    0    1    20    21    126    127    146    147    148    158    167    168    169    170    171    
53    7.899999999999999579e-05    7.999999999999999638e-06    7.9999999999999992992e-05    1    51    0    0    160    
54    1.0999999999999999714e-05    4.999999999999999562e-05    7.9999999999999992992e-05    4    56    58    58    60    0    0    172    173    174    175    
55    6.3999999999999997104e-05    7.2000000000000001824e-05    7.9999999999999992992e-05    5    36    44    56    59    61    0    0    130    149    176    177    178    
56    5.6999999999999996362e-05    5.3000000000000000778e-05    8.2000000000000000948e-05    16    0    31    43    44    45    48    51    52    54    55    58    58    58    59    59    61    0    1    22    121    143    150    152    157    161    167    172    176    179    180    181    182    183    184    
57    9.2999999999999997274e-05    2.59999999999999984e-05    8.3999999999999995352e-05    6    0    51    51    51    59    59    0    1    23    162    163    164    185    186    
58    1.9999999999999998248e-05    5.6999999999999996362e-05    8.5999999999999989756e-05    8    0    52    54    54    56    56    56    62    0    1    24    168    173    174    179    180    181    187    
59    8.7999999999999997712e-05    6.4999999999999994306e-05    8.7999999999999997712e-05    15    0    0    0    0    36    43    46    51    55    56    56    57    57    61    63    0    1    25    26    27    28    131    144    155    165    177    182    183    185    186    188    189    
60    6.000000000000000152e-06    2.799999999999999958e-05    8.8999999999999994914e-05    4    0    45    54    66    0    1    29    153    175    190    
61    6.20000000000000027e-05    7.499999999999999343e-05    8.9999999999999992116e-05    6    0    55    56    59    62    64    0    1    30    178    184    188    191    192    
62    4.6000000000000000036e-05    8.4999999999999992554e-05    9.2999999999999997274e-05    8    0    0    50    52    52    52    58    61    0    1    31    32    159    169    170    171    187    191    
63    8.4999999999999992554e-05    9.3999999999999994476e-05    9.6000000000000002432e-05    3    0    36    59    0    1    33    132    189    
64    6.5999999999999991508e-05    6.8999999999999996666e-05    9.7999999999999996836e-05    2    0    61    0    1    34    192    
65    9.000000000000000228e-06    3.000000000000000076e-06    9.8999999999999994038e-05    2    0    51    0    1    35    166    
66    1.2000000000000000304e-05    1.9999999999999998248e-05    9.999999999999999124e-05    2    0    60    0    1    36    190    
