64    9.999999999999999124e-05    9.999999999999999124e-05    9.999999999999999124e-05
1    4.1999999999999997676e-05    9.9999999999999995475e-07    0    0    0    0    
2    9.9999999999999995475e-07    7.5999999999999990632e-05    9.9999999999999995475e-07    1    -1    1    0    1    
3    2.4000000000000000608e-05    7.899999999999999579e-05    9.9999999999999995475e-07    0    0    0    
4    8.7999999999999997712e-05    4.8000000000000001216e-05    3.000000000000000076e-06    4    13    13    22    23    0    0    34    35    36    37    
5    4.6000000000000000036e-05    5.399999999999999798e-05    3.000000000000000076e-06    3    13    15    21    0    0    38    39    40    
6    2.900000000000000017e-05    6.20000000000000027e-05    3.999999999999999819e-06    3    9    16    21    0    0    41    42    43    
7    2.59999999999999984e-05    9.3999999999999994476e-05    4.999999999999999562e-06    2    17    18    0    0    44    45    
8    9.6999999999999999634e-05    1.29999999999999992e-05    6.000000000000000152e-06    2    0    32    0    1    20    46    
9    4.999999999999999562e-06    5.399999999999999798e-05    6.000000000000000152e-06    3    -1    6    16    1    0    2    41    47    
10    1.399999999999999979e-05    6.999999999999999895e-06    6.999999999999999895e-06    3    11    20    21    0    0    48    49    50    
11    7.999999999999999638e-06    1.8999999999999997658e-05    6.999999999999999895e-06    7    -1    10    16    16    20    21    21    1    0    3    48    51    52    53    54    55    
12    9.999999999999999124e-05    4.999999999999999562e-05    6.999999999999999895e-06    1    0    0    1    21    
13    6.3999999999999997104e-05    1.5999999999999999276e-05    9.000000000000000228e-06    7    4    4    5    20    21    22    22    0    0    34    35    38    56    57    58    59    
14    9.6999999999999999634e-05    3.6000000000000000912e-05    1.0999999999999999714e-05    3    0    19    19    0    1    22    60    61    
15    5.599999999999999916e-05    6.0999999999999998722e-05    1.399999999999999979e-05    6    5    22    22    23    23    27    0    0    39    62    63    64    65    66    
16    2.4000000000000000608e-05    5.3000000000000000778e-05    1.5999999999999999276e-05    7    -1    6    9    11    11    21    25    1    0    4    42    47    51    52    67    68    
17    4.2999999999999994878e-05    8.5999999999999989756e-05    1.5999999999999999276e-05    6    7    24    25    28    36    44    0    0    44    69    70    71    72    73    
18    6.000000000000000152e-06    9.3999999999999994476e-05    1.8000000000000000456e-05    3    -1    7    24    1    0    5    45    74    
19    8.5999999999999989756e-05    4.4999999999999996058e-05    2.0999999999999998838e-05    4    14    14    23    38    0    0    60    61    75    76    
20    1.29999999999999992e-05    6.999999999999999895e-06    2.3000000000000000018e-05    10    -1    -1    10    11    13    21    29    29    37    47    1    0    6    7    49    53    56    77    78    79    80    81    
21    2.59999999999999984e-05    3.6000000000000000912e-05    2.4000000000000000608e-05    13    5    6    10    11    11    13    16    20    22    22    29    31    41    0    0    40    43    50    54    55    57    67    77    82    83    84    85    86    
22    5.9999999999999994744e-05    3.9999999999999996496e-05    2.499999999999999781e-05    11    4    13    13    15    15    21    21    23    30    31    31    0    0    36    58    59    62    63    82    83    87    88    89    90    
23    8.0999999999999990194e-05    7.499999999999999343e-05    2.699999999999999899e-05    10    0    4    15    15    19    22    36    36    44    44    0    1    23    37    64    65    75    87    91    92    93    94    
24    1.29999999999999992e-05    9.2000000000000000072e-05    2.699999999999999899e-05    8    -1    -1    17    18    25    28    35    35    1    0    8    9    69    74    95    96    97    98    
25    6.000000000000000152e-06    6.5999999999999991508e-05    3.3999999999999999732e-05    8    -1    16    17    24    26    40    41    44    1    0    10    68    70    95    99    100    101    102    
26    2.0999999999999998838e-05    5.599999999999999916e-05    3.6000000000000000912e-05    1    25    0    0    99    
27    4.6999999999999997238e-05    6.8999999999999996666e-05    3.6999999999999998114e-05    2    15    44    0    0    66    103    
28    4.8000000000000001216e-05    9.0999999999999989318e-05    3.7999999999999995316e-05    5    17    24    35    36    44    0    0    71    96    104    105    106    
29    2.9999999999999997372e-05    2.3000000000000000018e-05    3.8999999999999999294e-05    6    20    20    21    30    37    45    0    0    78    79    84    107    108    109    
30    4.6000000000000000036e-05    3.2999999999999995754e-05    3.9999999999999996496e-05    5    22    29    31    38    45    0    0    88    107    110    111    112    
31    4.8000000000000001216e-05    4.8000000000000001216e-05    4.1999999999999997676e-05    10    21    22    22    30    38    43    43    44    45    55    0    0    85    89    90    110    113    114    115    116    117    118    
32    9.6000000000000002432e-05    4.999999999999999562e-06    4.2999999999999994878e-05    2    0    8    0    1    24    46    
33    7.999999999999999638e-06    2.0999999999999998838e-05    4.2999999999999994878e-05    3    -1    37    45    1    0    11    119    120    
34    7.5999999999999990632e-05    1.0999999999999999714e-05    4.3999999999999998856e-05    0    0    0    
35    1.5999999999999999276e-05    8.8999999999999994914e-05    4.4999999999999996058e-05    8    -1    24    24    28    40    44    51    51    1    0    12    97    98    104    121    122    123    124    
36    6.3999999999999997104e-05    8.700000000000000051e-05    4.6000000000000000036e-05    10    0    17    23    23    28    44    49    54    58    62    0    1    25    72    91    92    105    125    126    127    128    129    
37    1.4999999999999998686e-05    2.0999999999999998838e-05    4.999999999999999562e-05    5    20    29    33    45    47    0    0    80    108    119    130    131    
38    7.099999999999999107e-05    3.6999999999999998114e-05    5.0999999999999999598e-05    4    19    30    31    43    0    0    76    111    113    132    
39    9.8999999999999994038e-05    5.3000000000000000778e-05    5.3000000000000000778e-05    2    0    46    0    1    26    133    
40    4.999999999999999562e-06    6.9999999999999993868e-05    5.3000000000000000778e-05    4    -1    25    35    41    1    0    13    100    121    134    
41    1.5999999999999999276e-05    5.9999999999999994744e-05    5.399999999999999798e-05    5    21    25    40    44    45    0    0    86    101    134    135    136    
42    3.6000000000000000912e-05    6.999999999999999895e-06    5.599999999999999916e-05    2    47    48    0    0    137    138    
43    7.3999999999999996228e-05    4.6000000000000000036e-05    5.599999999999999916e-05    6    31    31    38    46    55    58    0    0    114    115    132    139    140    141    
44    4.8000000000000001216e-05    7.899999999999999579e-05    5.6999999999999996362e-05    16    17    23    23    25    27    28    31    35    36    41    49    51    51    51    54    55    0    0    73    93    94    102    103    106    116    122    125    135    142    143    144    145    146    147    
45    9.000000000000000228e-06    3.2999999999999995754e-05    5.8999999999999997542e-05    10    -1    29    30    31    33    37    41    51    55    59    1    0    14    109    112    117    120    130    136    148    149    150    
46    8.9999999999999992116e-05    3.8999999999999999294e-05    5.9999999999999994744e-05    5    0    39    43    50    58    0    1    27    133    139    151    152    
47    1.5999999999999999276e-05    6.999999999999999895e-06    6.3999999999999997104e-05    5    -1    20    37    42    48    1    0    15    81    131    137    153    
48    2.499999999999999781e-05    1.5999999999999999276e-05    7.099999999999999107e-05    4    -1    42    47    55    1    0    16    138    153    154    
49    4.999999999999999562e-05    9.3999999999999994476e-05    7.2000000000000001824e-05    3    36    44    61    0    0    126    142    155    
50    7.099999999999999107e-05    2.1999999999999999428e-05    7.7000000000000001386e-05    9    0    46    52    55    56    56    56    58    63    0    1    28    151    156    157    158    159    160    161    162    
51    2.499999999999999781e-05    7.5999999999999990632e-05    7.7000000000000001386e-05    12    -1    35    35    44    44    44    45    55    57    61    61    61    1    0    17    123    124    143    144    145    148    163    164    165    166    167    
52    7.9999999999999992992e-05    7.999999999999999638e-06    7.899999999999999579e-05    3    0    0    50    0    1    29    30    156    
53    1.2000000000000000304e-05    4.999999999999999562e-05    7.899999999999999579e-05    5    -1    55    57    57    59    1    0    18    168    169    170    171    
54    6.4999999999999994306e-05    7.2000000000000001824e-05    7.899999999999999579e-05    5    36    44    55    58    60    0    0    127    146    172    173    174    
55    5.800000000000000034e-05    5.3000000000000000778e-05    8.0999999999999990194e-05    15    31    43    44    45    48    50    51    53    54    57    57    57    58    58    60    0    0    118    140    147    149    154    157    163    168    172    175    176    177    178    179    180    
56    9.3999999999999994476e-05    2.59999999999999984e-05    8.299999999999999815e-05    6    0    50    50    50    58    58    0    1    31    158    159    160    181    182    
57    2.0999999999999998838e-05    5.6999999999999996362e-05    8.4999999999999992554e-05    7    51    53    53    55    55    55    61    0    0    164    169    170    175    176    177    183    
58    8.8999999999999994914e-05    6.4999999999999994306e-05    8.700000000000000051e-05    12    0    36    43    46    50    54    55    55    56    56    60    62    0    1    32    128    141    152    161    173    178    179    181    182    184    185    
59    6.999999999999999895e-06    2.799999999999999958e-05    8.7999999999999997712e-05    3    -1    45    53    1    0    19    150    171    
60    6.2999999999999999902e-05    7.499999999999999343e-05    8.8999999999999994914e-05    4    54    55    58    61    0    0    174    180    184    186    
61    4.6999999999999997238e-05    8.4999999999999992554e-05    9.2000000000000000072e-05    6    49    51    51    51    57    60    0    0    155    165    166    167    183    186    
62    8.5999999999999989756e-05    9.3999999999999994476e-05    9.4999999999999991678e-05    3    0    36    58    0    1    33    129    185    
63    3.7999999999999995316e-05    1.9999999999999999095e-06    9.6999999999999999634e-05    2    50    64    0    0    162    187    
64    9.999999999999999124e-06    3.000000000000000076e-06    9.6999999999999999634e-05    1    63    0    0    187    
