19    4.999999999999999562e-05    4.999999999999999562e-05    4.999999999999999562e-05
1    0    2.699999999999999899e-05    0    0    0    0    
2    9.000000000000000228e-06    9.9999999999999995475e-07    9.9999999999999995475e-07    1    -1    1    0    1    
3    2.3000000000000000018e-05    2.9999999999999997372e-05    9.9999999999999995475e-07    0    0    0    
4    4.4999999999999996058e-05    4.999999999999999562e-06    3.000000000000000076e-06    2    -1    11    1    0    2    15    
5    2.799999999999999958e-05    1.29999999999999992e-05    3.999999999999999819e-06    3    -1    7    8    1    0    3    16    17    
6    2.4000000000000000608e-05    4.6000000000000000036e-05    4.999999999999999562e-06    3    0    9    10    0    1    9    18    19    
7    3.999999999999999819e-06    4.999999999999999562e-06    6.000000000000000152e-06    2    5    8    0    0    16    20    
8    2.499999999999999781e-05    4.999999999999999562e-06    1.4999999999999998686e-05    4    -1    5    7    13    1    0    4    17    20    21    
9    4.1999999999999997676e-05    3.6999999999999998114e-05    1.5999999999999999276e-05    6    0    6    12    13    16    16    0    1    10    18    22    23    24    25    
10    4.999999999999999562e-06    4.6000000000000000036e-05    1.8000000000000000456e-05    3    0    6    12    0    1    11    19    26    
11    4.6000000000000000036e-05    1.9999999999999999095e-06    2.499999999999999781e-05    2    -1    4    1    0    5    15    
12    1.2000000000000000304e-05    4.2999999999999994878e-05    2.699999999999999899e-05    7    0    9    10    13    16    17    17    0    1    12    22    26    27    28    29    30    
13    6.000000000000000152e-06    1.8000000000000000456e-05    3.2999999999999995754e-05    5    -1    8    9    12    17    1    0    6    21    23    27    31    
14    1.9999999999999998248e-05    6.999999999999999895e-06    3.6000000000000000912e-05    0    0    0    
15    4.6000000000000000036e-05    1.9999999999999998248e-05    3.6999999999999998114e-05    1    16    0    0    32    
16    4.1999999999999997676e-05    3.8999999999999999294e-05    3.6999999999999998114e-05    8    0    9    9    12    15    17    17    18    0    1    13    24    25    28    32    33    34    35    
17    1.4999999999999998686e-05    3.9999999999999996496e-05    4.3999999999999998856e-05    6    0    12    12    13    16    16    0    1    14    29    30    31    33    34    
18    4.1999999999999997676e-05    3.000000000000000076e-06    4.4999999999999996058e-05    2    -1    16    1    0    7    35    
19    2.1999999999999999428e-05    1.9999999999999999095e-06    4.6999999999999997238e-05    1    -1    1    0    8    
