1    -1    1    0    1.434566536002506736e-06    8.5672131147540994935e-07    5.2260000000000003877e-17    0
2    -1    2    0    2.3865898874989841433e-07    8.7937499999999994499e-07    1.4069999999999999859e-17    0
3    -1    3    0    7.1833333333333146735e-07    7.8166666666666666482e-07    4.6900000000000004665e-18    0
4    -1    4    0    3.9928571428571309466e-07    1.100714285714285461e-06    4.6229999999999988971e-17    0
5    -1    5    0    1.118033988749903018e-08    1.1068536488624054701e-06    9.9616828397616492348e-18    0
6    -1    6    0    1.8080291436910673272e-06    2.2230997304582211288e-06    7.0694571428571431887e-16    0
7    -1    7    0    3.4277121627006301718e-06    1.4967167381974249012e-06    4.0112008583690986332e-16    0
8    -1    8    0    4.2729896714925766712e-06    2.6732323232323230573e-06    8.9820606060606050939e-16    0
9    -1    9    0    1.6764108841086288437e-06    2.9333613445378156372e-06    9.914761344537814641e-16    0
10    -1    10    0    4.5953984193211004075e-06    4.2505045871559633499e-06    2.7160724311926598028e-15    0
11    -1    11    0    2.1340984697811942246e-06    2.4756737588652477152e-06    2.6984843971631198266e-16    0
12    -1    12    0    1.3985943396132111389e-06    3.3183962264150947793e-06    1.9113962264150943353e-15    0
13    -1    13    0    4.5000000000000416186e-08    4.4549999999999988508e-06    8.5535999999999986127e-16    0
14    -1    15    0    1.2983666205057504224e-05    5.3261672185430449129e-06    3.222331167218542149e-15    0
15    -1    17    0    2.3624152479673535187e-06    6.5958211856171046903e-06    6.3187966958211859103e-15    0
16    -1    18    0    1.3100778489020311213e-05    5.9057993197278901677e-06    3.5434795918367332635e-16    0
17    -1    18    0    2.0725948651443663613e-05    5.9057993197278893207e-06    1.4764498299319722753e-16    0
18    -1    19    0    6.4615727849454239275e-06    7.5473529411764710722e-06    1.8566488235294111407e-15    0
19    -1    20    0    1.7079016066394163312e-05    4.1636297198538373292e-06    1.0409074299634594266e-15    0
20    -1    21    0    8.1096343080422650135e-06    3.1708798646362096347e-06    6.183215736040609e-16    0
21    -1    23    0    8.6114712191657342174e-06    4.9255151515151503067e-06    3.9404121212121198656e-16    0
22    -1    24    0    1.0175700909687979275e-05    3.3612854609929069429e-06    1.1596434840425526258e-15    0
23    -1    25    0    1.9199695168679972219e-06    1.1242477064220182992e-05    1.1242477064220182276e-17    0
24    -1    25    0    3.3948041040842549457e-06    1.1242477064220184686e-05    6.0709376146788987373e-16    0
25    -1    27    0    1.5493186605307170318e-05    4.362543046357615436e-06    3.9262887417218532815e-16    0
26    -1    30    0    1.1480923408086657242e-05    1.0728308906426154307e-05    1.6092463359639228837e-15    0
27    -1    33    0    2.0649646123864838596e-05    5.3359267965077236462e-06    1.2059194560107455669e-15    0
28    -1    35    0    1.6647320373183641768e-05    5.7636144578313251447e-06    7.4926987951807221867e-16    0
29    -1    36    0    2.5603598752606535397e-05    3.8624834437086091787e-06    5.0598533112582778781e-16    0
30    -1    36    0    2.481241847417072681e-05    3.8624834437086083316e-06    7.2614688741721826226e-16    0
31    -1    37    0    2.1215546768644702848e-05    7.5116180758017495376e-06    2.6215547084548101329e-15    0
32    -1    38    0    1.6507507331378299678e-05    3.9924926686217005595e-06    3.7130181818181815696e-16    0
33    -1    42    0    1.7893786762081200539e-05    6.3188132635253060161e-06    5.2446150087260033683e-16    0
34    -1    44    0    2.2667775467372659867e-05    6.6792857142857137422e-06    8.6830714285714269805e-16    0
35    -1    45    0    2.583115559317869205e-05    5.7481097560975598723e-06    2.9372840853658523186e-15    0
36    -1    46    0    2.8395428628249740191e-05    4.1353260509764979932e-06    2.894728235683548e-17    0
37    -1    50    0    3.5428760028131623609e-05    5.3296746817538897487e-06    1.7481332956152756794e-15    0
38    -1    50    0    2.2351546389578929902e-05    5.3296746817538897487e-06    1.6788475247524750781e-15    0
39    170    0    2.5732415932965478736e-05    0    5.6722015619189288199e-06    2.6772791372257341139e-15    0
40    170    0    3.0275677374118460059e-05    0    5.6722015619189288199e-06    8.4515803272592026779e-16    0
41    174    0    2.8587862104101677925e-05    0    7.1647601773478419764e-06    6.6488974445787972771e-15    0
42    180    0    1.2392408877133356067e-05    0    3.1719735391400214486e-06    9.5159206174200620682e-17    0
43    182    0    1.1617115221290307166e-05    0    4.8525538707102952354e-06    6.9391520351157223324e-16    0
44    182    0    1.4621788223440149314e-05    0    4.8525538707102952354e-06    1.8924960095770148678e-16    0
45    184    0    7.062746131100547785e-06    0    1.1110035714285714477e-05    1.7776057142857141485e-15    0
46    185    0    7.2982119693323642585e-06    0    8.3941428571428560807e-06    4.8350262857142850282e-15    0
47    186    0    1.1251116484244007981e-05    0    3.9886341698841693975e-06    4.2518840250965242739e-15    0
48    188    0    4.3657396849190518583e-06    0    6.4624642289348175402e-06    4.6529742448330681364e-16    0
49    188    0    1.0037535771065192195e-05    0    6.4624642289348158461e-06    3.4251060413354521531e-16    0
50    189    0    7.2323807215866501913e-06    0    3.3624293286219088127e-06    4.3106343992932867235e-15    0
51    190    0    5.5989225419020081486e-06    0    3.1902753737214786311e-06    8.4861324940991331206e-16    0
52    191    0    7.0172780031228693977e-06    0    4.9931341463414632097e-06    1.4829608414634146702e-15    0
53    191    0    7.5468020576430001249e-06    0    4.9931341463414632097e-06    1.0385719024390242913e-15    0
54    191    0    1.8676466610747790794e-05    0    4.9931341463414632097e-06    4.9931341463414628797e-18    0
55    191    0    1.8928613281469904787e-05    0    4.9931341463414640567e-06    5.7920356097560989435e-16    0
56    192    0    1.8393415288328826155e-06    0    8.4684225352112680175e-06    8.4684225352112680877e-18    0
57    192    0    1.1362638209379967403e-06    0    8.4684225352112680175e-06    8.4684225352112680877e-18    0
58    192    0    3.2041949947174826571e-06    0    8.4684225352112663235e-06    8.2990540845070405073e-16    0
59    193    0    8.8513354702960943287e-06    0    3.9255968688845397984e-06    7.223098238747552253e-16    0
60    194    0    9.1279854425646694545e-07    0    6.2461119873817016064e-06    4.1224339116719231432e-15    0
61    195    0    5.054752025263070867e-06    0    2.1736641221374036934e-06    5.4341603053435087187e-17    0
62    196    0    2.5513760638112270969e-06    0    4.2493591905564920784e-06    1.2025686509274872165e-15    0
63    197    0    3.5644782608695613178e-06    0    3.9355217391304346371e-06    1.3380773913043476533e-16    0
64    197    0    4.7391540473183032739e-06    0    3.9355217391304346371e-06    1.1806565217391304002e-17    0
65    198    0    6.0634507862282063871e-07    0    6.2675184638109310056e-06    2.8579884194977843371e-15    0
66    199    0    2.7285393299639697111e-06    0    3.2086317135549876596e-06    1.196819629156010199e-15    0
67    200    0    4.4575302919733983739e-06    0    1.7271281464530889142e-06    4.3005490846681906129e-16    0
68    201    0    2.2548985514721202164e-06    0    3.5974514038876891226e-06    1.226730928725701849e-15    0
69    202    0    4.9526140808089766696e-06    0    2.1361093585699261535e-06    1.0061075078864350994e-15    0
70    203    0    2.4191573473177441106e-06    0    2.6057804632426991489e-06    9.8498501510574006711e-16    0
71    204    0    2.6110658178601757891e-06    0    3.4097314715359830359e-06    1.4900526530612245794e-15    0
72    205    0    2.6925824035672563458e-08    0    2.6656565795315842059e-06    1.4927676845376870013e-16    0
73    206    0    1.6389019662496905189e-06    0    1.7151999999999999004e-06    7.5468799999999990884e-17    0
74    207    0    5.0000000000001638864e-09    0    4.9500000000001198959e-07    9.9000000000002400628e-19    0
75    6    14    7.1176711156764667596e-06    4.5241267066061085226e-06    3.6361440673710822589e-06    3.9997584741081904182e-17    0
76    6    37    2.1989500295148281615e-05    3.6068177679699642149e-05    5.8695289353797586637e-06    7.6303876159936854455e-17    0
77    6    37    7.485144189015578436e-06    1.7670242995667128266e-05    7.4711900075227688289e-06    2.1666451021816027796e-16    0
78    7    8    6.1793088136632436962e-06    1.5745508133161540218e-05    3.722339656969552651e-06    8.9336151767269263057e-17    0
79    7    19    8.8110473258467318728e-06    8.2100585062036161377e-06    2.8913445881430860151e-06    2.0239412117001600607e-16    0
80    7    45    5.4224411059902385707e-06    2.8925367139074060731e-05    6.8256686501073209015e-06    4.0954011900643917871e-16    0
81    7    47    5.7316994092030536825e-06    1.4123459026932131579e-05    5.184770841822166917e-06    2.125756045147088417e-16    0
82    7    50    1.2844097462693468295e-05    4.9699862841289139948e-05    6.7070398723883088235e-06    2.0121119617164926997e-17    0
83    8    28    5.7677391848347464245e-06    6.0444299980096399436e-06    5.4747053316997485651e-06    6.1316699715037172958e-16    0
84    8    45    1.339692635675587262e-05    2.7790150064858756341e-05    8.2184988599401357945e-06    1.8902547377862309161e-16    0
85    9    16    1.9072319740127572849e-05    3.3845709772855329294e-06    3.4539152052056088546e-06    2.4177406436439260895e-17    0
86    9    29    3.4109274256869480487e-06    5.6451935381314788138e-06    7.7881678064063324308e-06    9.968854792200105642e-16    0
87    9    45    1.2141452087143523035e-05    2.1928101743879594831e-05    8.2311663807821846119e-06    2.4693499142346555412e-17    0
88    10    17    1.1743953414848098848e-05    2.7758945586986662386e-05    9.3863096245176425849e-06    6.7581429296527020805e-16    0
89    10    17    1.8992774011182956932e-05    2.2441334149247568958e-05    9.2727827276273135473e-06    8.6236879366934002662e-16    0
90    10    25    2.3322126770768502181e-05    1.3801768718941395767e-05    6.7659047402952982687e-06    2.4357257065063074398e-16    0
91    10    35    2.5266439699134915563e-05    1.5789621557976987011e-05    6.9067497748756929526e-06    1.4504174527238952164e-16    0
92    10    35    1.6850443258853222707e-05    1.3510832606330646299e-05    7.6585962965139448038e-06    2.2209929259890440148e-16    0
93    10    44    1.1203785432339998898e-05    1.8245601446943317524e-05    1.0780728146959685999e-05    1.0780728146959685395e-16    0
94    10    44    1.7132900193187127434e-05    1.8310206919121145878e-05    8.793087432087689801e-06    3.1655114755515683584e-16    0
95    10    44    1.0283937266592667464e-05    1.1717484239169161949e-05    9.0935155096659937206e-06    1.3731208419595647666e-15    0
96    10    48    9.5201919186730740193e-06    2.1644599846896429276e-05    5.3246084341828529352e-06    1.5973825302548558732e-17    0
97    11    37    3.2032345869350256779e-06    8.8334101039710613426e-06    9.3027234182600136253e-06    1.98148008808938282e-15    0
98    11    42    1.2532657260938374286e-05    1.3367269378764558613e-05    5.1162149736828121371e-06    5.1673771234196405238e-16    0
99    12    33    5.5706543655586709913e-06    1.4418819468630692069e-05    7.3974411921859229124e-06    4.9562855987645688048e-16    0
100    12    36    9.3129967096315310893e-06    1.9616230320039190722e-05    5.6962351388810319731e-06    5.5253480847146006664e-16    0
101    12    38    1.5018724594477148002e-05    1.477102249763849035e-05    6.5820625256480398736e-06    6.4504212751350789902e-16    0
102    12    54    1.7947774091721650536e-05    1.9743047563597283973e-05    6.9687237933969883508e-06    6.968723793396988316e-17    0
103    13    30    6.1792815854657798973e-06    9.4617874728659811395e-06    1.1884038332480729086e-05    5.9420191662403644758e-16    0
104    13    34    5.9821620359776823898e-06    6.3941830909609004123e-06    8.1305787240694719822e-06    1.3008925958511154899e-15    0
105    14    37    5.0501340509630491431e-06    1.8608297697416199595e-05    9.5502074642176108408e-06    3.8200829856870441047e-17    0
106    15    24    5.1019486190075264055e-06    5.7628583344544172614e-06    6.3370840526871411046e-06    1.9201364679642035456e-15    0
107    15    29    1.9558567057715553592e-05    1.2606128143118916241e-05    8.7590540077695737392e-06    4.3795270038847864885e-16    0
108    15    29    2.4661330176204654895e-05    1.7965910963067452909e-05    9.2063085304290641987e-06    3.498397241563043686e-16    0
109    15    43    7.2535784068660769087e-06    6.1901463592656705729e-06    9.8714761360693187357e-06    1.145091231784040897e-15    0
110    15    45    1.3082624403622134277e-05    1.6595793215406768988e-05    1.0279400306283966362e-05    6.4760221929588987934e-16    0
111    15    45    1.0366187607932166956e-05    1.0260407415622697493e-05    1.0597984369929412356e-05    3.4973348420767055111e-16    0
112    16    29    5.7532951659263827538e-06    1.8205861128522309381e-05    6.9951450518887088752e-06    4.896601536322095822e-17    0
113    17    24    2.3177240851334819259e-05    1.2986497263278907631e-05    9.3602335314484043702e-06    1.1232280237738084851e-16    0
114    17    24    1.8188246277170358478e-05    9.2026641034821446137e-06    9.9330932861194090117e-06    2.9799279858358229837e-17    0
115    17    24    2.0225289716351343018e-05    1.1000121155352162117e-05    9.5414875976633469124e-06    1.1258955365242747375e-15    0
116    17    26    1.3559823185129267286e-05    3.9942652335557794088e-06    8.5387269955802826523e-06    1.4857384972309690793e-15    0
117    17    48    1.5926390073493311547e-05    5.4431524475602688996e-06    8.8500708972271623461e-06    2.9736238214683262209e-15    0
118    17    52    1.5089427256584333814e-05    2.4354341864613531527e-06    7.6603869991557519087e-06    2.2368330037534794227e-15    0
119    18    23    2.8390701959557135855e-05    6.9382425281398002676e-06    7.3490840987081968257e-06    9.2598459643723285404e-16    0
120    18    27    2.9275927926751536985e-06    7.137456953642382879e-06    6.1519408197107693496e-06    1.5933526723050890941e-15    0
121    18    32    9.0691798121440451102e-06    5.8795280441139359623e-06    9.7345151950877584289e-06    8.7610636755789816459e-16    0
122    18    88    1.5337729162257902297e-05    4.1930056125780929888e-05    1.5827674987146860366e-05    4.4317489964011210613e-16    0
123    19    35    1.4476328850105849515e-05    1.6196576798166421619e-05    1.0915072034115988342e-05    8.7320576272927911101e-17    0
124    19    43    2.1594541300619131939e-05    1.843992767336624281e-05    1.3992159544068836084e-05    8.8150605127633673388e-16    0
125    19    47    9.3419928128780761289e-06    1.0217932568729491471e-05    1.5802373574358139673e-05    4.7407120723074420574e-17    0
126    19    50    1.402769368451406422e-05    4.4069211945375686486e-05    7.0261661907562116653e-06    1.2647099143361179438e-16    0
127    20    32    2.6371055345138852343e-06    3.1081946434946955066e-06    9.0710448472998375956e-06    3.301860324417140176e-15    0
128    20    33    6.7995811250294455269e-06    2.2935083089946632135e-05    6.9178729785983664101e-06    4.3582599765169711859e-16    0
129    20    36    5.9418035351450902058e-06    2.6719373923037440438e-05    4.7214151629312533948e-06    4.5325585564140036879e-16    0
130    20    42    2.835175125592437898e-05    2.0379182945406551167e-05    7.1564385594877779034e-06    3.4350905085541336068e-16    0
131    21    27    2.4192900791132588684e-06    3.1282833346885125065e-06    7.2710126773481835471e-06    1.5487257002751631722e-15    0
132    21    46    9.6936165966049783434e-06    2.7586117800147301802e-05    5.5884578591754989444e-06    5.5884578591754990785e-18    0
133    21    50    6.5200921882336028819e-06    2.9516415486297964654e-05    6.5069846526906227396e-06    1.1842712067896930678e-15    0
134    23    25    4.8851932836591378811e-06    7.1857795133877848067e-06    1.217060532778918096e-05    1.9472968524462689422e-16    0
135    23    49    8.1988895968915347101e-06    6.9914022568870563338e-06    9.1256275374277886657e-06    7.4830145806907872018e-16    0
136    23    49    8.5744848484848517294e-06    9.0994648489950124008e-06    1.015259908441454519e-05    2.6396757619477812977e-16    0
137    24    43    5.1973359233189360271e-06    3.227648252083909134e-06    5.4487101152763237251e-06    1.4275620502023967548e-15    0
138    24    45    2.1138714539007094807e-05    2.1121098940498375619e-05    6.7197698502818181557e-06    5.7118043727395443638e-16    0
139    25    31    5.5794665698576173323e-07    3.4825306640998545603e-07    1.8259683929138314866e-05    1.278177875039681856e-15    0
140    25    37    1.2532568328597229769e-05    2.6152160678224065592e-05    1.1111315552106194543e-05    1.7778104883369911344e-16    0
141    25    44    8.7364656502151529676e-06    2.56510406063687065e-05    8.954177836843181732e-06    1.4326684538949091128e-16    0
142    25    88    1.7467149697734274421e-05    2.9120703339716866922e-05    1.853971339536815622e-05    1.6685742055831340633e-16    0
143    26    43    7.5057303110070103957e-06    1.2733649070239295975e-05    1.017879400043680653e-05    1.7609313620755675414e-15    0
144    27    36    9.7320752503922086196e-06    2.1262205609093611354e-05    5.6304081933164014151e-06    7.0380102416455018321e-16    0
145    27    40    1.0274738121946830972e-05    6.4431063674831908961e-06    7.098216554217333179e-06    1.987500635180853103e-16    0
146    27    40    7.4378806748483275956e-06    6.0866177062913301535e-06    7.9325292979802734979e-06    1.7451564455556601531e-16    0
147    27    88    1.1582675672744352995e-05    3.0320310999836273753e-05    1.5782500373402040441e-05    2.8408500672123672047e-16    0
148    28    47    9.7127360728643079426e-06    9.4001152657198659896e-06    9.0791220671722853698e-06    1.3255518218071536045e-15    0
149    28    47    9.677793218926351309e-06    1.0882169119709171634e-05    9.8018022693091267733e-06    3.9207209077236504444e-17    0
150    28    50    7.6148024785960293607e-06    1.8063700448825290761e-05    7.576413664815872738e-06    1.689540247253939485e-15    0
151    28    50    1.2046964846991671216e-05    1.6470554674837747792e-05    9.2279285538641886585e-06    1.0150721409250606538e-15    0
152    28    61    1.6056213899564286809e-05    4.3423729466529404676e-06    5.8616097061266265303e-06    1.7584829118379880495e-17    0
153    29    45    7.8089989042508398608e-06    4.2177786064825150566e-06    8.186350677052247322e-06    2.0465876692630619361e-15    0
154    29    56    1.7028497127348486245e-05    1.0400768365553281845e-05    8.5619815425587381873e-06    1.224363360585899445e-15    0
155    30    51    1.3536749637940918807e-05    1.2595215569126231797e-05    8.4143907664528357001e-06    2.8608928605939642475e-16    0
156    30    56    2.1415897414464718225e-05    1.0871222364941962059e-05    1.6174255413564909381e-05    1.4556829872208417233e-15    0
157    30    62    1.1488944091506868094e-05    5.9080730310668405609e-06    9.1454092090443569801e-06    4.8562122900025539967e-15    0
158    30    74    2.1973951328176785582e-05    2.1372016900699472607e-05    1.0323804736747789034e-05    3.0971414210243366633e-17    0
159    30    87    1.7928173052008088964e-05    1.3587203675088947778e-05    1.2264028171904386009e-05    3.5565681698522721483e-16    0
160    31    37    6.050118440874227655e-06    1.949301115697981107e-05    9.8430269420476177968e-06    1.8308030112208568548e-15    0
161    31    44    9.5756890614085660114e-06    2.349106396880546821e-05    9.4019705291259902962e-06    1.0342167582038588873e-16    0
162    31    64    1.142367715763160921e-05    6.4684183441482665823e-06    1.3676261079479820222e-05    4.9234539886127360669e-16    0
163    31    68    1.4376082357679853782e-05    8.2420596760533885756e-06    5.6687766266761029283e-06    1.1337553253352204864e-17    0
164    32    36    1.6522293879033360929e-05    2.1617901168773203172e-05    6.8145316588256936471e-06    3.679847095765873952e-16    0
165    32    53    9.1011073743800863977e-06    9.1011073743800677629e-06    5.2285342789598171194e-06    7.0585212765957535251e-16    0
166    32    53    1.3802502092152577691e-05    9.6841067367689297705e-06    6.3403131902854372709e-06    1.141256374251378537e-16    0
167    32    88    1.278596039496048387e-05    3.6372289393526967825e-05    1.5662387104079771846e-05    3.7589729049791455655e-16    0
168    32    88    1.2393143966835219814e-05    3.3034792142977679877e-05    1.5936157274900871004e-05    1.5936157274900871778e-17    0
169    33    36    1.9237289397400111259e-06    2.3221749947178901797e-06    7.0622298869483839397e-06    7.3517813123132678288e-15    0
170    33    36    1.7103878891809999423e-05    1.4420021855073615825e-05    8.443852994100043178e-06    5.3196273862830269441e-16    0
171    33    41    1.4943372994165519575e-05    3.6287040779983951416e-06    6.6316516194073706604e-06    1.5186482208442877126e-15    0
172    33    46    1.9701375584601458091e-05    2.621677437057588612e-05    7.242939922289114698e-06    3.8677299185023864743e-15    0
173    33    54    2.041771372284409861e-05    1.160456582247655909e-05    8.3686421423356312937e-06    3.3474568569342520723e-16    0
174    33    84    2.6353976958473924319e-05    1.7488765821188703437e-05    8.8769018201321268864e-06    1.7753803640264253801e-17    0
175    33    84    3.2416556565517613874e-05    1.3085768011247103477e-05    7.489909439388783148e-06    6.3664230234804646357e-16    0
176    33    84    2.8238617131891365514e-05    1.8431767770591400148e-05    8.8187660267274483705e-06    2.6456298080182347085e-17    0
177    33    84    3.4189381551435615999e-05    1.2240586877915298614e-05    7.246311616677319917e-06    8.2607952430121438004e-16    0
178    33    100    3.6428292339015446604e-05    1.9933046122222205338e-05    8.2556704383384075775e-06    2.6335588698299523034e-15    0
179    33    100    4.1581553954274277484e-05    9.0055669884676484903e-06    6.4915605244908583231e-06    7.1407165769399428986e-16    0
180    33    115    3.1748436485069593158e-05    2.9523517269777309612e-05    1.0297913727771179919e-05    6.8996021976066910077e-16    0
181    33    115    3.9130352562125367928e-05    2.4103825290871215298e-05    8.6227933552411888032e-06    1.293419003286178092e-16    0
182    34    51    1.9026508486192031202e-06    1.7145835396706423242e-06    7.9860434195770118893e-06    1.2697809037127447929e-15    0
183    35    44    5.2707768267622263206e-06    6.671744208532972046e-06    1.1956020442387983231e-05    2.6303244973253558506e-16    0
184    35    49    3.5256113971355061221e-06    7.122036387207066227e-06    8.5126466038584833461e-06    1.0385428856707348845e-15    0
185    36    38    3.1026626605130403489e-05    1.8722724191533311099e-05    6.1932625236025938084e-06    8.0512412806833708426e-17    0
186    36    46    7.8261037022437468616e-06    3.0073590915218149645e-05    5.211469256115172195e-06    1.5947095923712426233e-15    0
187    37    42    1.0830974523734986743e-06    9.7844649613790619984e-07    1.3313463021853561133e-05    4.526577427430210614e-15    0
188    37    60    1.4809896209747955908e-05    8.6060902811576432789e-06    1.1876649565716945674e-05    1.4014446487545993562e-15    0
189    37    68    2.2207904127625414242e-05    4.7407678966950057836e-06    9.1151389493314989695e-06    9.3885931178114434781e-16    0
190    37    80    1.1499152655613652336e-05    1.5634132453204698047e-05    9.3641640342527595399e-06    9.3641640342527600444e-18    0
191    38    41    1.085697201766909336e-05    7.2392501647114224845e-06    4.1570546478206011717e-06    2.0369567774320944185e-16    0
192    38    46    6.9260213383166263743e-06    8.1223246211547601081e-06    7.661577192843305054e-06    3.2102008438013446156e-15    0
193    38    54    7.8923716553830115816e-06    3.2020254436874842063e-06    5.6122926054306855462e-06    1.2908272992490574753e-15    0
194    38    57    6.0199995286286923598e-06    5.2501799681849050782e-06    7.4744372987232851908e-06    9.0440691314551738587e-16    0
195    40    50    6.8644976289373168756e-06    2.2369603287175195898e-05    6.9651770528165821234e-06    5.990052265422259459e-16    0
196    40    79    1.3301804014548608641e-05    7.9571126580500829207e-06    1.5785161924261870001e-05    4.4198453387933232301e-16    0
197    41    54    7.3508814459889504895e-06    8.6401425659196141508e-06    3.6176642269599485143e-06    9.7676934127918596937e-17    0
198    41    54    6.099090605458993906e-06    6.3471215816622866026e-06    3.3936223717104890605e-06    6.7872447434209783368e-18    0
199    42    76    1.485310209621481869e-05    1.3535502093850035798e-05    1.2077092551250009119e-05    1.2077092551250008139e-17    0
200    43    45    1.468901891354849342e-05    7.0838396725897151017e-06    1.2487738481318201513e-05    1.1238964633186378666e-15    0
201    43    52    1.3648910305540169316e-05    8.9230753618344172849e-06    1.3932624076931338883e-05    2.7168616950016106815e-15    0
202    43    63    1.4318301081984368954e-05    5.8128408772194878443e-06    1.1845081528194146103e-05    5.2118358724054243087e-16    0
203    43    63    2.1378693532548512929e-05    7.8986783198976076852e-06    1.1537509201978957368e-05    4.6150036807915824534e-16    0
204    43    77    1.7703898157416586903e-05    1.1080222935939327455e-05    7.1415753865677634519e-06    5.8560918169855657935e-16    0
205    43    78    2.5637612911398248536e-05    1.8820391256808899404e-05    1.4609437992395019751e-05    5.9898695768819583657e-16    0
206    43    92    2.651979131411642067e-05    1.2697743220327306309e-05    8.4552151456191354989e-06    8.4552151456191349634e-17    0
207    44    55    8.8529388527233418771e-06    2.7483072413667033481e-06    8.7528038534154897516e-06    2.9759533101612660122e-16    0
208    44    55    1.2142244510432991672e-05    5.8507561518516440114e-06    9.8977081360425972744e-06    3.3652207662544830402e-16    0
209    44    58    5.3311264351786002305e-06    3.3290654613899180549e-06    1.0850220252895794183e-05    3.5263215821911327426e-15    0
210    44    66    1.1465961597338342572e-05    4.7811826686610476786e-06    9.4644760208354417437e-06    7.2876465360432892887e-16    0
211    44    78    9.7295533671362265278e-06    9.8908276685122027466e-06    1.3469285363385786553e-05    1.1044813997976345936e-15    0
212    44    78    1.1244162614649206677e-05    1.7934241526982883726e-05    1.7332628905148437446e-05    1.7332628905148434713e-16    0
213    45    47    1.2534395542684659202e-05    1.1102618978866429398e-05    1.0839625517932778592e-05    1.0080851731677483324e-15    0
214    45    47    1.2859684309830839827e-05    1.3025741630512272922e-05    1.1570444950556049184e-05    3.471133485166814919e-17    0
215    45    63    7.9808398938845620887e-06    5.7768699186991876343e-06    8.8666949358229349697e-06    6.2066864550760540129e-17    0
216    45    69    1.5066548540401091254e-05    7.3551158823931773529e-06    8.5541945901551699218e-06    3.6783036737667223358e-16    0
217    45    82    2.2769428707100847008e-05    1.0075806503372087736e-05    8.2917327168494209911e-06    3.9800317040877221975e-16    0
218    46    50    9.3646739490234947255e-06    8.4175662725055686985e-06    7.8524208779825326076e-06    9.8076736766001818693e-15    0
219    46    57    8.5630990482238015127e-06    3.5841842897998756564e-06    5.8662146675439448649e-06    1.6484063215798485496e-15    0
220    46    57    1.9449626779165010422e-05    1.5846615194400796389e-05    7.5045897071513386793e-06    7.5045897071513383189e-18    0
221    46    74    1.4780223480765505186e-05    2.1315271508922778296e-05    8.6198302869340494883e-06    3.4479321147736195641e-17    0
222    46    84    2.9971124951729706656e-05    2.0519385505522182937e-05    6.9665294031255558637e-06    1.5256699392844964637e-15    0
223    47    50    1.749470028774053831e-05    4.1256267403815229035e-05    7.5897206591517536007e-06    1.5179441318303505866e-17    0
224    47    50    1.8630635391258358737e-05    1.3465271447458619145e-05    1.2703846538387217162e-05    7.495269457648456434e-16    0
225    47    67    8.3866505304240937367e-06    8.4784779083980658042e-06    6.6079128123125384004e-06    6.4757545560662870458e-16    0
226    47    69    1.0573519918028402822e-05    7.6659974259974238972e-06    1.1501422305540840306e-05    3.4504266916622514566e-16    0
227    47    69    1.1951206483798778259e-05    1.1360132166699076498e-05    9.9195211276046186221e-06    4.3645892961460317986e-16    0
228    48    52    3.3197824757571475283e-06    3.1109968155697418211e-06    7.1635283514651609913e-06    4.2981170108790965957e-17    0
229    48    72    5.1478510584251152506e-06    8.2761445065226402185e-06    9.6433700948572015875e-06    3.8573480379428806257e-16    0
230    49    88    8.4647697663245691078e-06    2.4553448538049516632e-05    1.558379822700542208e-05    1.4804608315655148276e-15    0
231    50    74    1.1351152635858373103e-05    1.0370512955600417343e-05    1.0198912380281641315e-05    9.7603591479295296932e-15    0
232    50    87    2.1159329917417185753e-05    2.1325584351254599566e-05    1.0533544348692531139e-05    2.1067088697385060589e-17    0
233    50    87    2.1395781348031635711e-05    2.0114244367315087101e-05    1.0340119367241030804e-05    1.034011936724103121e-17    0
234    51    56    1.16367445902547283e-05    9.7888072303054811163e-06    7.4671817883590799842e-06    6.6457917916395800759e-16    0
235    51    62    4.2614506371061630473e-06    2.9053952304178874493e-05    3.5613450865152594252e-06    6.2323539014017031579e-16    0
236    51    73    3.5374608408903847779e-06    5.8727151232942325889e-06    9.6335988914582684084e-06    1.8303837893770706934e-16    0
237    51    73    1.5134230826175011929e-05    1.1076370688887646405e-05    7.0238114525209676406e-06    2.2476196648067098372e-16    0
238    52    78    8.5605947287995865815e-06    1.1582630601527855909e-05    1.3320118727894304604e-05    4.6620415547630061045e-16    0
239    52    91    1.9582943198200369401e-05    8.8873584796170792481e-06    8.2299486823008279431e-06    8.2299486823008277358e-18    0
240    52    91    1.910301706955127771e-05    8.2813979087283895274e-06    8.1149252925918641271e-06    8.1149252925918639281e-18    0
241    53    88    5.5863425939484668528e-06    2.0676173712979950905e-05    1.2290193848052328215e-05    8.5171043367002613928e-15    0
242    54    84    1.2757584510505469002e-05    1.8543901772603071042e-05    1.0499123748371874727e-05    2.5197896996092500015e-16    0
243    54    84    6.2898422153619420896e-06    6.7896286097811813109e-06    1.1982111799308512419e-05    9.5856894394468099284e-17    0
244    55    78    2.6648185862238354061e-06    2.1719840682907456844e-05    1.6792990601055317269e-05    1.3938182198875912273e-15    0
245    56    59    7.37176301208436825e-06    1.689741119540201904e-06    1.1880345743729571513e-05    4.752138297491828566e-17    0
246    56    81    3.7979499925198043889e-06    2.5428568911273067679e-06    1.6135983322849117947e-05    1.452238499056420477e-16    0
247    56    82    1.5038276628754795297e-05    7.3619372728231621578e-06    1.4396411374941114482e-05    1.4396411374941114017e-16    0
248    56    87    2.249469848700398622e-05    1.8925217612518570109e-05    1.1572016788400266938e-05    5.7860083942001321319e-16    0
249    57    84    1.1559558691941060815e-05    1.5660361428701267332e-05    8.1993727081638435975e-06    2.6893942482777408541e-15    0
250    57    95    1.0983425876939168961e-05    1.7318534320372858245e-05    8.9725054000914975205e-06    2.2431263500228740993e-16    0
251    58    78    8.5890575220539961548e-06    1.3750557424863976821e-05    1.5908340956921869714e-05    1.7658258462183273324e-15    0
252    58    78    1.2995131205817645888e-05    1.8859028155309565919e-05    1.4992711989206498815e-05    4.0480322370857543674e-16    0
253    58    83    1.2193449775801811386e-05    7.9427032685926661883e-06    1.010054082108264655e-05    1.1009589494980084006e-15    0
254    58    103    2.3921092943952434231e-05    1.0081301242347377102e-05    8.6940713066235189539e-06    5.5642056362390519342e-16    0
255    60    64    7.2929584280455482043e-06    8.9398041124657478759e-06    1.0407347414195738003e-05    1.0303273940053779374e-15    0
256    60    80    7.8894656493545991502e-06    1.4485286960462649567e-05    8.3343466561076534681e-06    8.5843770557908811879e-16    0
257    60    96    8.0216081881968293271e-06    1.759781778699610167e-05    1.67812238305802309e-05    5.8734283407030797485e-16    0
258    61    87    1.537872917091733919e-06    1.5527275883410719763e-05    5.8110623088050271056e-06    1.0459912155849047795e-16    0
259    62    73    2.689836121976187127e-05    6.3549522176798311056e-06    3.8395763792922047889e-06    1.0021294349952653348e-15    0
260    62    74    9.0699905042928038827e-06    1.3247219989067049824e-05    7.6420044123048168458e-06    3.400691963475642743e-15    0
261    62    87    6.1532049606862398438e-06    1.05634850710594307e-05    8.3672701087113745947e-06    2.7863009462008870604e-15    0
262    63    67    9.2093870750767446704e-06    4.4041629945583686979e-06    5.50362552516893762e-06    8.0352932667466481512e-16    0
263    63    77    4.1102770815559327462e-06    1.1152345024457843958e-05    3.7622920514238709873e-06    5.1167171899364647073e-16    0
264    63    89    8.9037688621700123326e-06    1.9442283922264430227e-05    1.1321418730768248407e-05    1.3472488289614213933e-15    0
265    64    80    5.3600284847678310459e-06    8.4337082943309409056e-06    8.8247778224640309068e-06    7.2363178144205041722e-16    0
266    64    96    6.0688270825504774059e-06    1.03785745204142558e-05    1.5533458188851766976e-05    3.2620262196588710708e-16    0
267    65    72    2.0645822822062427767e-07    1.3009611831257583735e-07    3.3318880306787062109e-05    2.0657705790207979368e-15    0
268    65    75    1.3973188612481999952e-07    8.7321245982864719218e-08    2.2478260078660929457e-05    2.6973912094393117028e-16    0
269    66    78    3.1777411511771365773e-06    1.2634250207393418641e-05    1.5756293922913076953e-05    2.7573514365097881324e-15    0
270    67    69    5.2948981569991545524e-06    5.1135119016398530438e-06    6.5300923997146506089e-06    9.3380321315919497182e-16    0
271    67    79    5.1218313085764451936e-06    1.5960615762817077968e-05    7.8043150810446173973e-06    1.2486904129671387344e-16    0
272    67    89    8.3594192822723882428e-06    2.4066336286232858672e-05    1.046250471003674993e-05    3.1387514130110249226e-17    0
273    68    80    1.4377406352642509159e-06    7.3028167075919078158e-06    6.4578677563441375906e-06    1.4336466419083984459e-15    0
274    68    83    7.6425395314830404719e-06    1.3411678328782640664e-05    5.6907510966089398791e-06    6.0321961624054761069e-16    0
275    69    79    1.2949416669776170449e-05    1.1792141628624382667e-05    9.2359956860798353765e-06    1.0806114952713404902e-15    0
276    69    86    1.0065872075358439012e-05    1.2379051469758699922e-05    8.3917444925171344564e-06    4.6154594708844230795e-16    0
277    69    86    1.414843326613707291e-05    1.3626836381592442228e-05    9.4337580368240368762e-06    1.5660038341127903321e-15    0
278    69    87    1.3562410116423778851e-05    1.6235860836942943839e-05    9.7041268930293641057e-06    8.345549128005251658e-16    0
279    69    89    1.2758657300484188627e-05    2.1547714615638550756e-05    1.2363149455786744306e-05    1.1374097499323803448e-15    0
280    69    112    1.8171431566652110909e-05    1.5920452103859832331e-05    9.0691948408891205819e-06    9.0691948408891208336e-18    0
281    70    77    2.145364516679897953e-06    1.8606784786464469631e-06    5.9188021396874242105e-06    9.7660235304842507822e-16    0
282    70    89    6.2855038714844557976e-06    9.0304405634445142554e-06    9.6826008023962991858e-06    2.7401760270781528959e-15    0
283    73    81    8.5566530836229723182e-06    6.1389033774316933796e-06    1.0325518303462228925e-05    8.2604146427697825489e-16    0
284    73    87    9.525953076687840277e-06    1.9007678813424747473e-05    7.9372249982860111004e-06    7.9372249982860098746e-16    0
285    73    107    7.3013777549838546779e-06    1.2327211789198321535e-05    1.6162704204501185016e-05    3.2325408409002369579e-17    0
286    73    107    1.4993802336889525543e-05    2.1333196540525960758e-05    1.4566240927941424919e-05    1.0050706240279581637e-15    0
287    74    87    9.271186272246062675e-06    4.4375088746093479592e-06    7.5265750119234244695e-06    5.2159164832629326273e-15    0
288    74    95    1.9060349007367633335e-05    1.2707580144017939383e-05    8.4838823881856800557e-06    8.3311725051983373694e-15    0
289    74    101    2.3810471689137846388e-05    6.2879303376943982548e-06    6.4344587676414792345e-06    1.2740228359930130043e-15    0
290    74    111    2.7069537117672998639e-05    1.0588633684276968277e-05    7.0813322852311514589e-06    2.1952130084216571873e-16    0
291    76    88    2.9787296565609907298e-06    1.7741386553172055167e-05    1.3534331443289937666e-05    2.1654930309263899367e-16    0
292    76    97    1.2029265472769277303e-05    1.7804214317826100951e-05    9.0056339457689648964e-06    1.7110704496961031516e-16    0
293    77    89    1.4558043094717731715e-06    5.9551709354510910869e-06    9.6635494553390666872e-06    1.6717940557736585249e-15    0
294    77    92    7.7509062499999959719e-06    7.1283268543971638052e-06    5.2773708535168168459e-06    4.4329915169541259037e-16    0
295    78    85    1.9087714391970911956e-05    6.7657374072003200464e-06    1.0848282366656496857e-05    8.787108716991761915e-16    0
296    78    88    2.9260399731671863375e-05    1.8613839680039264562e-05    2.4473135865310299001e-05    2.9367763038372350408e-15    0
297    78    91    9.9267893905005213272e-06    7.1563789952192561025e-06    1.1981973030220684703e-05    2.3484667139232540476e-15    0
298    78    94    1.5429062455435460564e-05    1.097653810757154069e-05    1.8033676984101730528e-05    8.2954914126867953281e-16    0
299    78    108    2.4156606739825838568e-05    1.7222710099734295165e-05    1.049964148394466032e-05    1.0814630728462999427e-15    0
300    78    124    2.8687083731393405849e-05    1.7675716159703435326e-05    1.3636648137992040368e-05    3.0000625903582486653e-16    0
301    79    86    9.3058132304522239459e-07    9.6187006181324202964e-07    9.1060454720869999474e-06    2.7955559599307087745e-15    0
302    80    83    9.4788663890351263961e-06    1.5097079393817163122e-05    1.3989244478755493694e-05    2.7978488957510984265e-17    0
303    80    88    1.0200865568873831017e-05    1.9238951676948632416e-05    1.5571788874825212334e-05    1.4014609987342690447e-16    0
304    80    93    6.9827227796874907084e-06    1.8047734733107127341e-05    4.3656706148603964798e-06    9.9537290018817025663e-16    0
305    80    96    1.7281472549288737331e-05    2.1718931503502599011e-05    1.2176676888105794248e-05    2.0700350709779849902e-16    0
306    80    96    6.7801872702775240883e-06    6.9607229976576046182e-06    1.0934885393950774965e-05    5.576791550914895005e-16    0
307    81    82    1.230866800644205186e-06    1.3429857819905208371e-06    1.1800010959799030893e-05    8.850008219849271101e-16    0
308    82    87    1.1341389350194143411e-05    1.8780230680029545042e-05    8.4804349166424289314e-06    2.7985435224920012161e-16    0
309    82    89    5.9856258850051674363e-06    1.2661446417254346785e-05    1.1436229871469963019e-05    5.1463034421614814409e-16    0
310    83    93    2.026334288156327653e-05    2.7171352210471547134e-05    5.4952788887462599555e-06    4.2863175332220823031e-16    0
311    83    104    5.5362983986005837901e-06    6.8616214862490275731e-06    2.0685200241445104899e-05    1.0342600120722551281e-16    0
312    83    104    1.0237353790056877309e-05    4.4060364108415522004e-06    1.3212479200372116884e-05    5.5492412641562884028e-16    0
313    84    88    3.3102402260587018607e-05    4.38818020815070288e-05    1.4465429292926864513e-05    1.4465429292926863073e-17    0
314    84    95    2.3850766686033284214e-05    1.3834815722643959492e-05    9.8279310413449582013e-06    6.2898758664607732963e-16    0
315    84    100    1.0258666191135401178e-05    1.2413569027856917419e-05    7.4080914618244608991e-06    5.2597449378953664841e-16    0
316    84    100    8.7853643527784216431e-06    1.3126740213295911921e-05    6.7707357113652684306e-06    4.6718076408420347754e-16    0
317    84    110    2.7710091933170586818e-05    1.7934499578918948519e-05    1.0245674898555315018e-05    5.0203807002921045574e-16    0
318    84    122    9.276291322587429302e-06    2.0411324120364111477e-05    8.883216562594650661e-06    1.3768985672021707039e-15    0
319    85    92    7.7767801418114233455e-06    1.4618949137603962194e-05    4.1939183346040882292e-06    5.4101546516392735836e-16    0
320    85    94    1.0623963068887311607e-05    1.342097997971150029e-05    6.4253203209323945342e-06    1.1565576577678308798e-16    0
321    85    98    5.1766608219917510615e-06    8.2263180689296121141e-06    7.3503700828763314601e-06    7.7178885870201474736e-16    0
322    86    90    9.593162771391649038e-06    2.9595992948629357646e-06    6.0561827807693713915e-06    6.0561827807693705415e-16    0
323    86    110    1.4509576745087145066e-05    3.7939785594632502105e-05    6.6447652575351757076e-06    2.7243537555894220757e-16    0
324    86    112    1.3489371050057194826e-05    1.4839568964955015932e-05    9.7198623449759781337e-06    1.7301354974057239912e-15    0
325    87    101    8.9046756845070618158e-06    6.8402902057125091975e-06    6.0006297998748723576e-06    1.3381404453720964255e-15    0
326    87    107    1.917176720418208415e-05    1.2571829572120989102e-05    8.7545677733123822468e-06    2.8890073651930856997e-16    0
327    87    107    1.2940343720470249607e-05    8.9024315772211587937e-06    8.9248870398512257404e-06    5.2656833535122227211e-16    0
328    87    107    2.2248957212940795401e-05    1.9056294827618778701e-05    9.8160404156106593836e-06    4.5153785911809031579e-16    0
329    87    111    1.1607253094678365943e-05    1.2355933797036954599e-05    4.8844765014103093046e-06    8.3036100523975256746e-17    0
330    87    112    9.1778741956354199013e-06    1.8030249864472979186e-05    1.3682037973703773455e-05    3.1879148478729786443e-15    0
331    88    90    2.3271803828153834331e-05    5.2245667115050027085e-06    1.4190303408697144518e-05    2.0859746010784799575e-15    0
332    88    93    2.411393757580496854e-05    2.3558957061027763273e-05    6.3697199509878351563e-06    1.5924299877469586016e-16    0
333    88    93    9.1538363137386595704e-06    1.8852725195352883196e-06    1.3975361552076356135e-05    6.3587895061947426813e-15    0
334    88    97    1.2367696817917422204e-05    8.8470229981554753874e-06    1.2887638189326028495e-05    6.0314146726045803466e-15    0
335    88    105    1.8416898608969466312e-05    2.2414228230168524583e-05    1.1879132609260065721e-05    7.4838535438338417816e-16    0
336    88    108    1.7291876837512768471e-05    2.008903683531512946e-05    8.131739215869423476e-06    4.3098217844107941325e-16    0
337    88    110    3.3977881744644546579e-05    2.9373113043074688846e-05    1.0366633980644392177e-05    2.0733267961288784129e-17    0
338    88    115    2.3258541464236918311e-05    1.6178286454133264496e-05    1.3704269326651083869e-05    1.0963415461320866926e-15    0
339    88    115    1.8840372980564737079e-05    1.5407797942354711611e-05    1.2496351663141208867e-05    2.999124399153890282e-16    0
340    88    116    1.1513219183108428653e-05    1.5067924599555023585e-05    7.6826028965474054799e-06    2.9424369093776561027e-15    0
341    88    118    9.8751854220878667213e-06    9.9481557648845589858e-06    8.7246702482498740295e-06    1.6576873471674756111e-15    0
342    88    118    1.4642752270336914646e-05    1.162941757657227516e-05    9.8912851174193090168e-06    9.8912851174193082774e-18    0
343    88    124    2.0467881333294836172e-05    1.882708524577561226e-05    1.0850976747615429142e-05    9.5488595379015771402e-16    0
344    88    133    1.9731453476850862488e-05    1.7335417526281061962e-05    1.0131558104314411189e-05    6.3828816057180789812e-16    0
345    89    99    1.4194939457436597747e-05    4.6724060090998969778e-06    1.0321261936861733798e-05    2.9931659616899026822e-16    0
346    89    112    1.6240153536362965446e-05    3.0000451766029632495e-05    1.3974930391399118158e-05    1.2018440136603239568e-15    0
347    89    121    1.0130278369612135474e-05    7.0077250184372745764e-06    1.3136945183263817367e-05    1.8785831612067253307e-15    0
348    90    105    1.1316276077856979562e-05    1.2650619315319448657e-05    8.3095802983525591747e-06    3.6562153312751255458e-16    0
349    90    110    9.8333410854450347148e-06    3.8635931442141100464e-05    6.0298903866534623363e-06    1.0914101599842765131e-15    0
350    91    94    3.1428592356584593234e-06    6.4409447704267292842e-06    1.1154291113048880928e-05    1.8069951603139185798e-15    0
351    92    94    4.8287671551049581915e-06    4.8287671551049581915e-06    5.4752116402116392124e-06    1.1935961375661371263e-15    0
352    92    94    1.5843298355956226994e-05    1.5565527253745150931e-05    5.4272148298893522003e-06    7.0553792788561574635e-17    0
353    92    98    3.44705261832067467e-06    4.6714892887254093676e-06    6.4476438385005133526e-06    1.9471884392271548232e-15    0
354    93    96    8.7790767807570471183e-06    1.3295294753193119617e-05    7.9148807761148372932e-06    1.7887630554019527766e-15    0
355    93    116    4.0603566054788778488e-06    1.1558830462839540036e-05    5.8848133382706031681e-06    1.8242921348638867034e-15    0
356    94    98    8.7693863000980941608e-06    1.176210180266294048e-05    1.2599736491426172092e-05    7.6858392597699648119e-16    0
357    94    98    1.4275510177650242542e-05    2.2535000000184314604e-05    1.1790717740759887672e-05    4.7162870963039549995e-17    0
358    94    113    1.0315098036217255271e-05    6.5071113421248913918e-06    1.2225406279336847526e-05    9.7803250234694772842e-17    0
359    95    111    2.2389665428435564316e-05    8.3028880375688608316e-06    8.4723458385274133395e-06    3.6431087105667872751e-16    0
360    95    119    1.76128314738892553e-05    1.3496855778594143421e-05    9.9451044764123885911e-06    3.3316099995981500295e-15    0
361    95    122    1.1405081569181234376e-05    8.1327770834993710967e-06    1.0587582946372821381e-05    2.6998336513250690542e-15    0
362    95    132    1.6650476287773999365e-05    8.6982075164098620387e-06    9.409076751354438704e-06    3.9518122355688637773e-16    0
363    96    124    2.1644475687857405328e-05    1.532543344408148926e-05    1.2541532701106376376e-05    4.2641211183761679395e-16    0
364    96    129    1.2188380864335345526e-05    1.73610253089245138e-05    1.0158099475475762411e-05    3.9413425964845957854e-15    0
365    96    137    1.8112211708522192111e-05    1.2884230028233778029e-05    2.1284012816125014189e-05    6.3852038448375046606e-17    0
366    97    115    7.6351721760852827138e-06    6.4357184876533240269e-06    9.90457726724974239e-06    8.5674593361710268455e-15    0
367    97    115    2.1516802138135219808e-05    2.2895595560740037225e-05    1.0905327330837939461e-05    4.3621309323351759442e-17    0
368    97    118    2.1640611265227809143e-05    2.5458664478661542874e-05    8.1001554577268276012e-06    9.7201865492721933425e-17    0
369    97    118    1.793628908398618607e-05    2.2328347705137441997e-05    7.8955418859485882208e-06    1.0264204451733163804e-16    0
370    97    118    2.3925996559464767014e-05    3.0395879081770315098e-05    7.8248278438870742259e-06    8.6073106282757813129e-17    0
371    98    112    1.0699744549069391427e-05    2.9316140973017027762e-05    1.2375979122257990182e-05    3.8365535278999774737e-16    0
372    99    107    3.8296500572768547694e-06    9.9701743728941598008e-06    2.2458855263437505487e-05    8.9835421053750013998e-17    0
373    100    110    9.8453387103141734338e-06    7.4025548383508714764e-06    7.1058177059762350826e-06    2.7215281813888978966e-15    0
374    100    115    2.0280086983132230232e-05    1.9899855629112643232e-05    8.0361523075501548101e-06    9.5630212459846821234e-16    0
375    100    115    2.244389993585632303e-05    2.4710470364917048325e-05    8.5218186210169618141e-06    8.5218186210169618842e-18    0
376    100    127    1.5211748803853994376e-05    1.4368911088477032191e-05    7.8874636988679492635e-06    1.3408688288075512465e-16    0
377    100    128    1.1084903865583037655e-05    7.2197484114194660146e-06    6.6978931143822347059e-06    3.1480097637596496351e-15    0
378    101    126    6.4320782964360591731e-06    1.0355911746046542204e-05    6.1521795712257798636e-06    7.3826154854709344486e-16    0
379    103    104    5.0300032847509884809e-06    8.7777627972527754775e-06    1.0319293483797665963e-05    3.8181385890051360683e-16    0
380    103    124    3.7949723663720575352e-06    1.1571567523556105421e-05    6.9039699413202559625e-06    1.215098709672364963e-15    0
381    103    125    5.3423314369707833776e-06    1.2556203612236515452e-05    7.4512571697822121435e-06    3.7256285848911059505e-17    0
382    103    125    5.8453510332885855113e-06    1.2973059091659070702e-05    7.582474331682001272e-06    1.2131958930691202705e-16    0
383    104    120    1.0663500701961154072e-05    1.04335329589729508e-05    1.2082315251736256155e-05    1.8123472877604379911e-16    0
384    105    108    1.1430278708724191057e-05    6.2792122317928448182e-06    1.0103373592157204692e-05    4.4353810069570129556e-15    0
385    105    110    2.0059452614449716282e-05    4.3049997221255686519e-05    7.0462097848785513606e-06    3.7344911859856320517e-16    0
386    105    130    7.9238792221778547598e-06    7.753085912277512634e-06    5.7460488296070436445e-06    1.6606081117564356097e-15    0
387    105    133    1.6202104107097432535e-05    1.7761677471636947426e-05    9.0605941730394031804e-06    1.4315738793402257296e-15    0
388    105    133    1.7916336745768737121e-05    1.9985148101789179946e-05    8.9861460418958075065e-06    3.2350125750824907046e-16    0
389    107    112    9.061321820888333344e-06    2.4463039513392489553e-05    1.2425218472691374703e-05    1.826507115485631746e-15    0
390    107    117    1.0458193232880968579e-05    7.1948411444254632577e-06    6.2928372297762417124e-06    5.4118400176075668972e-16    0
391    107    126    1.1566512121761319518e-05    1.1345943977688362333e-05    7.6638968707101713603e-06    2.9889197795769665376e-16    0
392    107    138    2.0398905536511677586e-05    1.815241730349731827e-05    9.9359604949877398169e-06    3.6763053831454633656e-16    0
393    107    138    1.4410132838247770908e-05    1.0853741756844654699e-05    1.0889940599217935767e-05    8.4941536673899885286e-16    0
394    107    142    1.4331136593911136365e-05    7.667349353697256386e-06    1.5983402410582574221e-05    1.4704730217735966222e-15    0
395    108    118    2.1653914577391315821e-05    1.4200213673876531666e-05    7.2359472739543701273e-06    2.3878626004049416676e-16    0
396    108    124    1.097118902292346695e-05    1.5854560963734991405e-05    8.7965555691023027959e-06    8.70859001341127927e-16    0
397    108    125    9.0958472201363773784e-06    1.3055289667240009397e-05    8.8691076142628353962e-06    3.2815698172772488804e-16    0
398    108    130    9.0921391031911378763e-06    9.2516624845167957046e-06    5.634449358744615129e-06    5.6344493587446152932e-18    0
399    108    130    9.1170140731315431923e-06    9.0851363039455358174e-06    5.6934192683853114778e-06    1.8788283585671525957e-16    0
400    109    112    5.9371814520175638006e-06    2.9498082451341843524e-05    1.089170384131793054e-05    2.1783407682635862059e-17    0
401    109    117    3.962873950874411114e-06    3.7795192666786603623e-06    5.25396290049672691e-06    1.1558718381092797275e-15    0
402    109    121    2.9949552831665739137e-06    5.9815544907936032921e-06    1.5602439313627377497e-05    1.4198219775400909997e-15    0
403    109    142    1.2179684200451933483e-05    1.0302222641477162972e-05    9.6088729786373614205e-06    6.6301223552597793059e-16    0
404    110    112    4.6293832109583106787e-05    1.6636994956883105576e-05    6.5339319936743700857e-06    2.4175548376595163772e-16    0
405    110    115    3.9579713685432474962e-06    1.078689617896358332e-05    7.684768823311264891e-06    4.4725354551671556105e-15    0
406    110    119    2.9881334863554393692e-05    5.6651982871519202488e-06    5.7178342101815394103e-06    3.6079533866245509275e-15    0
407    110    128    5.6457132018329196112e-06    4.429495186130418311e-06    8.5776738256484472085e-06    2.8906760792435263538e-15    0
408    110    133    3.9625973847727279694e-05    2.1315326126096510918e-05    7.392069957688242321e-06    2.3654623864602374939e-16    0
409    111    112    5.5592062270952013149e-06    1.0465582313462090262e-05    7.259864995890014695e-06    1.8875648989314036477e-15    0
410    111    119    5.4194175663890521092e-06    1.6927988434285272797e-05    5.69597503994140931e-06    5.8668542911396514595e-16    0
411    111    123    3.8257477866181985044e-06    2.8444506344313853107e-06    4.3910809152034798597e-06    6.8500862277174277518e-16    0
412    112    117    2.5171338686334504987e-05    3.3890319231692210306e-06    1.0287538250682693965e-05    2.3352711829049711771e-15    0
413    112    117    2.2710124679287657364e-05    1.8321829070659319711e-05    5.7438317562576737357e-06    5.7438317562576735252e-18    0
414    112    119    1.8770730735289933362e-05    1.1630561367139236352e-05    1.12781450815883491e-05    4.0601322293718052721e-16    0
415    112    123    1.4761845663431499761e-05    1.2273534216146572191e-05    4.752044767793529967e-06    4.1817993956583061427e-16    0
416    112    140    1.9918460506692994556e-05    1.7030254965924225845e-05    1.2869307537784399406e-05    1.2097149085517334117e-15    0
417    112    140    6.2719025431989719032e-06    4.3760940235583221255e-06    1.4433054199981005942e-05    4.2721840431943770568e-15    0
418    112    149    1.9115643396878420461e-05    7.8296782781253913196e-06    1.278051604769529308e-05    4.4731806166933517919e-16    0
419    113    134    1.28160056179763945e-07    1.9653244007033812929e-07    3.2144557128759734354e-05    3.1180220414896941599e-15    0
420    114    125    1.64002157227184349e-05    1.112056709272959558e-05    1.2936126811306169023e-05    3.8808380433918499751e-15    0
421    114    125    2.8801209470760335207e-05    1.7071887489435544989e-05    1.4045814772735239063e-05    2.0647347715920797251e-15    0
422    114    134    1.2340369656415754772e-05    1.7007549190481711167e-05    3.6569535146001041516e-05    8.7766884350402501694e-16    0
423    114    134    3.7728296388974210838e-06    3.3069568401810287142e-06    3.1707911061509376288e-05    5.7708398131947057677e-15    0
424    114    143    7.3612098146816177402e-06    6.3667179276792499958e-06    2.1322786593860491638e-05    1.0448165430991640328e-15    0
425    114    143    1.8835043058835378832e-05    1.2387619130615861913e-05    2.492508632937412289e-05    4.9850172658748247243e-17    0
426    114    145    2.9043022497421006067e-05    1.1769536356998198565e-05    1.0766820230690215694e-05    9.4748018030073895403e-16    0
427    115    118    1.5740604048120118567e-05    2.1101991595471962358e-05    7.6443667776379446656e-06    1.8346480266331065054e-16    0
428    115    119    2.6162487248167260346e-05    1.3329760566444184228e-05    8.4863170767158233808e-06    1.0098717321291827803e-15    0
429    115    128    2.53982118360338317e-05    1.5169262062252205324e-05    8.9796881538550563464e-06    9.5184694430863602446e-16    0
430    115    128    1.6587289412054446975e-05    1.1743837287125019899e-05    9.6022908088497240349e-06    1.1330703154442671664e-15    0
431    115    133    2.2860507834793851304e-05    8.4656152927948547513e-06    7.7038391645280073254e-06    4.0445155613772033351e-15    0
432    115    152    2.3928860809116057234e-05    8.6930703323046228993e-06    7.6643278469456903052e-06    1.9160819617364223416e-16    0
433    115    157    2.0953421629378248914e-05    7.063146954153207133e-06    7.517032381889623273e-06    4.8334518215550272162e-15    0
434    115    170    2.8219599615577075041e-05    9.443421712250236471e-06    7.5032728431142525386e-06    3.4965251448912410556e-15    0
435    116    118    3.4830308661328993564e-06    5.3298509024639559249e-06    7.2396509211016935698e-06    6.4070910651749980956e-15    0
436    116    137    1.3954833423600566269e-05    5.8665724826983335597e-06    6.1858296764719978861e-06    2.5980484641182388538e-16    0
437    117    126    2.0785819354125137907e-05    1.4249553246017478451e-05    4.3230268511107462138e-06    1.1672172497999013535e-16    0
438    117    138    1.9711899906399362885e-05    1.3829150771716842205e-05    4.3641183399170512268e-06    1.2961431469553643372e-15    0
439    117    140    5.7431909541404951627e-06    1.939124448371536808e-05    7.6884790863453360759e-06    5.6894745238955480986e-16    0
440    117    140    1.3844069577875841605e-05    1.4546109381180886841e-05    5.2595997719318782494e-06    4.2076798175455025845e-16    0
441    117    142    1.5989205811733380776e-05    6.7992278663680647455e-06    3.6554085562077855365e-06    4.2402739252010311989e-16    0
442    118    124    1.3931440406590701685e-05    1.4992268810236194029e-05    9.090184702011688635e-06    1.5907823228520455104e-15    0
443    118    129    1.8821822499230502575e-05    1.5334011087154126267e-05    7.9454401012915130303e-06    7.9454401012915134663e-18    0
444    118    133    1.6508205557195571771e-05    1.1729786478076426287e-05    7.4894286185892512542e-06    4.9430228882689051657e-16    0
445    118    136    8.1266145472443577613e-06    1.0612751576011237534e-05    7.8788436890409305798e-06    4.1285140930574471384e-15    0
446    118    137    1.7098338577904676839e-05    1.234006425913884296e-05    7.5383287578710178717e-06    2.3368819149400156788e-16    0
447    118    147    1.8320725908622478742e-05    4.5118919222192105134e-06    5.4566710385401147586e-06    1.4623878383287507211e-15    0
448    119    122    1.3468761891816004908e-05    1.8133617047456445742e-05    1.0123680092132040942e-05    9.6174960875254365233e-16    0
449    119    123    1.6833628630593864916e-05    6.9960323874204064621e-06    6.1078228801657950329e-06    6.7186051681823735685e-16    0
450    119    149    1.5236557444054408471e-05    9.9877070473083605904e-06    7.1429559226306846742e-06    5.2857873827467061185e-16    0
451    120    129    3.1114888975131148182e-06    6.571795218332547394e-06    8.7938231316577495993e-06    8.0903172811251286269e-16    0
452    120    129    8.3784360988759815504e-06    1.4434064777451256832e-05    9.4324241691029301753e-06    3.7729696676411716019e-16    0
453    121    141    7.8519174251784962573e-06    1.1572173437916172885e-05    1.1989301508318527263e-05    2.3978603016637054655e-17    0
454    122    128    7.9971687570476815161e-06    1.157191251847943081e-05    7.8165681079742423425e-06    1.9306923226696376326e-15    0
455    122    132    1.4343624244229429509e-05    1.2899112409399720246e-05    1.159999884033794659e-05    3.0043996996475279976e-15    0
456    123    126    5.6047518746147678503e-06    8.3037775365408320738e-06    5.3535579369744162867e-06    1.0867722612058067241e-15    0
457    123    131    4.2652808158173165167e-06    2.9137415015114713516e-06    3.6310761656998428594e-06    1.8518488445069198457e-16    0
458    123    156    1.3407046942758124082e-05    1.0417156158702377052e-05    3.8335659372607002447e-06    5.7503489058910496006e-17    0
459    124    125    1.2612570822864559319e-05    4.3794394107965484831e-06    7.0041613353222441872e-06    2.2413316273031178498e-15    0
460    124    125    9.5390628545946112035e-06    1.1721235625136076328e-05    9.4812670010813238558e-06    2.465129420281144002e-16    0
461    124    129    1.0236406732740825404e-05    7.7976484070055510751e-06    9.1592699169916031002e-06    5.1017133437643219803e-15    0
462    124    136    1.2272462901963851305e-05    8.3778007866781614271e-06    8.7480019628907094135e-06    2.0120404514648630009e-16    0
463    124    136    1.3964825589044496413e-05    7.0368619981933868562e-06    7.8186842674129090707e-06    7.8186842674129090858e-18    0
464    124    136    1.1837782729708510774e-05    7.5238594861267583445e-06    8.5032867354194145303e-06    1.1054272756045237797e-16    0
465    124    136    1.4656787343972476348e-05    1.1176545947464071957e-05    9.1634002899549660146e-06    1.0996080347945959222e-16    0
466    124    146    1.0233878158024902914e-05    6.4707003033798498936e-06    7.9558530556047747396e-06    1.7661993783442599427e-15    0
467    125    130    1.823019257993758907e-05    8.0107965151973889418e-06    7.5241831803889823793e-06    1.2264418584034042256e-15    0
468    125    143    1.4272784368457778112e-05    7.8576840134807010319e-06    8.1049868948534623577e-06    7.942887156956393085e-16    0
469    125    144    1.8059046412847816059e-05    5.1002103673000596368e-06    6.703478483225117051e-06    1.5418000511417767815e-16    0
470    125    145    2.5647531330983649637e-05    9.3337863449467176231e-06    7.1295318137176183655e-06    9.0545054034213750626e-16    0
471    125    146    1.0655164542726378591e-05    4.308802119502512355e-06    7.3410298013722706601e-06    6.4601062252075976792e-16    0
472    125    146    1.2204922485954998267e-05    9.5772026172806093501e-06    7.0091296028382254617e-06    2.1027388808514677477e-17    0
473    125    151    1.5002712692601699419e-05    1.3125655100976111168e-05    9.8004305509939638097e-06    7.8403444407951709097e-16    0
474    126    138    5.9131839674354329082e-06    5.5906932757040266388e-06    7.3831465516772507745e-06    2.458587801708524003e-15    0
475    126    156    8.5057511327802902694e-06    1.3407114730005791796e-05    6.4550468676962948568e-06    7.2296524918198492461e-16    0
476    128    155    8.6536958251295353076e-06    6.6234169196151246903e-06    8.1600060190578851016e-06    3.4516825460614853638e-15    0
477    128    170    1.7337969033775517597e-05    1.4943598973987605623e-05    8.6061164789823213885e-06    9.2946057973009066392e-16    0
478    129    136    6.0838298075420472051e-06    3.0392959494294705661e-06    8.9496423256185821766e-06    3.5709072879218137607e-15    0
479    129    146    2.1100554796199396605e-05    1.1959822672599776735e-05    8.5189405071233453165e-06    1.9593563166383693133e-16    0
480    129    163    2.2724192485155243987e-05    1.3067922007338712975e-05    9.4002189783132042309e-06    4.3241007300240736315e-16    0
481    129    164    1.5485296967273029533e-05    7.4051471349920319965e-06    8.8221361150014615814e-06    4.8521748632508031275e-16    0
482    129    174    2.9106778828939260014e-05    2.2578062299007579689e-05    1.0597614407469901942e-05    2.1195228814939803667e-17    0
483    130    133    8.570988072582294185e-06    1.2436991653575119911e-05    6.9652276460351048026e-06    1.1422973339497572621e-15    0
484    130    139    4.4435339117414237995e-06    1.3883398261581190249e-05    1.0023662964025666121e-05    2.5460103928625191136e-15    0
485    130    151    8.7449060883254325699e-06    7.0498637003976828954e-06    5.132631283668054751e-06    7.6476206126653999728e-16    0
486    130    154    7.0198173237269647094e-06    1.4008018894755096522e-05    8.5123738973303662337e-06    1.7024747794660730646e-16    0
487    131    149    2.0435646731110912038e-06    5.5821638181126684427e-06    7.4167581556981345203e-06    4.1533845671909548862e-16    0
488    132    156    1.3415580009647428515e-05    1.8859549228210098769e-05    6.7588409576445232594e-06    9.4623773407023316167e-17    0
489    132    156    1.0584463938790656442e-05    1.8101636843495955967e-05    6.2587732471409523701e-06    3.2545620885132948838e-16    0
490    132    158    3.5187429761165304689e-06    2.1805295465344870531e-06    1.2643313554064198714e-05    1.1884714740820344082e-15    0
491    133    147    1.2444517749076530207e-05    7.8087154804167585478e-06    7.7115363743701896158e-06    2.1592301848236529547e-16    0
492    133    154    1.1761677471636947274e-05    1.4385198806030908278e-05    1.0533559792942700321e-05    1.369362773082551023e-15    0
493    133    157    9.306249376825090038e-06    8.9208284468932219223e-06    9.280406099306078222e-06    2.9697299517779448142e-16    0
494    134    193    1.8570826138336844551e-05    2.4310018938106463628e-05    6.9244253406706944023e-06    2.0773276022012084666e-17    0
495    136    137    1.4727779206725371067e-05    1.027532268228659404e-05    7.5751670123794090288e-06    7.2721603318842326899e-16    0
496    136    147    2.4731259298319897469e-05    1.153033258100723862e-05    6.5423868634790586713e-06    5.3647572280528293196e-16    0
497    136    182    2.1772457389019695876e-05    1.3718746292143673137e-05    7.2735908183429793703e-06    1.0183027145680170612e-16    0
498    138    142    1.4795859283986038547e-05    8.6375917480293736505e-06    7.4097080630371132742e-06    4.6681160797133817165e-16    0
499    138    148    1.4923812973748229623e-05    9.9920011419141662525e-06    7.8108864166569366255e-06    4.8427495783273016335e-16    0
500    138    156    1.1503296310487881661e-05    1.4496426517992732963e-05    7.08342508552054501e-06    9.9167951197287615452e-17    0
501    138    160    1.0186334488415447585e-05    1.5185465209325197151e-05    6.6469283311785835666e-06    1.8146114344117529849e-15    0
502    138    161    1.5943107817136857401e-05    5.4256770432381164627e-06    6.2706401907353999747e-06    2.8844944877382836599e-16    0
503    138    179    1.7485677449137073622e-05    1.4573622345383737856e-05    8.577813666691848547e-06    1.1580048450033995939e-15    0
504    139    140    6.4925332388720040776e-06    9.0766609793178040821e-06    1.0174592078405771367e-05    1.0581575761542000057e-15    0
505    139    154    1.6947449050282715447e-05    1.0546946883477762691e-05    1.2318910799156827953e-05    3.9420514557301849032e-16    0
506    140    149    1.0868627575925615772e-05    7.5790349320509514295e-06    1.0068009622294855942e-05    9.9673295260719060503e-16    0
507    140    153    1.7483068907450361834e-05    8.7793208099518527961e-06    8.9103252468388264104e-06    4.0096463610774714348e-16    0
508    140    161    1.009120079904962097e-05    8.498149274351992819e-06    6.2794669275004581574e-06    8.854048367775645032e-16    0
509    140    173    8.3536998160164302425e-06    1.016757466365692737e-05    7.8290659858207900599e-06    4.3059862922014338578e-16    0
510    141    166    9.1326743329260444887e-06    8.7317360018472364676e-06    1.1231527099198111794e-05    2.9538916270891029294e-15    0
511    141    169    7.1777747453590440226e-06    1.3997567182640746749e-05    8.3627744590172383869e-06    2.1241447125903783926e-15    0
512    143    146    1.2237413979445978861e-05    1.6418213716108450692e-05    5.3788141581942017545e-06    1.5598561058763187877e-16    0
513    143    146    1.0016050369712373741e-05    9.0528748156200458875e-06    6.4914574962767252375e-06    2.9211558733245260708e-16    0
514    143    150    3.1216040042722478434e-06    2.5115080845853841581e-06    1.3823493024015013635e-05    6.0823369305666053664e-16    0
515    143    174    8.7642762158952908512e-06    1.663124789123374497e-05    1.0940420165436997519e-05    9.9557823505476649107e-16    0
516    144    150    3.0409886240466393345e-06    7.9169601384653715464e-06    8.5305059910126929227e-06    2.3885416774835536799e-16    0
517    145    169    6.4475481636260733987e-06    7.7620421870573358782e-06    6.84289623658799551e-06    2.593457673666850477e-15    0
518    145    176    7.9406236162670584274e-06    1.2887816272890965404e-05    6.0815281805302742545e-06    1.3257731433555995942e-15    0
519    146    151    7.3004890978792553183e-06    1.6963154387224819791e-05    8.1730481037646302342e-06    9.8076577245175564031e-17    0
520    146    167    6.1061159698981366505e-06    1.1939805879444565515e-05    3.9215543780651920621e-06    2.9411657835488936135e-16    0
521    146    174    8.845074157985014174e-06    1.9228293667377693887e-05    9.7812769414421943468e-06    1.2715660023874851653e-15    0
522    147    152    1.1695465915016229366e-05    6.6541377019685489535e-06    8.5637238293952431455e-06    1.1646664407977530443e-15    0
523    147    157    8.3928552637260687703e-06    1.484085926919103814e-05    7.3741724568480287248e-06    3.8345696775609745757e-16    0
524    148    171    6.1171703674332940237e-06    4.7546428031196668237e-06    1.2249672868783073541e-05    7.3498037212698425699e-16    0
525    149    154    5.8513202180185284863e-06    7.9559086226960201742e-06    1.281114698214189454e-05    1.1273809344284866619e-15    0
526    149    156    7.686512746350583847e-06    1.0789962745279698634e-05    6.7629274813533949874e-06    1.0820683970165432335e-16    0
527    149    178    1.0253970137822406293e-05    1.2547556925015216381e-05    1.1593674466168086887e-05    3.362165595188744701e-16    0
528    150    159    7.3632485018194617499e-06    4.0366886875226074425e-06    6.7380536138504736925e-06    5.9968677163269208173e-16    0
529    151    154    9.2816861407645612865e-06    1.2859361902474488525e-05    1.2775532915738648288e-05    1.5713905486358531882e-15    0
530    151    159    1.3371408130320007408e-05    5.0643126800262514478e-06    7.8780300210465378487e-06    6.3812043170476946155e-16    0
531    151    180    1.1043605786609478372e-05    1.3267308683633584308e-05    5.8122999359345396057e-06    7.7303589147929384576e-16    0
532    151    196    1.3845745348143065578e-05    2.0974637320702393348e-05    7.0544396477601367841e-06    9.1707715420881769785e-16    0
533    152    184    3.4273398026534253097e-06    4.6656137832164249434e-06    1.8227785724427642884e-05    4.5569464311069101718e-16    0
534    153    166    4.0837211530462754638e-06    9.5850867802006797233e-06    7.8286217877669284483e-06    8.689770184421290024e-16    0
535    154    178    5.5395377153504859091e-06    7.1939356547657404558e-06    1.1292671070565432379e-05    1.5809739498791602742e-16    0
536    154    178    1.0217247205742774428e-05    1.4862709480515508165e-05    1.0765770966499947051e-05    8.1819859345399584058e-16    0
537    155    170    2.2138108889651083959e-05    1.3780933604047571048e-05    9.1691878614880385014e-06    2.3198045289564734169e-15    0
538    155    170    1.4970313053771853979e-05    1.4267338568827044563e-05    1.1037183011735904198e-05    1.1368298502087982711e-15    0
539    155    185    7.7744440085681465284e-06    9.3057604466466433741e-06    1.2415675806870968503e-05    3.836443824323128725e-15    0
540    156    158    1.8078950544206695729e-05    1.0026459747040989876e-05    6.1397722035336139526e-06    2.6401020475194533808e-16    0
541    156    160    2.3064548796935727855e-06    2.3659860828131626417e-06    7.8565062461445030531e-06    5.727393053439341654e-15    0
542    156    161    1.0447600305585861644e-05    1.0329711055894002134e-05    5.7740973437829122474e-06    3.4067174328319175996e-16    0
543    157    170    1.1246540346823377275e-05    1.4997825046675458178e-05    9.925661215095548832e-06    5.1911208154949728286e-15    0
544    157    182    2.1313671832520104547e-05    2.023194621658772497e-05    9.1816479643096348307e-06    1.7169681693259015002e-15    0
545    157    201    2.0545610147277724235e-05    1.7193171482404112302e-05    7.8963577542196510689e-06    4.0271424546520218685e-16    0
546    157    201    2.0174378749432496095e-05    8.7785661887734281803e-06    6.7599932519065444747e-06    3.9883960186248606388e-16    0
547    158    183    6.0924545314662408442e-06    1.004429922952111603e-05    6.9915508861871062288e-06    3.425859934231682147e-16    0
548    159    172    9.6166032495420373458e-06    1.7636186393313532525e-05    5.8266025156808266136e-06    5.8266025156808266593e-18    0
549    159    172    9.1916454428120637196e-06    1.8144018765517010741e-05    5.6807444480693067439e-06    5.6807444480693066179e-18    0
550    159    177    6.0664843287659924018e-06    1.2718736407877517152e-05    4.4389644568728640672e-06    2.1750925838677034578e-16    0
551    160    161    1.0727138482441148955e-05    4.7973221701584624571e-06    5.7574537362360793402e-06    1.4048187116416032274e-15    0
552    160    171    2.6685193525512332987e-05    7.6982295820611763122e-06    5.1259761118274851013e-06    1.6403123557847951599e-16    0
553    160    173    2.9297063576538067781e-05    1.1040699155635883328e-05    5.4775397357601632634e-06    8.7640635772162607465e-17    0
554    160    178    2.6587200743744247194e-05    1.7271374945659231757e-05    6.5626573934171372532e-06    6.7595371152196511324e-16    0
555    160    179    2.7378514753138701802e-05    1.8526985762152917023e-05    6.6704120991816272265e-06    2.9349813236399158168e-16    0
556    160    186    2.7900373571178545745e-05    9.7163511744170417197e-06    5.3637531685818148092e-06    9.1183803865890845646e-16    0
557    160    191    1.4221972035789697122e-05    7.9015726083181705931e-06    6.1886042871717447325e-06    2.4692531105815260454e-15    0
558    160    191    2.2084122372432679968e-05    1.3431309497306456187e-05    6.3978606742524916741e-06    6.3978606742524910058e-17    0
559    160    191    1.688434335761347622e-05    1.9662230512725409299e-05    8.611133401198868041e-06    6.3722387168871613925e-16    0
560    160    191    2.4504148049840630927e-05    1.385229192541450802e-05    6.227252950101711161e-06    1.6813582965274618375e-16    0
561    161    173    6.3167514676616924455e-06    1.180334071027209727e-05    6.5979939799778686713e-06    6.993873618776540168e-16    0
562    161    179    9.1813030666438691135e-06    1.6555116301635551534e-05    8.0468652370152567421e-06    2.6554655282150344242e-16    0
563    163    181    1.3283718542687143727e-05    1.452587427008985343e-05    1.092033551136691269e-05    2.1840671022733826462e-17    0
564    163    194    2.3205199737277738267e-05    2.6499116672684173523e-05    1.1715814167983315422e-05    2.1088465502369966152e-16    0
565    163    198    6.8050207816882802973e-06    1.4690773451323763479e-05    9.1707416015964506967e-06    1.3756112402394672633e-15    0
566    164    168    1.752402159170330112e-06    2.7719599634125698687e-06    1.5348835698473346588e-05    1.2125580201793943527e-15    0
567    165    172    1.0033804443972491754e-05    1.2880237570052594458e-05    6.7079055623944753455e-06    1.2275467179181889688e-15    0
568    165    174    1.0011083322801413468e-05    1.6228614953231323287e-05    1.1584546544208243121e-05    5.4447368757778738175e-16    0
569    165    174    1.0722234441545780084e-05    2.1735931855889013337e-05    1.0699103165185323315e-05    1.2517950703266827313e-15    0
570    165    193    1.789109152616857022e-05    1.6180372393998563153e-05    8.2662394181316841844e-06    9.919487301758021966e-17    0
571    165    197    8.1132466472713698813e-06    6.420635849473553155e-06    8.9085274201614828775e-06    6.6813955651211109268e-16    0
572    166    169    1.3510178636356293241e-05    1.7477377133528787957e-05    9.8012976145483501764e-06    2.0288686062115081492e-15    0
573    166    176    1.0483017030668228094e-05    1.812876974653389092e-05    5.9389814029596708561e-06    1.3659657226807242553e-15    0
574    166    192    7.2480125513763530426e-06    6.5189288353506251106e-06    1.042723705351963643e-05    3.2324434865910873688e-16    0
575    166    192    1.3778122216517070807e-05    9.680076584384659312e-06    9.346636437776864256e-06    3.3647891175996711503e-16    0
576    167    174    6.7995111397239020302e-06    9.6635144824838088208e-06    6.2821514146389388782e-06    1.9977241498551825818e-15    0
577    167    177    1.284071306612906104e-05    1.3497610040094894107e-05    5.3220066737971189863e-06    1.3251796617754823679e-15    0
578    167    194    3.9129248591029466028e-06    1.2601964837589065709e-05    8.1855370836385651895e-06    2.3901768284224607104e-15    0
579    168    181    3.8633996299984667313e-06    5.3073037187185635974e-06    9.8562641949962974131e-06    5.8151958750478148915e-16    0
580    168    181    5.5649247289719650024e-06    4.6037100099901000493e-06    1.2599065119459204929e-05    3.7797195358377616021e-17    0
581    168    182    1.2456655577083064918e-05    1.1917955960538127215e-05    9.9244464365853316375e-06    5.9546678619511998458e-17    0
582    168    194    1.1319089792536522526e-05    1.0193170235391896527e-05    1.3182158458373860487e-05    4.4819338758471111156e-16    0
583    169    172    9.0407452772075776268e-06    3.5240758165960255376e-06    7.6828895363301377691e-06    1.5903581340203381081e-15    0
584    169    176    3.4522265290832457087e-06    4.6185177746643679746e-06    6.5757650464433220583e-06    5.5696729943374932067e-15    0
585    169    189    9.5110371359853108659e-06    6.9453347354222388558e-06    7.9669864061296927536e-06    7.9669864061296927399e-18    0
586    169    189    1.2364553909459619291e-05    1.2614115980048547705e-05    6.6583351825281040688e-06    1.3982503883309015913e-15    0
587    170    178    2.3589548214880135663e-05    1.6663275197332739005e-05    9.6789529731805768126e-06    2.9811175157396173154e-15    0
588    170    178    3.1546745225973920083e-05    1.9108613340504453857e-05    9.1079888566054617962e-06    1.8215977713210922086e-17    0
589    170    185    1.5989977460515528162e-05    1.443176531734149056e-05    1.0791651040594590669e-05    3.7770778642081060464e-16    0
590    170    185    1.9232617248905604625e-05    2.2794307243414509693e-05    1.2394838604795291263e-05    6.9411096186853624776e-16    0
591    170    185    2.719495529717066065e-05    1.7022553004924293856e-05    9.2226891684356022641e-06    3.6890756673742409528e-17    0
592    170    187    1.3069463252072386668e-05    7.0169293112443179944e-06    8.7175781494236634486e-06    1.1594378938733472247e-15    0
593    170    187    1.7070929269169373218e-05    7.663813808566218136e-06    8.2186766816837666943e-06    6.0818207444459860954e-16    0
594    170    190    3.5330847105222877092e-05    1.1696115543880237353e-05    7.549957978536928634e-06    2.2649873935610786612e-17    0
595    171    179    1.7275709190553870738e-05    1.4923429843889327915e-05    9.9850163570864956678e-06    4.9925081785432476693e-17    0
596    171    204    9.5306070567099085194e-06    1.5171172704526074152e-05    5.5517419447548268851e-06    5.4407071058597313199e-16    0
597    171    204    1.564872013264131698e-05    8.6637338288617408798e-06    8.3232009257099534344e-06    3.9119044350836773493e-16    0
598    172    174    1.039927100731272803e-05    2.2939226269632901327e-05    1.041283323399128967e-05    3.2488039690052818297e-15    0
599    172    176    8.541662574949682193e-06    9.7369904675442580028e-06    7.0640662398330728719e-06    9.324567436579655352e-16    0
600    172    177    1.2880237570052597846e-05    7.0154583297483552319e-06    5.8243084791542796674e-06    8.4452472947737048083e-16    0
601    172    180    1.7177833458548692823e-05    1.9789951467270046456e-05    5.9252715085860758895e-06    1.0072961564596328297e-16    0
602    172    188    9.913343948109886632e-06    1.5642950956481098998e-05    9.7204601605021997415e-06    1.3705848826308098876e-15    0
603    173    178    1.130632707680365642e-05    2.3086145890582663958e-05    9.5044789185906430461e-06    9.6945684969624551388e-16    0
604    173    179    1.1298572482649704382e-05    8.3937165395665462006e-06    7.4908151645224252304e-06    1.737869118169202674e-15    0
605    173    186    5.0722564078769438658e-06    5.6160521862651072188e-06    7.5910535484559617486e-06    3.7955267742279814295e-15    0
606    173    192    1.406646619437445283e-05    1.7268225896352772309e-05    9.5740762166707294622e-06    3.8296304866682914547e-17    0
607    174    177    2.1475246805891536989e-05    3.5369592139346012639e-06    8.3447915294415440896e-06    3.2043999473055530584e-15    0
608    174    188    3.6701513883711869043e-05    1.9138497930271015522e-05    1.0900920714472576268e-05    1.0791911507327850037e-15    0
609    174    194    1.8731249929471003338e-05    2.1344647335261103017e-05    1.1727462083517189577e-05    1.1727462083517189622e-17    0
610    174    194    1.3100413775877195433e-05    1.7904457364084942349e-05    1.0816295258576803654e-05    3.5693774353303445754e-16    0
611    174    197    2.9115399689995640625e-05    7.1891258262085155835e-06    8.9338707847237896841e-06    1.429419325555806334e-16    0
612    174    197    3.4467558998984390193e-05    4.5534713954197507781e-06    8.1112887819280876672e-06    2.4333866345784264088e-17    0
613    176    178    2.5515822411458956981e-05    2.7808850241923140621e-05    7.8641890617503043727e-06    7.8641890617503038024e-18    0
614    176    189    2.6871868976221220723e-06    3.4383059257458095156e-06    5.9903153373671126565e-06    3.5282957337092288493e-15    0
615    176    192    1.6834320391590236991e-05    1.9890110581043522774e-05    8.2090859986881432495e-06    3.2836343994752569675e-17    0
616    176    195    1.4188313538560498584e-05    4.4183419562993107965e-06    4.9348375199059186805e-06    4.5400505183134449567e-16    0
617    176    196    1.4736990467544257565e-05    1.6134717620440103752e-05    7.8829210125447403748e-06    6.9369704910393708855e-16    0
618    176    196    2.0074985349664686417e-05    1.0391163193086105481e-05    5.7108090186227071969e-06    1.1421618037245414197e-17    0
619    177    203    8.367833171108293906e-06    7.8464920169407469916e-06    5.3846956969383786084e-06    6.4616348363260526588e-16    0
620    178    186    1.1396325834805514737e-05    9.474277847952095391e-06    8.7864430757803010837e-06    1.8275801597623023836e-15    0
621    178    190    8.9579253444454900524e-06    4.3411896990975977278e-06    9.4717809802941335982e-06    5.9388066746444207158e-15    0
622    178    196    1.7776188929730313629e-05    1.200640901645237026e-05    1.054078335394366502e-05    1.317597919242958127e-15    0
623    178    202    1.389936348494077192e-05    3.8923045721847074465e-06    8.1665400793480609639e-06    1.0779832904739438997e-15    0
624    179    204    1.0770541305442544073e-05    6.8494107928056030717e-06    8.7714559709951289837e-06    2.973523574167348238e-15    0
625    180    195    1.4862715257731404255e-05    4.8929307098206382338e-06    4.2162138728383490559e-06    4.005403179196430767e-16    0
626    180    196    6.0611191171696734845e-06    4.3171653350507593726e-06    5.4312814230722138406e-06    2.0584556593443689427e-15    0
627    180    203    6.5908104525967405076e-06    6.1263441350437973368e-06    5.4091171246739090298e-06    1.3685066325424987377e-15    0
628    181    198    1.5609087431893060735e-05    1.3647439334852841627e-05    1.0691259872785445758e-05    2.5659023694685073418e-16    0
629    181    199    2.1746808861842034343e-06    1.5083588524733275759e-06    7.8346860817384945068e-06    1.8959940317807157721e-15    0
630    181    206    1.1281451513295570542e-05    3.9637083458002715869e-06    6.5969783619490329388e-06    6.5969783619490327891e-18    0
631    181    206    1.2551082209474618965e-05    3.2431056947965820021e-06    7.1779389252857744998e-06    7.1779389252857745498e-18    0
632    181    206    1.0125563731848855682e-05    7.9930439194737990292e-06    3.8880101443999683604e-06    3.8880101443999681181e-18    0
633    182    194    1.2007161429377063229e-05    1.2483491175797907429e-05    9.8976108378704925146e-06    1.5440272907077966322e-15    0
634    182    199    1.6087595770891906677e-05    2.6510890489872184167e-05    5.1557247395345054156e-06    2.1654043906044921719e-16    0
635    182    200    3.9778687341385186239e-06    1.6269738197966165399e-06    5.9498691457429205037e-06    2.2787998828195382597e-15    0
636    182    201    2.2538137978894386067e-05    1.5768701551012279138e-05    8.247620216434819375e-06    4.2062863103817575347e-16    0
637    182    201    2.115225337718139515e-05    8.8076373965122650754e-06    6.8731203880518860059e-06    1.5670714484758295947e-15    0
638    182    201    1.6966970338821256155e-05    1.2811387677534244795e-05    8.3617948771671578003e-06    3.3447179508668630961e-17    0
639    183    190    7.6243337209746608294e-06    1.5119558049879076858e-05    4.7990343090565140054e-06    9.4061072457507670275e-16    0
640    183    191    3.5639619945790665362e-06    1.5433564069474024121e-05    6.1461627177907042857e-06    1.794679513594885585e-15    0
641    184    199    1.2055118358227595945e-05    6.8536741851940653869e-06    8.852383375755243887e-06    8.40976420696748047e-16    0
642    186    189    3.0249502461655817116e-05    1.8262034161145990744e-05    6.3966266173325648042e-06    8.3156146025323337864e-17    0
643    186    192    2.7890042088705986709e-05    1.2503451762320235997e-05    5.7767883355203823576e-06    6.6433065858484395179e-16    0
644    188    189    2.1615564038827812473e-05    2.4173910297406820069e-05    6.3690097942843575173e-06    3.2481949950850224623e-16    0
645    188    193    5.8359096473140216371e-06    2.5663967875869688415e-06    9.3043943545438348263e-06    1.9818359975178367418e-15    0
646    189    192    2.2059018309150409625e-05    7.8216357633646527934e-06    4.55467175391722584e-06    2.960536640046196775e-16    0
647    189    195    1.3198065833057285624e-05    5.7607644729659426608e-06    4.8300810030564483356e-06    1.9320324012225793144e-16    0
648    189    196    2.3549463952973866078e-05    1.0973169836782773305e-05    4.9291956958235840189e-06    6.407954404570658726e-17    0
649    190    191    1.2754943345380508011e-05    1.6745920129813646833e-05    7.3787766593661567911e-06    1.3208010220265421507e-15    0
650    191    205    1.9851382351268234407e-05    5.2547645435348664593e-06    6.3148428217895561382e-06    2.3364918440621355875e-16    0
651    193    197    1.2725228936462170486e-05    8.9533591011078521608e-06    6.6876122816366681954e-06    6.6207361588203007982e-16    0
652    194    198    1.4163613503179779961e-05    1.7570476418309492669e-05    1.1319783811206783885e-05    4.6411113625947811893e-16    0
653    194    198    1.1424485059690582322e-05    1.046991507456818013e-05    1.197033165351515943e-05    7.1821989921090959213e-17    0
654    194    199    2.007569846996693996e-05    2.4973809628528918986e-05    5.7879547620064318515e-06    1.5627477857417365307e-16    0
655    195    196    7.4829398357765891807e-06    8.7755939503305433472e-06    4.7228218247129868996e-06    4.7228218247129867018e-17    0
656    196    202    8.2264180591406829549e-06    5.7537575604598313928e-06    5.1902054721077182703e-06    8.0967205364880396206e-16    0
657    199    206    1.0066039497086673785e-05    8.8796100502085483039e-06    3.6595726523776292885e-06    1.0978717957132889013e-17    0
658    200    203    8.867681903755458443e-06    1.0259452178255397951e-05    3.725326640328947159e-06    9.015290469596050877e-16    0
659    201    202    1.1021504588793215411e-05    8.0741795697611408683e-06    5.0519646345430661846e-06    9.6997720983226879073e-16    0
660    204    205    1.9725739130982569382e-05    1.1974667227123935012e-05    5.4796361496001886644e-06    5.479636149600188517e-17    0
