1    -1    10    0    5.7519614262552006391e-07    5.7690926275992410809e-06    2.6653207939508492564e-15    0
2    -1    13    0    2.078728530864212178e-05    1.2518119658119656533e-05    1.5898011965811964467e-15    0
3    -1    15    0    2.2742606780965332302e-06    4.5264745762711867922e-06    1.0637215254237287253e-15    0
4    -1    22    0    9.1420481658760116469e-06    7.9239999999999990104e-06    2.4564400000000000347e-16    0
5    -1    22    0    7.4138616501779708128e-06    7.9239999999999973163e-06    5.546799999999997633e-17    0
6    -1    22    0    4.0028604418765641187e-06    7.9239999999999990104e-06    4.0412399999999996754e-16    0
7    -1    32    0    1.6932090110215696063e-07    6.4071523178807939568e-06    1.4352021192052975239e-15    0
8    -1    48    0    1.9889682603401827364e-05    2.9412175102599180844e-06    3.0294540355677154009e-16    0
9    -1    48    0    6.6634688458893483675e-06    2.9412175102599180844e-06    5.2941915184678510739e-17    0
10    -1    48    0    1.1798185462723759118e-05    2.9412175102599180844e-06    5.0000697674418603405e-17    0
11    -1    48    0    1.0068394320997765601e-05    2.9412175102599176609e-06    2.9412175102599177341e-18    0
12    -1    49    0    2.6925824035672563458e-08    2.6656565795315791237e-06    1.7326767766955263767e-16    0
13    -1    51    0    2.8342987562775153655e-06    3.742174462705436399e-06    9.8044970922882421202e-16    0
14    -1    56    0    7.1289161263271375667e-06    5.0468795355587807528e-06    2.5789554426705363787e-15    0
15    -1    60    0    9.3389414448511042671e-06    2.290761904761904473e-06    4.5128009523809517304e-16    0
16    -1    60    0    1.2209238095238093071e-05    2.290761904761904473e-06    2.2907619047619043593e-18    0
17    -1    63    0    4.4150940636461510823e-06    3.1512789115646262919e-06    4.033637006802721657e-16    0
18    -1    70    0    8.8849890939731152701e-06    4.7989430894308931171e-06    1.276518861788617553e-15    0
19    -1    79    0    1.3875603073540948489e-05    1.9436889460154240971e-06    6.9000957583547560541e-16    0
20    -1    98    0    2.1796343916686690103e-05    4.9851795649974712089e-06    3.2802481537683356337e-15    0
21    -1    104    0    1.4789232593988006935e-05    6.2405082508250828019e-06    3.026646501650165101e-15    0
22    -1    111    0    2.5000000000000184157e-08    2.4749999999999953617e-06    2.9204999999999939123e-16    0
23    -1    128    0    8.0433243791234653803e-06    1.07250000000000015e-05    1.6945500000000002901e-15    0
24    -1    129    0    8.6927650854125189113e-06    4.4316396629941677996e-06    1.4580094491250809774e-15    0
25    -1    132    0    3.1955281280883007627e-07    1.7419999999999993727e-06    2.3516999999999993425e-16    0
26    -1    135    0    4.5610033584533309119e-06    4.0558406113537110322e-06    3.5610280567685588583e-15    0
27    -1    142    0    3.3641289727567788841e-05    8.7291008771929808904e-06    3.0901017105263149294e-15    0
28    -1    142    0    1.8734511412525934877e-05    8.7291008771929808904e-06    4.9755874999999989293e-15    0
29    -1    142    0    3.5849481424176811288e-05    8.7291008771929808904e-06    8.7291008771929803399e-18    0
30    -1    145    0    1.7391562107862446762e-05    5.6572990353697739487e-06    1.1314598070739547909e-17    0
31    -1    145    0    1.1408749130506237556e-05    5.6572990353697739487e-06    6.3361749196141457199e-16    0
32    -1    145    0    9.2842537621141605318e-06    5.6572990353697747958e-06    9.6174083601286170326e-17    0
33    -1    145    0    1.3714071592440745957e-05    5.6572990353697747958e-06    7.9202186495176833825e-17    0
34    -1    145    0    1.8964845469120478335e-05    5.6572990353697747958e-06    5.657299035369774725e-18    0
35    -1    148    0    7.3170978683101429104e-06    3.6487582314205081358e-06    1.6492387206020694771e-15    0
36    -1    174    0    8.7096589762616748046e-06    3.8302772277227724364e-06    1.0954592871287129376e-15    0
37    -1    175    0    1.5124451111070056397e-06    7.219679487179486611e-06    3.1549999358974355812e-15    0
38    -1    175    0    2.080263305122462237e-05    7.219679487179486611e-06    3.609839743589743029e-17    0
39    -1    179    0    2.7104680746788149027e-06    2.0065224913494808511e-06    2.468022664359860607e-16    0
40    -1    180    0    3.3616455579881623068e-06    4.4645923632610944447e-06    1.5626073271413828976e-15    0
41    -1    194    0    8.7891979156234651804e-08    8.701305936467242387e-06    3.819873306109119186e-15    0
42    -1    195    0    1.3847561409524994697e-05    6.7011611785095317079e-06    9.2476024263431522321e-16    0
43    -1    195    0    5.5564894936217289344e-06    6.7011611785095325549e-06    4.6908128249566716936e-16    0
44    8    0    1.6517096196059572648e-06    0    6.90691176470588147e-06    1.7957970588235290837e-16    0
45    8    0    1.2324985333439641226e-06    0    6.9069117647058823171e-06    1.4504514705882351998e-16    0
46    12    0    8.4175455440986424074e-07    0    3.3115573770491800592e-06    7.1198483606557368962e-16    0
47    16    0    2.9940525250134999904e-05    0    1.1679782293178518548e-05    1.4482930043541364666e-15    0
48    28    0    1.0056598241807925714e-05    0    5.0182151898734167703e-06    9.6851553164556939418e-16    0
49    38    0    3.9154109812570666091e-07    0    3.7617708333333334039e-06    9.6677510416666666398e-16    0
50    41    0    3.1644491317480903547e-06    0    4.851160639192598642e-06    2.6244779058031952798e-15    0
51    43    0    1.4633809938644585109e-05    0    4.2142668863261940654e-06    3.7506975288303120929e-16    0
52    55    0    3.7196487045040299156e-06    0    5.0695492111194572876e-06    1.3383609917355365287e-15    0
53    59    0    3.5574383187788474552e-05    0    7.4052631578947362897e-06    1.6735894736842101255e-15    0
54    71    0    4.4803398874989778612e-07    0    6.6999999999999993792e-07    1.3399999999999998031e-17    0
55    77    0    5.2285381142925753246e-06    0    4.4280658436213993383e-06    4.6051884773662548182e-16    0
56    84    0    4.6613167900831607173e-06    0    5.0982938578883986642e-06    4.5578747089522278324e-15    0
57    85    0    3.9397361412001863606e-06    0    2.1635416666666668809e-06    2.8126041666666664966e-16    0
58    93    0    1.0484571564973825452e-05    0    7.9612951807228911615e-06    9.2351024096385534818e-16    0
59    93    0    1.9447644966608595507e-05    0    7.9612951807228911615e-06    2.5476144578313250134e-16    0
60    94    0    1.865347696028070467e-05    0    4.6971118973905344435e-06    3.4288916850950898678e-16    0
61    94    0    9.347460007797607891e-06    0    4.6971118973905344435e-06    1.8788447589562138077e-17    0
62    94    0    1.2774293312265616102e-05    0    4.6971118973905352906e-06    1.2400375409111011932e-15    0
63    99    0    1.7707590719829759812e-05    0    5.8773621103117528377e-06    1.5692556834532377964e-15    0
64    106    0    5.0000000000001638864e-09    0    4.9500000000001198959e-07    1.4355000000000349247e-17    0
65    107    0    5.9945815592282583118e-06    0    1.8952853598014886466e-06    3.5820893300248122559e-16    0
66    114    0    6.769813800799516989e-06    0    3.1422999999999999672e-06    4.8705649999999991047e-16    0
67    117    0    2.5484342247702147684e-06    0    3.7958545454545455294e-06    3.4162690909090905649e-16    0
68    117    0    9.9972596786791701124e-06    0    3.7958545454545451059e-06    7.591709090909089973e-18    0
69    118    0    1.4643145043273805576e-06    0    3.560623306233062702e-06    4.8424476964769647965e-16    0
70    123    0    6.8929809350450722011e-06    0    5.2828147268408562828e-06    1.0565629453681711635e-16    0
71    123    0    8.1429068552567064463e-06    0    5.2828147268408554357e-06    1.3207036817102138311e-16    0
72    123    0    1.4598080625230192597e-05    0    5.2828147268408554357e-06    5.3884710213776719972e-16    0
73    127    0    7.4453738403245007353e-06    0    3.1965244865718801237e-06    8.4707898894154808457e-16    0
74    127    0    9.6584356456105635363e-06    0    3.1965244865718805472e-06    9.2699210110584544951e-17    0
75    139    0    4.48033988749897892e-07    0    6.6999999999999983204e-07    4.0199999999999994094e-18    0
76    143    0    2.7955718176259251938e-05    0    4.8657686882933706942e-06    1.0023483497884343178e-15    0
77    154    0    2.3545903405499526371e-06    0    1.7987215909090908158e-06    2.9139289772727265964e-16    0
78    161    0    1.3513001748748922851e-05    0    4.270417495029821759e-06    2.7416080318091455483e-15    0
79    166    0    1.0381922170459173413e-05    0    5.3422630230572161112e-06    2.6337356703672073237e-15    0
80    167    0    2.9586083592062868621e-05    0    7.390260196905764755e-06    8.3509940225035117187e-16    0
81    167    0    1.1351404617085538874e-05    0    7.3902601969057664491e-06    4.7667178270042193355e-15    0
82    176    0    1.9001606211721906785e-05    0    3.5871077844311374401e-06    1.43484311377245493e-17    0
83    185    0    2.0990063850159563164e-06    0    3.5799019607843145356e-06    1.2637053921568628806e-15    0
84    185    0    7.1555533160076235073e-06    0    3.5799019607843149591e-06    3.5799019607843149102e-18    0
85    186    0    6.8030319159227227159e-06    0    4.7403644646924818513e-06    8.4378487471526162892e-16    0
86    189    0    1.3462313431527613396e-06    0    6.6693784277879344333e-06    1.3538838208409506972e-15    0
87    200    0    2.0615528128088175905e-08    0    2.040937284680739579e-06    6.3269055825102938464e-17    0
88    203    0    2.2470065541656602638e-07    0    8.9333333333333317997e-07    2.6799999999999996063e-18    0
89    1    5    6.8209561529701743569e-06    8.553373122327439051e-06    1.093556942293558791e-05    2.7338923557338969302e-16    0
90    1    6    6.9833471877152810824e-07    7.3699480287564432979e-07    2.0533963814247272275e-05    8.2135855256989087066e-17    0
91    1    24    5.3150729063674080784e-08    6.3442887702248263663e-08    1.1542768059826160481e-05    3.4628304179478481235e-17    0
92    1    26    8.3763408049972220074e-06    1.2603276654039904898e-05    1.5423752123340538268e-05    2.0050877760342698764e-16    0
93    2    3    1.6311114212113440457e-05    2.3572947660515493828e-05    6.3975900912986224261e-06    8.9566261278180701602e-17    0
94    2    26    8.4447802177067945111e-06    7.8912734249716910971e-06    1.887157243221776267e-05    1.887157243221776209e-16    0
95    2    39    2.3665397544351569514e-06    1.1282314174423305057e-05    1.230458402406646791e-05    6.5214295327552278923e-16    0
96    2    40    9.2542565455537739201e-06    1.0479614832948327944e-05    9.7559050708030567141e-06    1.3658267099124278113e-16    0
97    3    23    3.8027156916529339579e-06    8.0917914831130694669e-06    7.949781595458757215e-06    5.0083624051390171675e-16    0
98    3    23    6.4779311916772397049e-06    7.0666591727351773275e-06    7.9060665427288773205e-06    4.348336598500881663e-16    0
99    3    26    9.7926608878338662005e-06    1.6375929781731222919e-05    1.0104400216565473394e-05    6.9720361494301762744e-16    0
100    3    39    3.1415748985340287755e-06    2.352234739916126636e-05    1.1529548879967593968e-05    1.0146003014371482808e-15    0
101    4    9    8.3435567589544656182e-06    7.6122368295595603619e-06    5.9529181290590189399e-06    4.1075135090507226717e-16    0
102    4    21    9.2436693988745634906e-06    1.250804675520906194e-05    8.129549222556251497e-06    8.7799131603607507654e-16    0
103    4    21    2.0383239181794705447e-05    2.1534446638935912969e-05    7.104629580315876232e-06    2.8418518321263505701e-17    0
104    4    37    3.6045423710799209801e-06    7.473903718253571876e-06    6.9085649655379109021e-06    1.1122789594516036113e-15    0
105    4    39    2.0151387567900011673e-05    3.4308346852556351506e-05    9.3365817759865487598e-06    7.8427286918287006487e-16    0
106    4    50    1.0822184063217437394e-05    1.9082999190066204839e-05    6.0445680718829611385e-06    1.1363787975139965202e-15    0
107    5    15    6.6954970959082249808e-06    1.1943194515729421538e-05    7.0640701366726542035e-06    1.3421733259678039123e-16    0
108    5    22    4.5288105969076098361e-06    1.29625985742054236e-05    1.0692449162755593767e-05    3.8492816985920135381e-16    0
109    5    45    9.0391645849928742957e-06    1.8392826001744761431e-05    9.0171203824265446788e-06    8.4760931594809504931e-16    0
110    6    26    3.3408499050810148179e-06    1.2762739697321556694e-05    1.1691082466843511297e-05    2.8058597920424427669e-16    0
111    6    36    3.4966892679809192569e-06    4.1886893386404139663e-06    1.6113947078305380673e-05    2.2559525909627529978e-16    0
112    6    36    1.3465511177474917258e-06    2.8472709171805722796e-06    1.2935881314684936121e-05    3.88076439440548104e-17    0
113    6    36    9.2552459832724307459e-07    1.6218935909099703799e-06    1.3794078877624142286e-05    1.1035263102099313984e-16    0
114    8    21    9.8962748593372944271e-06    2.6212425555259443241e-05    9.9360188762437698373e-06    3.9744075504975076282e-16    0
115    8    28    1.0074292915284887749e-05    1.8439193021606372659e-05    7.7599278925648159489e-06    1.551985578512963034e-16    0
116    8    28    9.0977744434057983389e-06    1.0927003529228550814e-05    9.1963587938193701993e-06    8.9204680300047895062e-16    0
117    9    21    2.9262456467115129925e-06    5.4950466220337744228e-06    8.1731929424439697429e-06    4.021210927682431923e-15    0
118    10    22    1.4061439387452699724e-05    1.2827299679312606181e-05    1.103184546341218428e-05    4.1921012760966289605e-16    0
119    10    22    1.6462641447816469289e-05    1.1737597577551594702e-05    9.8823625341950075958e-06    2.0752961321809513941e-16    0
120    10    25    2.3713953348011894087e-05    5.7016380558998728203e-06    7.1561780110782854833e-06    8.3727282729615930741e-16    0
121    10    32    2.0674243016755463985e-05    1.3342780648488211651e-05    9.4923601449870409345e-06    1.0061901753686262748e-15    0
122    10    35    1.2098475757606392918e-05    1.6041441160181571328e-05    1.341836694838193742e-05    2.536071353244185703e-15    0
123    10    49    1.1326228369679513516e-05    5.7853278899198245857e-06    8.7158893359659087458e-06    2.5276079074301136765e-16    0
124    10    51    2.3566271039951561554e-05    2.1062059046919486661e-05    7.9292815955097121182e-06    7.6121103316893236313e-16    0
125    11    25    5.4560149210892308586e-06    5.1818954214952446058e-06    4.6213619523240438537e-06    3.9743712789986770579e-16    0
126    11    35    8.3920388204048310045e-06    1.55273309455027618e-05    1.0431704148264108066e-05    6.9892417793369527706e-16    0
127    11    39    3.8461170837306317064e-06    1.0906115129856366192e-05    1.3758041068430251796e-05    1.7885453388959326551e-15    0
128    11    39    7.0755233040028224189e-06    1.8714273082051001646e-05    1.3340200619739478826e-05    1.4674220681713425822e-16    0
129    12    14    1.4188442622950815867e-05    1.1005263056160578106e-05    5.8801662813868340381e-06    2.5284715009963384923e-16    0
130    12    19    1.152926470260665003e-05    1.3166600865415249781e-05    7.0934077683122086596e-06    7.6608803897771845442e-16    0
131    13    20    5.5360197977822465156e-06    8.500932297828089852e-06    1.2343919236402525719e-05    1.8515878854603784987e-16    0
132    13    35    1.1342104054482643496e-05    3.8883690961183736494e-05    1.0692976482658778998e-05    3.3148227096242218652e-16    0
133    13    35    1.9558927876589403589e-05    3.1107647141672144274e-05    1.3483221162433996212e-05    6.2022817347196376129e-16    0
134    13    56    2.2586487915802002952e-05    9.4875623181898542961e-06    1.7061692173348692056e-05    2.5592538260023034194e-16    0
135    14    19    5.4992836419660921823e-06    8.5290421678835537909e-06    9.2467896836825832802e-06    1.4609927700218480901e-15    0
136    14    23    6.2391381152603588635e-06    1.0347742739701798318e-05    8.6690704016265716876e-06    9.3625960337566955049e-16    0
137    14    29    9.2310261453913839411e-06    7.8497107378768322852e-06    9.2341123925075034774e-06    1.8006519165389633317e-15    0
138    15    22    1.8522386566961051706e-05    1.0668713068998950417e-05    7.1336795546239864489e-06    1.1413887287398379203e-16    0
139    15    48    9.0317435438902480876e-06    7.8407118161639930294e-06    6.3292163147438897406e-06    1.5823040786859724002e-16    0
140    16    18    7.734771772910523709e-06    1.0046753801356056771e-05    9.2489747913395293621e-06    1.6370685380670965859e-15    0
141    16    18    1.0715150644337028082e-05    1.5969747846281441827e-05    8.7320825569360650478e-06    3.5801538483437869275e-16    0
142    16    38    1.3494989712766084042e-05    9.7752155373475494262e-06    8.9550127115980110535e-06    1.8805526694355820739e-16    0
143    16    38    1.3164734204431175681e-05    4.0093068069899598116e-06    1.5236848461399330181e-05    1.5236848461399329428e-17    0
144    16    43    8.8194015249789742337e-06    5.0188257699834932444e-06    1.1619846100935167627e-05    9.7606707247855406389e-16    0
145    16    43    8.5586789933576802348e-06    3.4179018749106795802e-06    1.4767102746584899163e-05    1.4914773774050746008e-15    0
146    16    59    2.4939817982709981182e-05    2.4379166992730900488e-05    1.498082615096297057e-05    1.2883510489828152656e-15    0
147    16    78    1.4323364664268882653e-05    2.1168871827916125705e-05    1.1669796176559671256e-05    6.3016899353422221215e-16    0
148    17    20    2.6778517412629067212e-06    4.9441293375318526551e-06    1.1524573293116314727e-05    5.6931392067994589725e-15    0
149    17    46    5.651339125967840964e-06    8.2674716971708221626e-06    1.1348662461006563194e-05    2.349173129428358747e-15    0
150    18    21    1.7990060094855770312e-06    5.247071522920028502e-06    9.685860134630278382e-06    3.273820725505033765e-15    0
151    18    59    1.8862608392946603777e-05    2.6162239064419523808e-05    1.2473859228101905714e-05    3.4926805838685331358e-16    0
152    19    30    9.7579481354332344909e-06    1.3884973212843639589e-05    1.328207774805273418e-05    1.1953869973247459048e-16    0
153    19    30    2.7733280615867128555e-06    4.1265852125187396502e-06    1.3042556938711809785e-05    4.1866607773264903724e-15    0
154    20    35    1.2624580536183181804e-05    2.6967303052210402753e-05    1.2153683508760634835e-05    2.0053577789455050897e-15    0
155    20    35    1.9508809917371593108e-05    3.5588010016115892258e-05    1.2816283440394321444e-05    1.3072609109202207412e-15    0
156    20    46    1.5399045456553376796e-05    1.0585401434838974513e-05    1.2614396769519779559e-05    1.0848381221787009328e-15    0
157    20    52    1.6983536606427650966e-05    5.3897088280687660349e-06    9.8479915309036138675e-06    1.8120304416862646354e-15    0
158    20    57    1.7944304784450024231e-05    1.5104001403533361236e-05    7.3121675585244509367e-06    7.3852892341096956119e-16    0
159    20    57    2.4318440823461094592e-05    1.1732948089517979484e-05    1.0268424118638248905e-05    2.0536848237276496289e-17    0
160    20    57    2.7670510530737576279e-05    1.2304303274687145204e-05    1.0799809344243006487e-05    3.6719351770426218449e-16    0
161    20    97    3.7959673532300421659e-05    3.1763746061058805022e-05    1.0995522001151932816e-05    1.7592835201843091859e-16    0
162    21    28    2.6628678246578356393e-05    1.2766846884747128508e-05    1.0670998126297899121e-05    1.0670998126297899622e-17    0
163    21    28    2.5562888961687692236e-05    1.4000827841104082925e-05    1.1163359501369240372e-05    1.1163359501369239877e-17    0
164    21    46    1.7022984542545232086e-05    1.7771918430316156941e-05    1.4356706761227089084e-05    2.584207217020876402e-16    0
165    22    40    1.2734744312799727042e-05    1.0058905723710681034e-05    1.173988199919250651e-05    5.6351433596124029395e-16    0
166    22    48    1.2532086961765753647e-05    2.228277900099896226e-05    4.5953915076052667465e-06    6.8930872614078983553e-17    0
167    22    51    1.2776564457084842123e-05    2.0221339469938076042e-05    6.1066139353473169131e-06    6.106613935347316105e-17    0
168    22    51    7.9092686917240774915e-06    1.8012135455101653547e-05    5.3853923582527586032e-06    3.3389432621167107109e-16    0
169    23    26    1.0379444886960013247e-05    1.5740864317647314838e-05    1.3609983986865369795e-05    1.0887987189492295787e-16    0
170    23    27    8.5469328408240452955e-06    5.955021473856420633e-06    7.1772249318825968853e-06    5.0958297016366432809e-16    0
171    23    29    9.5333442805970019114e-06    8.2514943485148375729e-06    1.0089231324749665261e-05    1.3015108408927067204e-15    0
172    23    30    7.6183724260620488801e-06    1.3158016685776890487e-05    1.2316563902807339795e-05    1.601153307364954104e-15    0
173    23    39    1.0995751557863303775e-05    2.9606382427895971846e-05    1.3948658923332485132e-05    2.7897317846664971183e-17    0
174    23    53    4.2716153930200511106e-06    9.7401982158154957109e-06    1.5373121040564402106e-05    1.7679089196649058545e-15    0
175    24    26    3.2454984279729981842e-06    1.4530356993992450709e-05    1.1335225552983461852e-05    1.1335225552983462372e-17    0
176    24    34    1.2884517706667044916e-06    3.7042273863523640822e-06    8.5696267417299835733e-06    2.39949548768439492e-16    0
177    24    34    5.7986419480441507132e-06    8.1763633413519270262e-06    1.0867200628396691002e-05    6.52032037703801544e-17    0
178    25    39    4.8375844872149034969e-06    1.2420482674624179812e-05    8.0309310007411244568e-06    7.5490751406966559624e-16    0
179    25    47    4.754600217295745383e-06    9.2441727781307222545e-06    3.4817944287076849831e-06    4.9441480887649118699e-16    0
180    26    27    9.7964583537635292071e-06    4.0706089902830905225e-06    1.0040112833817015883e-05    3.6144406201741253706e-16    0
181    26    27    1.0402858943288029951e-05    5.7274503529227196929e-06    8.3003177468267140727e-06    1.2948495685049671873e-15    0
182    26    34    1.0157273524965899014e-05    3.3587254103919524056e-06    1.2329541953529744042e-05    2.5152265585200676337e-15    0
183    26    36    1.3345187034600889319e-05    6.7874375180959607381e-06    1.3978213556493168733e-05    5.5912854225972671605e-16    0
184    26    36    1.0715590128098953065e-05    5.2885721793981915097e-06    1.3838620356848944373e-05    9.4102618426572799884e-16    0
185    26    40    8.362984296525454361e-06    5.5546103463744539805e-06    1.2981090509136653823e-05    1.908220304843088089e-15    0
186    26    53    1.4739556693726480475e-05    1.5291931332235723993e-05    1.8878538553177938913e-05    2.8317807829766902976e-16    0
187    27    36    7.2630634948050496507e-06    9.6031912385750019609e-06    6.8440341949510123641e-06    7.5284376144461135439e-17    0
188    27    53    5.0683843374146834841e-06    1.2216108528659300206e-05    1.0050795991228366798e-05    7.236573113684423373e-16    0
189    28    29    1.0833038004881616968e-05    1.4097799405250702485e-05    9.9142270148324358552e-06    5.8493939387511364111e-16    0
190    28    37    1.5696305485298919048e-05    2.1420845330231925101e-05    8.075966749575500263e-06    2.6650690273599146846e-16    0
191    28    44    6.3137688460885033748e-06    4.2053922940789026038e-06    6.4918630425313793715e-06    1.9735263649295387537e-15    0
192    28    55    1.0600820523965873594e-05    1.0969465721225967451e-05    9.9687286871535843691e-06    8.1743575234659396878e-16    0
193    29    37    6.8058675446619599874e-06    1.0380851575233306959e-05    7.7164312982540626237e-06    6.9447881684286563981e-17    0
194    29    37    1.1601828810817851537e-05    1.7615912028687435195e-05    7.7303293215613781551e-06    7.7303293215613779341e-18    0
195    29    39    9.6527159554598434849e-06    3.1425150093084511401e-05    1.3295340162222422589e-05    1.7018035407644700333e-15    0
196    29    44    1.4752400556846721551e-05    9.6623077118424500001e-06    6.5579096756549885318e-06    4.5905367729584917088e-16    0
197    29    55    1.4393343097787825199e-05    1.5817049363085960241e-05    9.6827839220798427874e-06    2.9048351766239530928e-17    0
198    29    55    1.6101379944150957151e-05    1.7497018981674049835e-05    9.7347289242636818259e-06    1.0610854527447412183e-15    0
199    29    58    8.9625411943461360837e-06    1.0298645900233248328e-05    1.2048284232537282202e-05    3.0120710581343199578e-16    0
200    29    58    1.2071694583971902032e-05    1.4599518621220725179e-05    1.2307653852536595176e-05    7.5076688500473221736e-16    0
201    30    41    1.0697899552959034164e-05    1.8520831145847891405e-05    7.6532610862335834543e-06    2.6480283358368197655e-15    0
202    30    41    1.2711801458043168176e-05    9.0502781352652428336e-06    1.1664983370916057388e-05    1.3997980045099268692e-16    0
203    30    53    9.4696408098127484961e-06    8.9640059676370808009e-06    1.5184051985992527605e-05    1.4728530426412752312e-15    0
204    30    53    1.393103858274294667e-05    1.1894179441488264353e-05    1.4460071103149014002e-05    9.5436469280783475932e-16    0
205    32    35    1.2756615578856004238e-05    1.1856469307528512611e-05    1.2362196140909155999e-05    8.7771592600454990872e-16    0
206    32    35    1.0521791155341378836e-05    1.7610922887055414519e-05    1.3224181187860458418e-05    1.6530226484825573232e-15    0
207    32    70    1.0828421274415080279e-05    1.9185426820992019186e-05    7.5075081856966956677e-06    5.7057062211294875607e-16    0
208    32    79    1.0306754660884861867e-05    2.6713770815798769484e-05    2.6936064788785526574e-06    5.3872129577571055105e-18    0
209    33    36    5.0017216214812124214e-06    1.0381335464304354958e-05    1.3013803467260914737e-05    1.4315183813987006093e-16    0
210    33    53    3.2977685898398927629e-06    6.6988386507137238804e-06    1.5947352794471951991e-05    1.3714723403245876179e-15    0
211    34    45    1.0896155298627079044e-05    1.2016519050233334204e-05    1.1528056873487221341e-05    9.1071649300549040869e-16    0
212    34    45    1.2489998312574063528e-05    8.3886940552503532625e-06    1.0628373358318505442e-05    2.0193909380805155832e-16    0
213    34    45    1.6906701735866982582e-05    1.2675795666908193799e-05    1.1125046388000919378e-05    2.2250092776001836921e-17    0
214    34    68    1.6363057022606826511e-05    7.6300535564418264572e-06    9.3228350061634155819e-06    6.2462994541294882943e-16    0
215    34    68    1.483743988182993787e-05    9.4503675106745493639e-06    1.0407711001722145448e-05    4.8916241708094072161e-16    0
216    34    82    1.9161521797952992137e-05    1.8639514472652917549e-05    1.2542947214356588344e-05    4.0137431085941082169e-16    0
217    35    46    1.2130839382097352772e-05    1.1515214834020545323e-05    1.505775226051765328e-05    1.0389849059757180699e-15    0
218    35    46    1.9578356366416473327e-05    1.7370376663121030316e-05    1.5597817209185460443e-05    2.9635852697452369427e-16    0
219    35    46    2.9830133979638639736e-05    2.0340742774134925008e-05    1.3923094191181455996e-05    4.0376973154426217747e-16    0
220    35    46    3.3028515059701950079e-05    2.0992110497878999553e-05    1.3539724732714974236e-05    1.3539724732714973195e-17    0
221    35    54    4.2308131689610593796e-06    9.5743705101101059593e-06    7.151874464010030343e-06    2.5746748070436104473e-15    0
222    35    56    3.6802219537200678854e-05    1.1893489542655994937e-05    1.0953576786621287554e-05    8.7628614292970295349e-17    0
223    35    70    2.1038326581835783914e-05    2.0896387225628296094e-05    9.6304831481481704335e-06    2.1187062925925972274e-16    0
224    35    76    3.0143734861932433404e-05    8.1626478056197351277e-06    1.0519942262666489628e-05    1.64111099297597222e-15    0
225    35    79    3.9930307755283760075e-05    1.9833592794367143095e-05    5.8568527686074297404e-06    2.6941522735594174089e-16    0
226    35    83    3.5382358946488635715e-05    6.7438320275372305921e-06    9.8560905059532095133e-06    2.6907127081252257121e-15    0
227    35    83    3.0325492248971420853e-05    9.2031069802877399941e-06    1.0790531578516056785e-05    1.0790531578516056715e-17    0
228    36    53    8.1386995507618061418e-06    1.3526100025606520018e-05    1.7116602733571644124e-05    5.134980820071492019e-16    0
229    37    44    1.6825405401510429136e-05    9.5804527015971203827e-06    7.1533423391214722909e-06    9.156278194075483503e-16    0
230    37    44    1.5038346891474479512e-05    1.8974311649834192748e-05    4.6523170660930865744e-06    9.304634132186173357e-18    0
231    37    44    1.4395387982903508958e-05    1.9135970851811933248e-05    4.547737701657111176e-06    9.0954754033142225359e-18    0
232    37    50    6.3959148124899695779e-06    4.2606720584716819395e-06    7.7655452541144600513e-06    2.3840223930131390275e-15    0
233    37    58    4.1518630769384755571e-06    9.3019452602142892785e-06    9.7441171268308479365e-06    1.3251999292489952778e-15    0
234    38    43    4.0101480189105979617e-06    8.405162577797786977e-06    6.2249161568117405291e-06    5.6024245411305662618e-17    0
235    39    40    1.5629914977437053402e-05    2.06503377757614731e-05    9.102144748997593657e-06    7.3727372466880499964e-16    0
236    39    50    1.8249795405065069402e-05    7.8582342100172640161e-06    1.2814880619603227229e-05    7.1763331469778066456e-16    0
237    39    53    2.0065443486980078712e-05    1.7797385752797390083e-05    1.9192574689512004139e-05    3.0708119503219206668e-16    0
238    39    58    2.0948414718931264726e-05    1.9950942618033883937e-05    1.381096749160398395e-05    5.6624966715576332892e-16    0
239    39    58    1.2536251384015403696e-05    1.0445770605308433491e-05    1.4822408915417019731e-05    8.1523249034793595857e-16    0
240    39    73    1.3115138265888400565e-05    5.5541537554583432626e-06    1.447851148470129087e-05    1.578157751832440659e-15    0
241    39    74    1.7375149150730796819e-05    1.0297705182880852485e-05    1.0259750607510558938e-05    2.5136388988400866915e-15    0
242    39    89    1.8694946269220489833e-05    1.0488039360862861293e-05    1.5877219158340408607e-05    2.2228106821676571394e-16    0
243    39    89    1.7347052033132388988e-05    1.0776638135203704045e-05    1.6489806640576681651e-05    1.1542864648403676975e-16    0
244    39    89    1.688899447696798361e-05    1.159687422811438501e-05    1.715515372644928549e-05    2.4017215217028998642e-16    0
245    40    45    1.1044135809170463309e-05    8.4265109633833533279e-06    9.1337523701740834032e-06    9.1337523701740831553e-18    0
246    40    51    5.1183461229463797452e-06    2.6094883032965942915e-05    4.4761782951188710749e-06    1.3786629148966121564e-15    0
247    40    61    1.8488755826671754272e-05    3.8465610159157606488e-06    6.2587128153997888629e-06    4.5062732270878473598e-16    0
248    40    66    1.073298553242205197e-05    4.8751610188092944274e-06    7.5341000590086735128e-06    1.8006499141030724458e-15    0
249    40    74    2.4956141589832899147e-05    2.1286891390654139576e-05    8.2938727463022191727e-06    7.8791791089871064769e-16    0
250    40    87    2.004315158084137553e-05    2.0153106999174215077e-05    1.0390111637188072255e-05    1.0390111637188072584e-17    0
251    41    53    3.0323404034730518574e-05    1.863476311464733106e-05    7.8323638457625623707e-06    2.3497091537287683303e-16    0
252    41    69    7.2056883695581150362e-06    1.3144785259364933044e-05    8.6236359076314518675e-06    2.0093071664781281435e-15    0
253    41    69    1.9973222535420222945e-05    1.7941430642718022052e-05    9.2088331174523236326e-06    1.4734132987923718016e-16    0
254    41    77    1.4468518447169056919e-05    6.0494293930643476651e-06    6.8794784568300081559e-06    7.5674263025130087692e-17    0
255    43    78    5.3169240785393484045e-06    1.4747998815938126807e-05    9.4696083728641949147e-06    2.2727060094874062046e-15    0
256    43    94    1.2007559766666780929e-05    2.1172754743162519164e-05    7.3609528818449754866e-06    6.1832004207497786603e-16    0
257    44    50    2.0366582046121265733e-05    1.9558685530527802595e-05    5.0877345009609578291e-06    2.5438672504804786705e-16    0
258    44    55    8.193616021745212159e-06    1.8789411369760832199e-05    7.2802592127166460397e-06    5.1689840410288180875e-16    0
259    44    59    9.9445932436956450691e-06    1.6976295802312431712e-05    7.0258217865840255875e-06    3.3794202793469162025e-15    0
260    45    48    2.3950986901119610919e-06    8.1500064636161725763e-07    8.1031534948625063842e-06    3.2898803189141776005e-15    0
261    45    51    9.4273138549136986755e-06    3.0217360280868424405e-05    4.9096706580002725869e-06    6.4807652685603588808e-16    0
262    45    60    1.107139485392106221e-05    2.0008341216215844264e-05    3.5583297300939049782e-06    3.5583297300939049947e-18    0
263    45    63    8.5280462739853389836e-06    1.1923534520116711957e-05    5.4051619640031933398e-06    3.6755101355221713078e-16    0
264    46    50    1.7600345925165839216e-05    1.5175726006831560116e-05    8.3305344333209924309e-06    1.4161908536645686194e-15    0
265    46    52    5.8095558831192423182e-06    2.2431110323495450447e-06    8.8811153734301311101e-06    3.9609774565498383275e-15    0
266    46    54    2.0267649931511655864e-05    1.6794238574168564245e-05    1.0945992597777029099e-05    8.6473341522438530001e-16    0
267    46    75    1.7429320837833712745e-05    1.3732026133558182662e-05    1.0201849764684836288e-05    7.8554243188073235316e-16    0
268    46    75    1.3664616970117417341e-05    1.6770470318136741501e-05    8.1588064810460352141e-06    5.7111645367322238367e-17    0
269    46    83    2.570614672048396191e-05    1.55327695607953439e-05    1.0328214639166591809e-05    1.2703704006174904377e-15    0
270    46    88    1.2436648204563034253e-05    7.5562808349146114701e-06    1.043456419127005806e-05    4.2259984974643721955e-15    0
271    46    90    2.9372042313515687024e-05    9.0269065095427081171e-06    9.586469654085989794e-06    4.7932348270429946177e-17    0
272    46    90    2.9629957165602213752e-05    9.4593988600922564012e-06    9.6738868520639120107e-06    1.1608664222476694002e-16    0
273    46    116    2.2637401647489163254e-05    2.2750695575771162795e-05    1.1224445831056093458e-05    1.6836668746584135383e-16    0
274    47    51    1.1348120461471706964e-05    1.5270447903000161958e-05    5.3931433716912703346e-06    2.4808459509779843029e-16    0
275    47    54    1.1947180674635436206e-06    4.5399286563614731275e-06    6.2653532761749772031e-06    2.8570010939357890496e-15    0
276    48    63    1.1420189106085151822e-05    8.0409613597159527781e-06    5.0121303586223092338e-06    6.1147990375192171056e-16    0
277    48    104    1.3948128243794613023e-05    1.989347625096855022e-05    7.1361202001831697787e-06    1.7126688480439608527e-16    0
278    50    58    4.874984294443776556e-06    7.7004415657691964469e-06    9.9498129622072446304e-06    5.2734008699698391857e-16    0
279    50    59    1.8216599750801407034e-05    1.2358268261137800266e-05    6.4738511745768557892e-06    5.826466057119169471e-17    0
280    50    75    6.8613285654812672062e-06    1.2716214478058512728e-05    6.9214592450220846913e-06    1.4742708191897040109e-15    0
281    50    89    1.9791326876928211966e-05    1.72378398228785182e-05    7.2166304050101734373e-06    5.2681401956574256472e-16    0
282    51    60    5.2564150505623895816e-06    3.6464091387570554388e-06    5.5929682385113587084e-06    3.5123840537851326616e-15    0
283    51    66    2.4845410255140169337e-05    1.021883243297679862e-05    5.281318046033482549e-06    1.0562636092066964479e-16    0
284    51    87    1.1628251686233958531e-05    1.3852013556393004805e-05    8.1999943299129849657e-06    1.4759989793843372131e-16    0
285    52    57    1.1136778055137445021e-05    4.3490027516176434213e-06    3.4399496884284374391e-06    1.6718155485762204806e-15    0
286    52    88    1.7331422786659598167e-05    8.8054236647945913181e-06    3.7307617676332154022e-06    7.8719073297060832863e-16    0
287    52    97    2.4214132756486277158e-05    1.426661167657260986e-05    3.9314530506225396912e-06    8.5312531198509103821e-16    0
288    53    58    1.8733360736730375281e-05    2.1285242866272954039e-05    1.2666433845677814641e-05    8.6131750150609138443e-16    0
289    53    58    1.8721793653635313465e-05    1.6137588795264604189e-05    1.4552985037927014962e-05    7.7130820701013180568e-16    0
290    53    74    1.8997023778823820899e-05    1.8704322228498172645e-05    7.6955237191841682716e-06    8.9268075142536358708e-16    0
291    53    82    1.5433415773217950737e-05    5.6750993836586613702e-06    1.4616086972490600936e-05    8.1850087045947354201e-16    0
292    54    70    1.7113668711005589404e-05    1.0888691729552106658e-05    8.1159515192745588369e-06    1.6069584008163626444e-15    0
293    54    73    9.0845005615496140919e-06    6.3128437812512768086e-06    8.4068382103588226739e-06    4.4556242514901754425e-16    0
294    54    76    2.0598396530578034678e-05    1.4035210391118486356e-05    6.0073261008477193425e-06    3.6043956605086315765e-17    0
295    54    89    1.6931707935351109252e-05    1.7943688731376266146e-05    1.0216598128502613817e-05    3.5451595505904062662e-15    0
296    54    91    1.8497336867841272199e-05    5.8613185020386031994e-06    6.5317872152591774455e-06    1.1953170603924293119e-15    0
297    55    59    1.6066774172219716924e-05    2.9638629726088186207e-05    1.1419574613698215215e-05    8.9072681986846075804e-16    0
298    55    69    1.5454826540654327825e-05    1.1351313654410485546e-05    8.7930489883903235432e-06    3.8689415548917422786e-16    0
299    55    69    1.2992842657068983612e-05    1.250581712970212124e-05    9.9490707321310549352e-06    6.9643495124917377107e-17    0
300    55    81    7.624067344257112302e-06    8.1853932617733677891e-06    4.7445515216654029009e-06    2.386509415397697429e-15    0
301    55    85    1.4936513190067033174e-05    8.8023144330639854359e-06    5.8348225425280329827e-06    1.7504467627584098946e-17    0
302    55    99    1.8430450788880526085e-05    1.7400469150129927863e-05    9.8557877933233258363e-06    1.6459165614849955092e-15    0
303    56    79    1.5578506380644676634e-05    2.1191781656503121969e-05    3.372533917065692493e-06    1.8548936543861307141e-16    0
304    56    83    1.2098149972690768768e-05    1.1577553259498328834e-05    7.9552349413135344224e-06    4.6140362659618500276e-16    0
305    56    98    1.5613919322927098015e-05    2.0298214194543596453e-05    8.8199105808470912695e-06    3.7043624439557782732e-16    0
306    57    78    1.0298135359939549028e-05    2.6435064428838807082e-05    9.6717710014724212251e-06    1.4217503372164457394e-15    0
307    57    97    8.2577803115828884702e-06    1.8448202256144812525e-05    7.2514256437521073352e-06    9.8619388755028657683e-16    0
308    58    74    4.1391305165226668144e-06    7.7255073500029431874e-06    5.863416952516074442e-06    1.3251322312686327873e-15    0
309    58    80    1.8026815321948440497e-05    1.165285032409996732e-05    1.1092029941613297528e-05    7.2098194620486431508e-16    0
310    58    89    1.0236685785849221857e-05    1.4836159816595570319e-05    1.3362640055118743754e-05    1.0556485643543808207e-15    0
311    58    89    7.0964343192264568212e-06    1.1046920406532108395e-05    1.298633235715222371e-05    6.4931661785761119383e-17    0
312    58    99    2.2762930327868856535e-05    1.504668275909975518e-05    1.1190386913031398562e-05    1.2197521735204223005e-15    0
313    59    75    5.1392396303774512631e-06    5.0567865872714047753e-06    9.0647042890963419517e-06    2.1936584379613145354e-15    0
314    59    78    2.9679100123682577127e-05    1.5910940123803992194e-05    1.1375218386161781964e-05    3.4125655158485347291e-17    0
315    59    84    1.7619724354589664616e-05    9.8634778408999476939e-06    1.1550711043116692066e-05    5.4750370344373107025e-15    0
316    59    99    1.0807977289471345668e-05    2.3926161171340699105e-05    8.5322968386766728056e-06    8.532296838676672272e-17    0
317    59    99    1.9137175402648992249e-05    2.1894026043685878643e-05    1.1014658895539462837e-05    1.4319056564201301045e-15    0
318    60    63    9.8850337571240096113e-06    4.3150917245993211619e-06    3.2907430865299079567e-06    1.0300025860838610625e-15    0
319    60    66    1.7209238095238089245e-05    9.0108355481447536655e-06    3.4902152849482152882e-06    4.5023777175831978293e-16    0
320    60    87    4.5831016376718547946e-06    7.1887778464249047568e-06    5.883913384760911677e-06    2.3771010074434088224e-15    0
321    60    104    1.4628162410926724127e-05    2.4641201824209644383e-05    6.1495600805522540361e-06    4.3046920563865773785e-17    0
322    61    66    4.5849111846254303338e-06    8.1967113480158114523e-06    4.4597080995332458818e-06    7.6261008502018494427e-16    0
323    61    68    1.4290677956763023695e-05    9.0086446369647435825e-06    6.1041832040457257957e-06    5.9210577079243537558e-16    0
324    61    82    8.7159249542687105623e-06    1.4323007305892110821e-05    9.8965987636595626365e-06    1.4844898145489341883e-16    0
325    61    92    4.1606547944749990863e-06    1.5782324536601713286e-05    1.3351866916158994719e-05    1.8692613682622590635e-16    0
326    63    66    1.7997007070991975785e-05    9.7863997813872862972e-06    4.8648791301773408507e-06    4.8648791301773409181e-18    0
327    63    66    1.8877111860346061558e-05    9.1996910818450258269e-06    4.6870431065115490958e-06    3.2809301745580841548e-17    0
328    63    104    1.1554162258288111002e-05    1.6316423088258246018e-05    7.601415480601567045e-06    1.7483255605383603563e-16    0
329    63    104    6.0493676721480017395e-06    1.2501156563166230992e-05    9.2603191522856026768e-06    6.7600329811684903305e-16    0
330    66    87    5.0155283801535667748e-06    1.2832958994544113536e-05    8.841353687697804366e-06    2.9618534853787644259e-15    0
331    66    92    1.4409955193438358695e-05    1.9031737926336553268e-05    6.6372123753097187144e-06    1.5862937576990224081e-15    0
332    66    92    1.2477900804445785343e-05    1.6091772647846980661e-05    6.5482286427376883755e-06    2.2263977385308138746e-16    0
333    66    104    2.0998999735148118559e-05    1.7739598058694080714e-05    5.276007157784479978e-06    1.7410823620688781984e-16    0
334    66    104    2.5516966401593238375e-05    2.1035680220913176763e-05    5.2176557553981797564e-06    3.6001824712247439352e-16    0
335    68    104    6.5260069277497267546e-06    1.6013704833442794675e-05    8.783679896683886979e-06    9.3107006904849189942e-16    0
336    69    77    8.6099080008485022778e-06    7.6239049495725663485e-06    9.428815431589088555e-06    2.3572038578972721461e-16    0
337    69    77    9.5046314188333506765e-06    7.4133738883689745113e-06    9.9147841407838519016e-06    9.914784140783851059e-18    0
338    69    80    1.1319163741206572334e-05    5.0709492173721864233e-06    8.0656057706865556535e-06    6.6944527896698410402e-16    0
339    69    81    1.5071096991500858411e-05    1.5242364955304852232e-05    4.8854080736221641368e-06    4.8854080736221637013e-16    0
340    69    93    5.3499828210727964095e-06    4.1353819514746227354e-06    9.8757715694404182253e-06    1.8171419687770366503e-15    0
341    69    96    1.0154716247801118376e-05    1.7747865587537018614e-05    1.0196084420629180636e-05    2.4572563453716318637e-15    0
342    70    76    1.359343773416194172e-05    1.0224530200290043107e-05    5.6710536464270066661e-06    1.7013160939281022033e-17    0
343    70    76    1.1899277215894600389e-05    8.8460554717963624152e-06    5.7091723904810337328e-06    9.9339599594369976743e-16    0
344    70    79    1.2988011524553404609e-05    1.0596247257969024414e-05    4.3261035704014182303e-06    7.3543760696824105367e-17    0
345    70    79    4.0815615927911817447e-06    3.1797864369643706836e-06    4.4386005722071996226e-06    1.557948800844726676e-15    0
346    73    87    7.3423765726126753744e-06    1.7814381862692263637e-05    8.9769349178243340571e-06    1.3465402376736499217e-16    0
347    73    89    8.0782272927313057063e-06    2.3624759036362364512e-05    1.0610673048185360843e-05    3.6076288363830226798e-16    0
348    74    82    2.314968408971136265e-05    1.4549002635549944913e-05    6.217337651740592307e-06    2.9843220728354839728e-16    0
349    74    89    6.0436524310457560524e-06    1.2488477501497167224e-05    1.1707095401429911411e-05    3.8282201962675808269e-15    0
350    74    92    8.642046763764870673e-06    6.0960714931677470354e-06    6.5110154530679668192e-06    3.3271288965177304087e-15    0
351    75    88    1.2154505943675913987e-05    1.4610256150194073961e-05    7.2245622618426119026e-06    1.2281755845132440547e-16    0
352    75    89    8.930021582097553409e-06    1.1791050922512872647e-05    1.0431746978722970101e-05    1.5021715649361076173e-15    0
353    76    79    4.2402936771372622365e-06    4.8570463083522988899e-06    3.6405663123971209254e-06    1.4380236933968626395e-15    0
354    76    83    8.3009965759098249628e-06    7.0125782600564173834e-06    4.4910590144342245108e-06    6.3323932103522555328e-16    0
355    76    98    5.3276286472478899927e-06    6.7686214340024592709e-06    5.527378728537674206e-06    1.5642481801761617705e-15    0
356    76    116    1.2065541299117879805e-05    2.4005221090152534751e-05    7.2779810842329001997e-06    6.4774031649672807337e-16    0
357    77    93    3.5875439273193125282e-06    3.35677262538905568e-06    8.5712932182323379191e-06    8.65700615041466112e-16    0
358    77    106    1.1919716880650411847e-05    2.9392313134877793155e-06    5.5199634042828830678e-06    5.5199634042828825992e-18    0
359    78    94    7.2644554541833598175e-06    5.3153802998598618639e-06    1.1116588626611174543e-05    6.9923342461384286332e-15    0
360    78    97    8.9408652351124787909e-06    1.0904624507504558705e-05    9.1163290709223994651e-06    3.2180641620356067692e-15    0
361    79    98    3.7352193997848556488e-06    6.1437562201948891033e-06    5.1407035719552355877e-06    1.7221356966050035796e-15    0
362    80    96    1.5457854120276531971e-06    6.054560159416215494e-06    8.1411527512570087473e-06    1.4735486479775183114e-15    0
363    80    99    1.5877506804518732014e-05    1.10352180719866687e-05    8.449921168519670706e-06    3.886963737519048007e-16    0
364    80    110    1.3918699124921847166e-05    8.4175823319968384051e-06    7.002896035611533671e-06    1.4005792071223066777e-16    0
365    81    85    1.1588066840065122488e-05    5.6715712459547736583e-06    3.6587973616019995262e-06    3.1831537045937392844e-16    0
366    81    96    1.4726335212316581292e-05    2.768177443988229403e-05    7.0741114242591527988e-06    5.5885480251647301543e-16    0
367    81    99    6.4457418422594122288e-06    1.0473841694514372021e-05    6.4481395120980672622e-06    3.4755471970208580687e-15    0
368    81    114    1.4928833585590704124e-05    1.1528700550068363107e-05    4.3535260971522042213e-06    3.2216093118926305757e-16    0
369    82    92    9.5857793833299558049e-06    1.7509490566823818003e-05    1.6350946481518537437e-05    3.2701892963037073744e-17    0
370    82    92    8.5679626109512489811e-06    1.3913283613878203767e-05    1.7073150536639178262e-05    3.4146301073278352602e-16    0
371    82    102    2.0532936982021250427e-06    2.2352532565899273855e-06    1.6308449783657900082e-05    1.2068252839906844108e-15    0
372    82    137    1.4152752842893402154e-05    3.3104920573674852767e-05    1.4063067473125288179e-05    1.5469374220437816899e-16    0
373    82    137    9.5881633136489392155e-06    2.8243822653789135295e-05    1.3195806486540362932e-05    2.9030774270388794446e-16    0
374    83    90    7.3903591339187845675e-06    4.5507744043508982412e-06    6.2856026291336953798e-06    1.1314084732440651007e-15    0
375    83    98    5.9017859896609549207e-06    9.1304146484956358798e-06    8.2075373707838464218e-06    1.748205459976959238e-15    0
376    83    98    1.8984503428636065239e-05    2.2242440667924474721e-05    8.447900937350007937e-06    3.6325974030605028064e-16    0
377    84    94    1.9806524952936141557e-05    6.852880014905430564e-06    6.862257812790000727e-06    3.1497763360706104127e-15    0
378    84    99    2.5614081497984036518e-05    1.8390569881858552655e-05    8.758801047229789014e-06    9.5470931414804679983e-16    0
379    84    107    1.5596594757284174714e-05    9.9051383614044624318e-06    4.8795947785793605326e-06    1.5614703291453952779e-16    0
380    84    107    1.6510412161908003117e-05    1.1678586600696735392e-05    4.5747142602889712869e-06    8.2344856685201482287e-17    0
381    84    118    2.7493883117576126346e-05    1.0974558323087781877e-05    7.1333473660582970836e-06    4.2800084196349771893e-16    0
382    84    123    1.9052275493578250373e-05    9.4420608363584766326e-06    7.6249422251157417666e-06    2.9966022944704859934e-15    0
383    84    127    1.875506527722001294e-05    1.6809724537170675165e-05    6.7629734949015810988e-06    3.5167462173488218998e-16    0
384    85    99    2.7028026547411210869e-06    1.4816839976263127736e-05    6.9494766732060065628e-06    4.7256441377800843282e-16    0
385    87    91    1.616532919125903851e-05    5.9295925642036128206e-06    8.6886453245769232486e-06    1.9115019714069229617e-16    0
386    87    92    1.9647925180040312659e-05    1.7674858340336267032e-05    1.2075398858094280193e-05    4.9509135318186550914e-16    0
387    87    103    9.4939854162959817958e-06    4.4520667410111626884e-06    9.3378497004994640528e-06    9.6179851915144464856e-16    0
388    87    104    1.6950841973761960436e-05    8.3318427294008353605e-06    9.4814785758401369108e-06    1.3558514363451394557e-15    0
389    87    126    1.3783568961658206438e-05    1.709443037810813736e-05    1.2633304200680484897e-05    1.0106643360544387406e-16    0
390    87    135    1.2667946742534037143e-05    2.9144309990714342511e-05    5.8187635584814825733e-06    4.8295737535396301416e-16    0
391    87    135    1.7763960589953330246e-05    2.981523849752618343e-05    6.4723160920109413247e-06    4.2070054598071115076e-16    0
392    88    89    1.0487150524576418451e-05    1.953029358605756885e-05    1.1288134879781201939e-05    1.7835253110054297183e-15    0
393    88    97    1.4637185010976657638e-05    8.1199842712329734309e-06    6.1314989578965682822e-06    2.2993121092112135422e-15    0
394    88    97    1.5592682869133136028e-05    2.2363225431007007567e-05    8.5018577701941668327e-06    6.8014862161553336318e-17    0
395    88    108    1.7180911009192208428e-05    7.1019399822212061615e-06    5.5739037811506814043e-06    1.142650275135889662e-15    0
396    88    109    1.6236716905525177082e-05    4.5691196573034991652e-06    5.0535078535821644608e-06    1.0107015707164326997e-16    0
397    88    112    1.1119396568177599986e-05    1.6624211206079412092e-05    6.671097077177989414e-06    8.6724262003313850708e-17    0
398    88    121    1.7787594647015345187e-05    1.0361682002389222625e-05    6.2410260638683242194e-06    5.6793337181201737013e-16    0
399    88    121    1.6286209159058521404e-05    1.3062005247505370053e-05    7.1066946571679628922e-06    5.2589540463042928118e-16    0
400    88    122    2.0556280834914606435e-05    9.8295725956370192701e-06    5.8295210833083515206e-06    2.3318084333233407021e-17    0
401    89    91    2.1103713309959274086e-05    8.5241781255981270308e-06    1.1091793102848926077e-05    1.8634212412786192705e-15    0
402    89    103    2.7025105934924369128e-05    5.9550741593899018912e-06    9.649299014273175865e-06    7.7194392114185400901e-17    0
403    89    105    1.6572612315294547489e-05    4.2950664963840821999e-06    9.9561932883334309927e-06    1.0752688751400104084e-15    0
404    89    108    2.3115777566866483337e-05    1.2138755361023975161e-05    1.1236879815044031403e-05    1.3484255778052837568e-16    0
405    89    112    2.0132640607782677688e-05    1.4366988250985091892e-05    9.598957278354731628e-06    1.9197914556709461716e-17    0
406    89    112    1.3214589882773219962e-05    1.0537062432526756632e-05    9.0105156720068351893e-06    2.5049233568178998546e-15    0
407    89    126    2.0941772459010562623e-05    1.7410644512061339913e-05    1.448069641285431512e-05    2.0417781942124582158e-15    0
408    89    138    1.7769522866136874188e-05    3.2264224758676183439e-05    1.231045405612185449e-05    1.8588785624743996952e-15    0
409    90    95    5.2111072106831181672e-06    1.789685092351871162e-06    9.2459062508718724814e-06    3.698362500348749196e-17    0
410    90    115    1.0929233718792171498e-05    3.8928873836294379152e-06    9.3336807983600255376e-06    4.0134827432948101871e-16    0
411    90    131    1.2541581461612732518e-05    2.3955663190446688455e-05    8.4211503639848481569e-06    2.3579221019157573663e-16    0
412    91    103    6.6703450733961554349e-06    4.1833019823312864716e-06    5.1925528443570579434e-06    1.8693190239685408487e-16    0
413    91    142    5.5084543007122434261e-06    3.0427635452588130678e-05    1.0309370015859646217e-05    3.5051858053922797548e-16    0
414    92    96    2.3038015483184005053e-05    9.6284975036523730838e-06    1.4982374117444853163e-05    1.6630435270363786134e-15    0
415    92    110    2.8912140142989488486e-05    7.6686742022929998817e-06    1.2588884822407739715e-05    5.0355539289630960145e-17    0
416    92    125    2.2331268583282876003e-05    1.2594663602029309652e-05    1.6525611429159247772e-05    3.0572381143944604096e-15    0
417    92    126    1.5012011408948233368e-05    8.2844977661997259131e-06    1.6397396163202465088e-05    3.8861828906789834713e-15    0
418    92    126    1.5322887216090142593e-05    6.9339127119613585293e-06    1.5347761517807712717e-05    4.6043284553423140837e-17    0
419    92    146    2.2208570476238962722e-05    1.9320237670791648606e-05    8.2008347494323400781e-06    5.7405843246026375981e-17    0
420    93    117    1.5596416780047666533e-05    1.1345149384272193625e-05    9.0140960619055280056e-06    8.9239551012864712629e-16    0
421    93    117    2.5747012400643448811e-05    1.0969501015415005215e-05    1.1353200781652955854e-05    4.881876336110769431e-16    0
422    93    137    2.1716042234054808754e-05    4.3028127536064874779e-05    1.4823422699921965395e-05    1.0376395889945375229e-16    0
423    93    144    3.0990598226401751465e-05    1.4370657763518837854e-05    1.1653029285392489125e-05    9.5554840140218409572e-16    0
424    94    97    1.8046018933697779453e-05    1.7514876642186951589e-05    9.2559753098476903372e-06    7.6824595071735830557e-16    0
425    94    113    2.4564637879408524957e-05    7.1847868516487781778e-06    6.0709464300535958476e-06    1.924490018326989941e-15    0
426    94    127    1.3814836512045698013e-05    1.2367857929701499086e-05    6.7670266252398925282e-06    2.9774917151055524274e-16    0
427    94    127    2.1821749314961702321e-05    1.2486321452331230211e-05    7.3847813505528248505e-06    1.2554128295939801009e-16    0
428    94    134    3.5455721128437168554e-05    6.3828299975164761986e-06    5.5426980472745298407e-06    7.2055074614568883134e-16    0
429    94    167    2.8397449589355296861e-05    3.414266797208032365e-05    1.0344518064472109172e-05    1.6240893361221209636e-15    0
430    96    110    6.4347500507411322968e-06    3.3817074276449885919e-06    7.6607790483996155399e-06    2.5280570859718735149e-15    0
431    96    114    2.3535450059987894964e-05    9.3831181314747710907e-06    9.070967116679301567e-06    1.8141934233358601304e-17    0
432    96    117    1.9863248207942540887e-05    1.0982878388369010192e-05    1.007129994053271493e-05    1.2991976923287202627e-15    0
433    96    125    9.6605081215615661212e-06    1.4852566706104162217e-05    1.0116404494647726761e-05    3.034921348394318369e-17    0
434    96    125    9.102972955536628582e-06    1.2180264871347435367e-05    1.0710527780120496116e-05    1.071052778012049515e-17    0
435    97    108    4.667361278399359858e-06    7.0511096013626365316e-06    6.4301101015592558e-06    9.2593585462453274907e-16    0
436    97    109    1.6606760365882311108e-05    2.6889226424976593534e-06    5.8202833128373238514e-06    5.820283312837322769e-17    0
437    97    113    1.0745367233126506596e-05    8.945524657562837432e-06    6.5625173330816153738e-06    5.2500138664652921534e-16    0
438    97    122    1.6606760365882287391e-05    5.6586148519307004259e-06    6.7160510347324073614e-06    1.2760496965991570875e-15    0
439    98    115    2.209340976310453068e-05    1.0984384312294946269e-05    7.4637072705387863406e-06    4.5528614350286590482e-16    0
440    98    116    1.5441518650818026286e-05    1.6992019537153625668e-05    1.0470926820832865764e-05    1.3402786330666068471e-15    0
441    98    129    1.1635590573597186638e-05    1.000502827668346623e-05    9.271757216270454783e-06    1.9841560442818772409e-15    0
442    99    100    8.5765232432578636135e-06    7.5396345714165436265e-06    4.7452544888844152494e-06    1.5042456729763595034e-15    0
443    99    107    1.6511251066926351596e-05    3.4787065594218402067e-06    7.1156461169182193963e-06    5.6925168935345751238e-16    0
444    99    114    2.1266824192839440903e-05    1.1799252797483938325e-05    8.8059418261510104541e-06    6.3402781148287279401e-16    0
445    99    118    1.5028414347296838914e-05    1.20358506542491473e-05    8.0065510530866717257e-06    2.0016377632716678585e-16    0
446    99    124    1.7813353370652516524e-05    6.7358130782295300046e-06    8.0997854656666801952e-06    2.5109334943566709363e-16    0
447    99    125    1.1989833588409029921e-05    1.4394807199520666261e-05    1.1235055961122847762e-05    1.1235055961122847969e-17    0
448    99    125    1.5065868935650811522e-05    2.5306875266983170378e-05    9.7786668888151957588e-06    1.114768025324932131e-15    0
449    100    105    7.8423298221940199274e-06    4.7567543709558303037e-06    3.5664995134660437751e-06    3.7091594940046853199e-16    0
450    100    125    3.2870401007491470903e-06    1.8309130267446745887e-05    7.2300106452000350801e-06    3.0004544177580147747e-15    0
451    102    137    4.5062386759089908143e-06    2.4152223628026861453e-05    1.1689502738127504754e-05    1.1689502738127503836e-17    0
452    102    137    7.3221962862678185183e-06    2.540829778071622427e-05    1.2690457073994710084e-05    2.6649959855388889779e-16    0
453    102    137    6.3806773418021906267e-06    2.387168481402274182e-05    1.2484653490669524206e-05    3.7453960472008573887e-17    0
454    103    126    4.587794094496019427e-06    1.4035792282029421795e-05    9.2800180107214010067e-06    3.2480063037524901106e-16    0
455    103    142    6.819685532752096371e-06    2.4666258081800095819e-05    1.1142508000750583688e-05    7.7997556005254074032e-17    0
456    104    111    1.498323219470339444e-05    7.8470124311609264038e-06    7.9944937484881298918e-06    2.7980728119708449369e-16    0
457    104    126    2.0596965549814205947e-05    1.5714412343189214708e-05    1.100169113707914039e-05    5.3908286571687789222e-16    0
458    104    128    1.7429092506264155956e-05    2.416807687743056525e-05    1.489391823794713256e-05    8.9363509427682801833e-17    0
459    104    128    8.3625736156851555175e-06    7.8571116837076916282e-06    1.2103819301129629582e-05    5.5919645171218893322e-15    0
460    105    125    3.8425401853585384904e-06    2.6934762682477757039e-05    7.0040189329228845857e-06    9.1752648021289776581e-16    0
461    105    138    7.2158721928283666157e-06    4.2660525935029164856e-05    9.2811362882576736553e-06    9.2811362882576741703e-18    0
462    107    118    3.7836229859987805114e-06    6.5024270394101538195e-06    5.1524689683628971732e-06    4.3280739334248333307e-16    0
463    108    113    7.9523251048267749701e-06    8.5186642156862726178e-06    5.7644659562788925816e-06    1.2335957146436829189e-15    0
464    108    122    1.4979021592412621559e-05    9.139327577683108652e-06    6.2297276548750328781e-06    2.8033774446937645662e-16    0
465    108    134    1.2859634989336870357e-05    1.8053152695561396746e-05    4.2732160714406972399e-06    2.9057869285796739759e-16    0
466    110    114    1.4456231135527616551e-05    1.0085651582464803157e-05    4.4802987211628946297e-06    1.8817254628884158212e-16    0
467    110    114    1.4041737455861139205e-05    1.1426336517946381006e-05    4.786625304302974725e-06    1.4359875912908923594e-17    0
468    110    117    1.483231534790498963e-05    1.369545556428861097e-05    5.0759001023642357308e-06    3.553130071654964507e-17    0
469    110    120    5.3765199091895467156e-06    5.5413555945740330261e-06    5.3590900881062675972e-06    5.3590900881062672394e-18    0
470    110    124    1.4746248788962564748e-05    7.692479637287351029e-06    4.0157887980723298071e-06    5.3409991014361987615e-16    0
471    110    125    2.7081464754756904061e-06    6.6081706506038732346e-06    8.6415753312327087143e-06    2.8344367086443284975e-15    0
472    111    128    5.3299495916541385549e-06    1.0521152715464859997e-05    8.1718636226847321405e-06    8.1718636226847316283e-18    0
473    111    128    7.8470124311609280979e-06    1.1016732528244043912e-05    6.6055398714470936453e-06    9.2477558200259299361e-17    0
474    112    116    1.1373046727717535148e-05    1.1348951262667334605e-05    7.9862898087324992353e-06    2.0205313216093218792e-15    0
475    112    121    1.4770944957901592699e-05    1.1025228818511197143e-05    6.9810763288325703444e-06    1.3962152657665141034e-16    0
476    112    138    8.9737423498509889509e-06    1.0878379609590770689e-05    8.8431850051474794638e-06    5.9956794334899905947e-15    0
477    113    123    7.7280250456312975346e-06    1.9135416167308695742e-05    7.4163311428675643218e-06    5.2655951114359697216e-16    0
478    113    134    1.0512519901947252001e-05    1.0044366311511333676e-05    5.1074547389325457338e-06    6.843989350169611332e-16    0
479    114    117    8.7845604418765644325e-06    4.0509472434741885242e-06    4.591352756525823582e-06    2.8925522366112689366e-16    0
480    114    124    2.5647568275186206738e-06    5.5825188536953141111e-06    4.2578491567393709661e-06    1.2305184062976781777e-15    0
481    115    131    9.1190279500846552446e-06    2.4857646423312545179e-05    7.5551032398837707633e-06    6.7995929158953937926e-17    0
482    116    121    4.2984403870018747713e-06    1.0992896921194469847e-05    7.2779322016163634746e-06    1.4337526437184234696e-15    0
483    117    143    1.3154956521389812589e-05    1.9857701941858862396e-05    8.0891515210627594186e-06    7.442019399377738524e-16    0
484    117    143    1.5704145454545459623e-05    1.3553911856762536082e-05    7.0719753683988362828e-06    1.7679938420997088619e-16    0
485    118    123    7.2213060201908577291e-06    7.3444928335285327735e-06    7.1819865724351826688e-06    4.5964714063585167568e-16    0
486    119    125    6.9104037778152459007e-06    1.9134041641066442812e-05    8.3433085698852005438e-06    2.1442303024604962924e-15    0
487    119    138    9.2469757294200318729e-06    3.0807580435344548324e-05    1.0321114716967167392e-05    2.580278679241791501e-16    0
488    119    138    9.874909384526551516e-06    2.9414658294465318713e-05    1.0603413916232098108e-05    9.0129018287972831866e-16    0
489    120    125    4.7048103800496321098e-06    1.1427481313826315094e-05    8.6531743196039735845e-06    1.0989531385897047127e-15    0
490    120    137    8.7090864600006502935e-06    2.4459624284783784134e-05    1.335915790668171532e-05    1.108810106254582243e-15    0
491    121    122    1.2324966047685957692e-05    5.8417649385350675292e-06    7.7119773684050275269e-06    6.6323005368283226213e-16    0
492    121    131    2.8723736590254491806e-06    3.4308536484200140369e-06    1.0155009126139001111e-05    3.9604535591942101826e-15    0
493    121    138    1.0775726775188642969e-05    1.2084010585680279702e-05    1.1099396303729440016e-05    1.1099396303729439846e-17    0
494    122    131    8.5515182057891654167e-06    1.5573565060844735109e-05    8.5624948056317504955e-06    3.2537480261400644707e-16    0
495    122    134    1.3440613926288639627e-05    6.9977806802648735056e-06    7.1540745189161363644e-06    1.0588030287995880083e-15    0
496    122    138    1.2680705265378291189e-05    1.9037657588894646953e-05    1.1767742068717144396e-05    2.9419355171792857927e-16    0
497    122    167    1.7683216130944054022e-05    3.8775203084642717534e-05    1.0760547337389014932e-05    1.1298574704258464878e-15    0
498    123    127    7.2571214771436045107e-06    3.6256752027368347126e-06    7.9221215671748495391e-06    3.0104061955264422198e-16    0
499    123    127    1.116929560920204658e-05    8.4331788630411252283e-06    7.4301506781191949485e-06    3.7150753390595973252e-17    0
500    123    141    1.2788933969402417249e-05    1.4758587825127452854e-05    7.334844537202527001e-06    9.0952072261311348713e-16    0
501    124    143    1.4177839850974088257e-05    1.3982442534755901178e-05    5.7947539116361439557e-06    2.0281638690726502232e-16    0
502    124    161    8.6456482938089584175e-06    3.4745604854768966032e-05    5.3330131206946590947e-06    9.3327729612156530457e-16    0
503    125    137    1.0495550724615122437e-05    2.6989421395765560336e-05    1.3682450701091021812e-05    4.7204454918764015499e-15    0
504    125    140    1.1681944578303758342e-05    4.5083251688355212655e-06    8.495106925851354313e-06    2.4635810084968929971e-16    0
505    125    143    2.0520947390219747947e-05    8.7540104689958191803e-06    8.7443750841593746644e-06    2.6233125252478126287e-17    0
506    125    152    1.7549605354085795348e-05    9.3309888355633924771e-06    9.2442948444767720665e-06    3.2355031955668698592e-16    0
507    125    158    1.2075674918866657987e-05    1.6530666490142568526e-05    1.4247596100195892896e-05    1.5957307632219397229e-15    0
508    126    135    1.5920763241046231119e-05    1.5520931339098182331e-05    8.2161629983306825388e-06    3.7794349792321134796e-16    0
509    126    136    2.0578682795140823e-05    3.5205001418216079702e-06    8.1904389869903502201e-06    3.2761755947961398273e-17    0
510    126    142    1.0294722618610319822e-05    1.8294037356550332633e-05    1.3641284584328211855e-05    9.4943340706924351374e-15    0
511    126    146    1.488754682538879416e-05    1.3968186312051836563e-05    7.8815775273629768718e-06    8.1180248531838657248e-16    0
512    127    167    1.1031331902785594735e-05    3.3527339928223759001e-05    9.8218403119564314202e-06    1.0902242746271638386e-15    0
513    127    167    4.3275858693528935779e-06    3.2387246009491830567e-05    8.3777472339201962463e-06    3.0997664765504718156e-16    0
514    127    167    9.0952846839045663901e-06    2.6079875745453346813e-05    9.9675930429299558158e-06    3.4886575650254840702e-16    0
515    128    145    1.4769946785177066753e-05    1.4398872084761803078e-05    1.1460392861633693977e-05    1.1460392861633693777e-15    0
516    128    145    9.71568128754864652e-06    1.6686603936134557452e-05    8.9512295790788153489e-06    5.3707377474472883051e-16    0
517    128    174    2.1374541956269743804e-05    1.6912191284968764056e-05    8.6711887292896837532e-06    2.6013566187869051551e-17    0
518    129    138    2.5969840564126351186e-05    1.9048551203707451398e-05    7.6821915802644786901e-06    5.5311779377904241277e-16    0
519    129    142    6.074020317925479741e-06    1.4189232395538694653e-05    1.2465788994441791878e-05    7.4545418186761923059e-15    0
520    129    148    1.1910223110905872188e-05    1.0144355992713219788e-05    7.9326698612162781362e-06    2.6177810542013717319e-15    0
521    131    151    2.1458724751862819682e-05    1.9546634492384815904e-05    1.0562245399343349363e-05    3.2742960737964383614e-16    0
522    131    157    1.3214282028826867927e-05    1.0463894773841504661e-05    9.9043100909787721415e-06    9.2407213148831923441e-15    0
523    134    138    1.8414953773853370237e-05    3.2527651264221515742e-05    6.9036736631767625785e-06    1.7949551524259580754e-16    0
524    134    153    1.3636695912428565443e-05    1.9464987344345457965e-05    6.057740427466577769e-06    9.6318072796718578362e-16    0
525    134    167    4.400342776593208711e-06    2.9572558959646682848e-05    8.489917420312554207e-06    2.2498281163828266839e-15    0
526    135    142    2.7744316620961983154e-05    3.0049197452127595221e-05    8.4486233578151656749e-06    4.9846877811109466529e-16    0
527    135    142    2.3643437357575384779e-05    3.31056544323313402e-05    9.7348480958162348628e-06    6.8143936670713636603e-17    0
528    135    142    1.1249387253660254193e-05    1.4104589317519506189e-05    9.1410923562296850947e-06    9.8540975600155998913e-15    0
529    135    145    1.0885712186130222601e-05    9.9428126111722831346e-06    7.7603720641376087037e-06    4.1285179381212077065e-15    0
530    136    147    2.8322403392323225762e-06    1.310335752115777444e-05    1.0604545548433395754e-05    1.4846363767806751251e-16    0
531    137    144    3.9140893697224007431e-05    1.1775582269732644871e-05    1.2815273347062766754e-05    5.5105675392369890557e-16    0
532    137    144    2.6221390327043786901e-05    7.7696856547930500194e-06    1.277054615223465828e-05    1.2770546152234658515e-17    0
533    137    144    2.6276791155188518963e-05    7.975685510028752417e-06    1.2841623233513636441e-05    3.8524869700540912197e-17    0
534    137    144    2.963588709945281469e-05    8.5654250898735629022e-06    1.2698739764451506571e-05    1.2698739764451506853e-17    0
535    137    146    1.5099322361419935764e-05    1.3014799747979913282e-05    8.2415347600736212286e-06    5.3322729897676327585e-15    0
536    137    152    3.0214118611319522821e-05    3.4763064777131498178e-06    1.0984918394745037557e-05    2.6693351699230440405e-15    0
537    137    159    3.1804879407870399765e-05    7.5293507977277906058e-06    1.2183643307741944309e-05    1.0234260378503233367e-15    0
538    137    160    1.0843696265327336245e-05    9.637874520948957674e-06    7.1653222132858488793e-06    6.9790238357404166155e-15    0
539    137    160    2.2932156367063384552e-05    9.5220596479188737395e-06    1.1491956053693836001e-05    4.5967824214775344339e-17    0
540    137    173    2.0747501454213212134e-05    2.6665994728874624711e-05    1.5431234683054004578e-05    1.4644241714218250264e-14    0
541    138    141    4.3132641872691452082e-05    5.0849355987493522309e-06    8.8742487874209844133e-06    1.1891493375144120221e-15    0
542    138    149    1.1751166548291957459e-06    1.4098003157947320665e-06    1.1881423167388771334e-05    5.8931858910248310624e-15    0
543    138    150    1.4979946175957482477e-05    8.896236723393817768e-06    1.2652807962196579498e-05    1.0754886767867089031e-15    0
544    138    150    7.8112939956498076728e-06    1.262505226605870775e-05    9.4222326945015311573e-06    8.3857870981063615475e-16    0
545    138    153    3.5469838627743802584e-05    1.7170001903263201677e-05    1.1540968016788737745e-05    8.8865453729273264006e-16    0
546    138    153    2.2305584821720439892e-05    1.837717031328941865e-05    8.3335439912280432273e-06    4.9167909548245451019e-16    0
547    138    157    1.7089567704750971346e-05    1.6943437893477239942e-05    1.4226263587344968362e-05    1.422626358734496709e-17    0
548    138    178    2.1349210143094628542e-05    2.0365585355228175231e-05    1.1590177592430889512e-05    8.3449278665502403482e-16    0
549    140    158    4.60704757425597176e-06    1.0049286794845201478e-05    1.2007698236801140056e-05    1.0206543501280967473e-15    0
550    140    158    9.4289120929920236817e-06    1.0142256993414720486e-05    1.1856332318222291954e-05    3.319773049102240936e-16    0
551    140    161    1.0167925230836430558e-05    2.8059908825624586625e-05    5.8178667780533743003e-06    1.97807470453814709e-16    0
552    140    161    1.2987971062449759512e-05    2.0270364888586211635e-05    7.006631626096454312e-06    1.4013263252192906657e-16    0
553    141    163    6.5434559721506813017e-06    1.8027237014652230376e-05    5.7612673081667424601e-06    7.7777108660251020305e-16    0
554    142    146    2.7398267430286165551e-05    1.3541322025982881799e-05    1.1534624876746490656e-05    4.3831574531636657e-16    0
555    142    148    2.6547183636309699018e-05    1.2202109252726849693e-05    1.1587078796151577544e-05    2.2015449712687992625e-16    0
556    142    149    2.0686031282972473864e-05    1.5021310102833677864e-05    1.5067800137653135183e-05    2.4108480220245013483e-16    0
557    142    150    2.1573539271810534342e-05    1.3132275890289321922e-05    1.4042691732600375582e-05    3.2298190984980860027e-16    0
558    142    170    1.5272708828724674543e-05    1.2357610028933250333e-05    1.1433909233687400113e-05    2.8584773084218495891e-16    0
559    142    180    2.5760917790602622091e-05    1.5035407636738916214e-05    1.2114002317234694422e-05    6.9049813208237745052e-16    0
560    142    180    3.5737178481440110684e-05    1.5233084719499778286e-05    1.2449907578718069824e-05    3.7349722736154200443e-16    0
561    142    183    1.5255269033229930565e-05    1.3660284579438147659e-05    1.6545547892669359215e-05    5.9563972413609692785e-16    0
562    143    144    3.6928526960184595703e-06    3.4853663020395552345e-06    9.4581495969555743329e-06    1.2011849988133579684e-15    0
563    143    144    9.9750533913624458429e-06    7.6117752625384537183e-06    8.5787450786610337886e-06    6.0051215550627229333e-17    0
564    143    152    9.0580996011730262481e-06    1.0438396695535120113e-05    5.9935670495750514058e-06    1.1987134099150103235e-17    0
565    143    152    8.2286865447174944885e-06    1.0942024329663842662e-05    5.6221591505999487576e-06    4.8350568695159556304e-16    0
566    143    154    2.6366395519215514865e-05    9.9166529229508973653e-06    6.5811623260386167722e-06    9.2136272564540627781e-17    0
567    143    161    3.0657677298814209582e-05    3.4073421645045854354e-05    8.1127401962156045809e-06    6.9769565687454193829e-16    0
568    143    166    9.7842445894465457379e-06    1.4208951772959941379e-05    9.0209304514469216093e-06    2.3454419173761991829e-16    0
569    144    159    8.2625850574687698395e-06    1.2098123191102486118e-05    8.5083830636971485671e-06    8.5083830636971476609e-18    0
570    144    159    1.4746651542822898824e-06    1.129064831120547957e-06    1.1658675663725405993e-05    1.6905079712401837127e-15    0
571    145    146    1.8831312585981692376e-05    3.4161733771789579573e-05    5.9183417612035402411e-06    7.102010113444248987e-17    0
572    145    147    1.1261625280318863121e-05    7.2687129550485113258e-06    9.3087509142420415227e-06    1.3125338789081277036e-15    0
573    145    170    1.762896300902025941e-05    1.0578461442112608074e-05    9.0520262057392801764e-06    5.5217359855009603993e-16    0
574    145    174    1.8524253535127981957e-05    1.4259775287402758309e-05    8.8060236925947984153e-06    4.138831135519554479e-16    0
575    145    179    1.8238731815793691332e-05    6.6103214784575674458e-06    7.5427775314932627928e-06    1.0937027420665230054e-15    0
576    146    147    2.9173401474686455951e-05    1.5195594085934729098e-05    5.802479123231763994e-06    3.655561847636011301e-16    0
577    146    150    1.3454683107443649528e-05    1.1614596645438260083e-05    7.108687802164220866e-06    6.4689058999694389196e-16    0
578    146    155    2.7091885989324273503e-05    4.7407128596998443951e-06    4.4828469852230476626e-06    2.6000512514293671371e-16    0
579    146    173    1.0476372996229549379e-05    1.9971239643646797134e-05    1.1088258739730668125e-05    1.6310828606143810723e-14    0
580    147    155    3.6999470267368052138e-06    3.22581417167706514e-06    1.6322185063814212012e-05    2.7747714608484161134e-16    0
581    147    173    9.3842007073403319083e-06    2.3465470183623629693e-05    1.214949556210931478e-05    7.046707426023402412e-16    0
582    147    173    1.0749226496771169194e-05    2.0187333910454904353e-05    1.3299935789435444011e-05    1.9949903684153162786e-16    0
583    147    174    1.3695464685592929102e-05    1.6424351872806320881e-05    7.0241582961843769832e-06    2.3882138207026886108e-16    0
584    148    151    1.4468912700572930105e-05    1.6468562413642762578e-05    7.8017864450790225136e-06    8.659982954037714354e-16    0
585    148    151    1.060781919796274397e-05    1.4024192845649275006e-05    8.4726422107419962105e-06    1.6945284421483990914e-17    0
586    148    175    1.3475785558123195147e-05    1.8052241524945560665e-05    8.5366562003838722389e-06    8.5366562003838720442e-17    0
587    148    180    9.6271598159312504083e-06    8.8887534231204655009e-06    7.017655480431297348e-06    9.7545411177995020227e-16    0
588    149    151    7.8464821786593970512e-06    1.4062368653104774516e-05    1.8093562103065774792e-05    8.1421029463795970022e-16    0
589    149    151    1.2127727462693383537e-05    1.3581709946205853778e-05    1.3737022641203862418e-05    1.085224788655105197e-15    0
590    149    157    1.3249353053713842519e-05    1.1597665759538719655e-05    1.2152316882866834601e-05    4.4355956622463947532e-15    0
591    149    177    1.0251038607866778718e-05    6.0227134354529556157e-06    9.6787170371013568561e-06    4.839358518550678398e-16    0
592    150    165    7.6762936580057125607e-06    1.0415076989938519165e-05    8.4943713897482009482e-06    1.6054361926624097039e-15    0
593    150    172    1.2813268769666320477e-05    8.0649179183332664382e-06    8.5530221810909306716e-06    1.0263626617309113915e-15    0
594    150    183    9.7435679366353779697e-06    1.1496406297522823492e-05    1.2688775854322129421e-05    3.6416786701904514199e-15    0
595    151    175    9.0066997702985286125e-06    8.2803205128205030526e-06    1.5072695016968323239e-05    1.3263971614932124591e-15    0
596    151    175    1.2082388511388828856e-05    7.0017831661484058412e-06    1.9678073359406711478e-05    9.2486944789211522437e-16    0
597    152    156    1.094202432966385452e-05    9.6344564540804516616e-06    6.0344267087177182144e-06    3.1379018885332133555e-16    0
598    153    157    1.2429715228506526073e-05    1.9115550820882529871e-05    9.5536875021371391714e-06    7.0697287515814817492e-16    0
599    153    163    3.7170305228398993614e-06    5.2202457442299393049e-06    7.2367575703126126873e-06    1.512482332195335854e-15    0
600    153    167    8.7505741966187182998e-06    1.910973980309424241e-05    1.0774347099798644686e-05    2.8659763285464397191e-15    0
601    153    171    4.7245446627605668211e-06    1.2101000222459151165e-05    4.3185324840447791606e-06    7.8165437961210485663e-16    0
602    154    156    6.6422499171579744309e-06    1.093912359019013627e-05    4.7610367751767943275e-06    3.9516605233967392189e-16    0
603    154    161    6.5748196487285341446e-06    2.243632322711746176e-05    5.5218357675505553772e-06    8.8349372280808881814e-17    0
604    154    166    4.1127712535934503874e-06    1.4029107604753301254e-05    6.9084001152640391169e-06    5.3194680887533094544e-16    0
605    156    176    8.3966973061116107542e-06    8.305755664747233258e-06    6.7705882802758632463e-06    1.9567000129997244723e-15    0
606    157    167    1.8523534871131874292e-05    4.0099212320695445748e-05    1.0804136294254196467e-05    9.9398053907138600847e-16    0
607    157    171    1.2086552574434630125e-05    1.0319815478811174118e-05    6.7435387223681378456e-06    1.5577574448670396249e-15    0
608    157    184    3.865852969666694214e-05    1.1188388997576470402e-05    9.1324029572879391529e-06    1.0045643253016732127e-16    0
609    157    188    1.9511582633953720653e-05    2.0909848177312986996e-05    1.4672741482677691214e-05    3.0079120039489264972e-15    0
610    157    188    2.0742758495962363845e-05    6.8017086496330622202e-06    9.4050248058049428602e-06    6.9597183562956564253e-16    0
611    157    192    2.8823537950766779176e-05    1.0866775850187596769e-05    9.7528001804839771017e-06    1.5702008290579200251e-15    0
612    158    161    1.4740397912603629967e-05    7.6564429468467218884e-06    1.2491944588836268167e-05    5.4964556190879576547e-16    0
613    158    165    9.8590182989019258257e-06    1.1518688206346511997e-05    9.0757044813616388523e-06    4.5378522406808192644e-17    0
614    158    165    1.0157567063179207196e-05    7.6497853289090240504e-06    1.1383409617242942372e-05    1.0245068655518647587e-16    0
615    158    169    8.935208852678437757e-06    5.4919036834977349917e-06    5.0993084599308992818e-06    9.2297483124749261087e-16    0
616    158    178    1.3163213350395660062e-05    9.6140823451832113238e-06    1.3405752320048873254e-05    2.9894827673708982879e-15    0
617    158    190    1.0416403442128879781e-05    2.2932640209086865022e-05    4.1587716157020945435e-06    3.3270172925616758007e-17    0
618    158    190    1.7033273629684920992e-05    2.0167357335367908073e-05    5.2751772530628027083e-06    9.0733048752680194832e-16    0
619    158    193    1.6410493405382208741e-05    7.0588768689222035514e-06    1.0801907722383261793e-05    1.0801907722383261259e-16    0
620    158    193    1.7227535609011017056e-05    6.0235362596407325005e-06    1.1111929151678722253e-05    1.666789372751808027e-16    0
621    158    196    1.0082562401843594117e-05    1.1838566292679514975e-05    4.2818137967557548673e-06    5.3094491079771360956e-16    0
622    159    160    1.5264961834378238119e-05    3.0573070834678624436e-05    5.0552267326088018486e-06    9.6049307919567213702e-17    0
623    159    166    7.8521902095304708219e-06    8.4508512010765143537e-06    1.0306078431503041534e-05    1.0306078431503038633e-16    0
624    159    181    7.242780268942914881e-06    4.7571612884665509649e-06    8.376179529541143216e-06    1.3736934428447474152e-15    0
625    159    186    1.1413606929682602165e-05    1.264497418602120739e-05    9.0191123614851076488e-06    1.3528668542227658257e-16    0
626    160    168    1.939336756535568404e-05    1.0682647559860353651e-05    5.2290259544328390832e-06    7.3206363362059739592e-17    0
627    160    173    6.2528035395933913732e-06    1.6445952915535015811e-05    1.1978419184945211351e-05    9.319210125887373264e-15    0
628    160    191    2.7969130578120889573e-05    1.6557887298579368615e-05    5.3678253270088317547e-06    6.5487468989507743022e-16    0
629    161    176    6.9428677801998257249e-06    1.038608082805098025e-05    5.9850108503660169677e-06    2.3820343184456744099e-15    0
630    161    185    1.4333841091276799322e-05    1.3661037688782342149e-05    7.3361133846330675587e-06    5.1352793692431465199e-17    0
631    161    185    1.3021140585804251736e-05    1.2737266911296403021e-05    7.2395886925923421681e-06    7.2395886925923425213e-18    0
632    161    189    1.0229582504970174091e-05    9.7564231742191154413e-06    8.3433110067500380663e-06    7.1752474658050314221e-16    0
633    163    167    8.111986609637401215e-06    8.4767505171559233689e-06    8.6440225106873793868e-06    3.3365926891253279472e-15    0
634    163    167    9.7103837951506964828e-06    1.4231610668582931023e-05    1.0422063616848232208e-05    3.9603841744023275342e-16    0
635    163    171    1.1291374804956821635e-05    1.1968907328394947097e-05    6.0359939516574585814e-06    6.2774337097237559478e-16    0
636    163    178    1.3779967035753435119e-05    1.138281889113638386e-05    7.7186319591227948794e-06    3.3190117424228008384e-16    0
637    163    182    1.8072127051362099094e-05    7.3945882492062791415e-06    5.9565316158567074105e-06    3.4547883371968901372e-16    0
638    163    187    4.422394199705106676e-06    6.1135213701679067189e-06    9.4322419635035364716e-06    3.8200579952189321332e-15    0
639    163    187    1.632174651841884034e-05    1.5488751465966938358e-05    8.2382246036487253308e-06    8.2382246036487249458e-18    0
640    164    168    1.1744068830395260872e-05    1.7687568460923944603e-05    1.0685300204745296136e-05    5.3426501023726479538e-17    0
641    164    173    1.0454048165683996367e-05    2.7171647403219495172e-05    1.201780219571693289e-05    3.7255186806722492982e-16    0
642    164    174    5.5104936184119243458e-06    5.5104936184119234988e-06    7.6605544554455465669e-06    8.5798209900990107925e-16    0
643    165    169    2.3539587076583560836e-05    5.2530184484863505875e-06    5.9814211968138591589e-06    7.3571480720810450441e-16    0
644    165    172    6.2011588383982011959e-06    5.9291935737408804494e-06    6.7593442020845887977e-06    2.2238242424858292373e-15    0
645    165    173    1.5438400475180683556e-05    2.6820855577804266509e-05    1.3385722070091769483e-05    3.0251731878407394229e-15    0
646    165    173    2.4045121717385130929e-05    3.2454126046538472915e-05    1.1490473998893983401e-05    2.5164138057577820601e-15    0
647    165    190    7.8867814641052033132e-06    3.767353305750988775e-06    7.226075377191296551e-06    2.8470736986133707299e-15    0
648    165    191    3.3726555354223825478e-05    2.2029805171375907918e-05    8.0843422149584049345e-06    1.6168684429916807975e-16    0
649    165    196    2.4643727976169276038e-05    1.0021756078294571419e-05    6.8788069462451835315e-06    9.8366939331306116456e-16    0
650    166    176    1.4969390259495618157e-05    1.54457585262431443e-05    7.0635842706322325086e-06    7.8405785404017760906e-16    0
651    166    181    8.2316089374410151267e-06    5.4325471247260041422e-06    8.8679523319156735662e-06    1.6849109430639774942e-16    0
652    166    181    1.2678732607869705118e-05    1.3682422177050556798e-05    7.2448386328367466079e-06    2.1734515898510239686e-17    0
653    166    185    1.6572343977753910456e-05    8.5305915414607442354e-06    8.0921856542749477946e-06    2.7513431224534821392e-16    0
654    166    185    1.8746115917834592579e-05    1.1731557392195601151e-05    8.6855190625429464326e-06    8.6855190625429468534e-18    0
655    166    186    1.735685590257511347e-05    1.0208850100329476795e-05    8.4844428455464174812e-06    5.9391099918824919943e-17    0
656    166    186    2.0987378068305937784e-05    1.0731297986107144759e-05    8.073877054786339529e-06    2.4221631164359021024e-17    0
657    166    191    4.4608563332681484251e-06    1.701583648612960218e-05    1.3324354685927194145e-05    5.1032278447101152031e-15    0
658    166    200    1.6549516255932416301e-05    3.7227177886272296927e-06    6.5439741353280366212e-06    2.6175896541312145317e-17    0
659    167    187    5.5198129402945785807e-06    6.5788619371053777958e-06    1.0065170123872330368e-05    5.8176683315982069811e-15    0
660    167    189    2.3338390928713133288e-05    1.1142919511882277793e-05    1.091874143614469284e-05    9.8268672925302225603e-17    0
661    167    189    1.8901373453364042203e-05    1.2141954955206710911e-05    1.2137650995753586646e-05    8.4963556970275099459e-17    0
662    168    173    6.8215022799759125497e-06    1.7726755715754557936e-05    1.2018434573742093127e-05    6.2495859783458878437e-15    0
663    169    173    4.6426905521540143742e-06    3.888437982457867894e-05    9.7149539309134739053e-06    8.257710841276452752e-16    0
664    169    176    6.5729994349354723592e-06    1.6344023643563603047e-05    5.0297181204363549246e-06    6.5386335565672613785e-16    0
665    169    196    5.8602149902605911479e-06    9.9043863174652190928e-06    3.6806065625452916975e-06    5.9625826313233716252e-16    0
666    170    173    4.7673169852467027572e-06    2.1952130647725998037e-05    1.0563486499845534548e-05    1.0352216769848623716e-15    0
667    170    179    1.2054661290655679676e-05    1.6735142322641832519e-05    3.4518612006937968582e-06    1.0010397482012010426e-16    0
668    170    194    2.8129951829966288082e-06    1.289076335562818806e-05    1.1214446635856023797e-05    1.3345191496668665981e-15    0
669    171    178    5.3522806282538168263e-06    1.1112067827130371243e-05    8.3839085865659924074e-06    2.2468875011996860258e-15    0
670    171    182    7.9054516694862289584e-06    7.188329976180628677e-06    5.9300683243561477711e-06    6.2858724238175165135e-16    0
671    171    188    8.8628031002994455236e-06    1.32929156404446273e-05    7.7643135338579937637e-06    1.3587548684251488065e-15    0
672    172    177    7.0038649814753488549e-06    5.1858656433551064588e-06    5.7502022004505689651e-06    1.4893023699166972046e-15    0
673    172    178    7.3852988558144628552e-06    1.4792719332099521376e-05    8.483432076634648598e-06    7.7199231897375292536e-16    0
674    172    190    1.0809714729820503441e-05    1.8733022337718197617e-05    4.5100216085275876508e-06    3.2923157742251388051e-16    0
675    173    191    1.9074642035488630857e-05    1.8148252141854067011e-05    1.6935975848434942721e-05    2.9637957734761149204e-15    0
676    173    194    3.002849832865659666e-05    1.7386070805684038552e-05    1.3703600162598144095e-05    5.4814400650392578323e-16    0
677    173    194    3.0681777070769086367e-05    2.0509318989426998246e-05    1.4480061381685946823e-05    2.3168098210697512044e-16    0
678    173    195    3.0080133815299779946e-05    1.317629518274292079e-05    1.2480367800873933925e-05    1.2230760444856454029e-15    0
679    174    195    7.0552179653945746993e-06    1.7157799402370757779e-05    9.4566516482892680663e-06    2.1750298791065314409e-16    0
680    175    180    2.5172449186311548119e-05    1.1533043828297571682e-05    1.0527457738537734854e-05    2.1054915477075469148e-17    0
681    175    188    2.7802610884346138834e-05    3.6001833456881055732e-05    1.3553032762593975638e-05    4.3369704840300722037e-16    0
682    175    192    2.4905587058318298351e-05    2.3122213397456867218e-05    9.9925277578124378325e-06    2.9977583273437312437e-17    0
683    176    185    7.4695644093168703511e-06    5.7024735157082150408e-06    6.3256057767899834108e-06    2.6504288204750029043e-15    0
684    176    190    1.2558575483732608565e-05    2.2065086617258033264e-05    4.4874860193494790398e-06    1.0231468124116809595e-15    0
685    176    193    1.8190173955951436952e-05    1.2892870995724833803e-05    6.1295858291394223524e-06    2.3292426150729799694e-16    0
686    176    196    1.3837602272621584183e-05    9.8222556941061996865e-06    5.5701241300625748873e-06    2.9521657889331647016e-16    0
687    177    183    8.8377694276778978963e-06    1.7878487537210100604e-05    1.08281744362884494e-05    4.0064245414267256488e-16    0
688    177    188    5.6511197356133654622e-06    5.2383092009236045301e-06    6.9022851040845602876e-06    1.180290752798459566e-15    0
689    178    187    1.9226292272140543062e-05    1.347652203873974877e-05    9.624683507890721145e-06    1.7324430314203298123e-16    0
690    178    188    1.2473779866243723912e-05    1.8871525146778462265e-05    1.2702104342288156143e-05    2.057740903450681146e-15    0
691    178    188    1.6062597985144108208e-05    4.1355214888432704091e-05    1.0617604391103930243e-05    2.1235208782207860359e-17    0
692    178    190    1.0504787871126558091e-05    5.0026868060992715989e-06    8.3531573571891002349e-06    3.6169171356628799504e-15    0
693    178    193    1.5560653169804884374e-05    5.739235010670817679e-06    7.7454449146965046797e-06    1.0998531778869034713e-15    0
694    178    193    1.3374424306556222062e-05    7.0006144133452989349e-06    8.6202570133584076941e-06    2.5860771040075225443e-17    0
695    179    194    4.0967553165173723904e-06    1.1650388698966258509e-05    7.7126887500930151536e-06    5.0903745750613896348e-16    0
696    179    195    6.8957244160329304715e-06    6.6295503889516610446e-06    3.9355934867096699763e-06    8.4615259964257893587e-16    0
697    180    184    7.9551499851131295344e-06    7.476598190589608748e-06    8.6606117026002228188e-06    8.7472178196262254459e-16    0
698    180    184    1.0873269286916874531e-05    8.8045652065476285518e-06    8.0797695050876746254e-06    2.1653782273634967105e-15    0
699    180    194    2.283467502617629797e-05    2.5662344898298749315e-05    9.4820453782472312196e-06    2.0860499832143907583e-16    0
700    181    186    4.6806301426052202781e-06    4.1588490182663660657e-06    7.1014923471954680815e-06    1.6759521939381302575e-15    0
701    181    191    7.2510164073107726007e-06    1.3174182776859805563e-05    1.0592407612344594694e-05    6.1435964151598649637e-16    0
702    181    191    6.6439846578805754243e-06    1.5980432824151918729e-05    1.280489605379431444e-05    2.3048812896829759894e-16    0
703    182    187    8.0650422418161341287e-06    1.8490405076554965207e-05    7.8603390944558609394e-06    2.043688164558523627e-16    0
704    182    188    8.8908238048514138239e-06    1.2925704545867211436e-05    1.290748395880726403e-05    1.3681932996335700169e-15    0
705    182    188    1.4920036703127073714e-05    2.640042450689266204e-05    1.1969180767340554581e-05    4.5482886915894100031e-16    0
706    183    192    1.6263536253674776429e-05    8.9096806845422927591e-06    1.3592165368531571422e-05    1.467953859801409607e-15    0
707    183    194    1.0214379447668902416e-05    1.8959077772659154826e-05    1.4165227896180775357e-05    1.4306880175142584085e-15    0
708    183    199    7.5224678740019995378e-07    3.7828786740456450807e-07    2.2066901733758373844e-05    1.1033450866879185982e-16    0
709    183    202    3.7898509488782362279e-06    1.2688243939758093808e-06    1.9598936297483610433e-05    5.8796808892450834932e-17    0
710    184    192    1.7727424881629161496e-06    2.6222923241892855768e-06    8.0629373718674977471e-06    2.3463147752134416874e-15    0
711    187    189    1.2972757889608148204e-05    9.8019788193545551332e-06    9.6084899015003619421e-06    5.380754344840201753e-16    0
712    188    190    1.6676521452336924946e-05    2.8719464805305264932e-05    4.5203999125263188017e-06    3.6163199300210552383e-17    0
713    188    192    1.335342169305029485e-05    1.2225982987930849119e-05    1.0065114422348062358e-05    3.0195343267044189515e-17    0
714    189    193    7.7903307364659107713e-06    8.5938320872050571737e-06    6.1940117354480018818e-06    1.1520861827933283115e-15    0
715    190    193    2.2893839975380831877e-05    6.4257401756344157052e-06    3.6624765157370505045e-06    9.5956884712310705042e-16    0
716    190    196    1.247806110620696928e-05    6.6217874032250109213e-06    4.3774234387958318264e-06    2.7490219195637819069e-15    0
717    191    200    2.6434424351267562928e-05    7.9820183310347042995e-06    1.0444377649080234381e-05    4.1777510596320939607e-17    0
718    195    197    1.3229970249485201156e-05    7.1568743970192067011e-06    1.0326216107914235273e-05    3.4076513156116973634e-16    0
