15    4.999999999999999562e-05    4.999999999999999562e-05    4.999999999999999562e-05
1    4.6999999999999997238e-05    3.999999999999999819e-06    9.000000000000000228e-06    1    -1    1    0    1    
2    4.999999999999999562e-06    3.6999999999999998114e-05    1.2000000000000000304e-05    5    -1    3    3    6    7    1    0    2    13    14    15    16    
3    2.499999999999999781e-05    1.5999999999999999276e-05    1.29999999999999992e-05    7    -1    2    2    4    4    6    11    1    0    3    13    14    17    18    19    20    
4    4.3999999999999998856e-05    4.2999999999999994878e-05    1.9999999999999998248e-05    3    -1    3    3    1    0    4    17    18    
5    3.9999999999999996496e-05    0    2.499999999999999781e-05    0    0    0    
6    4.999999999999999562e-06    1.0999999999999999714e-05    2.699999999999999899e-05    4    2    3    11    11    0    0    15    19    21    22    
7    4.999999999999999562e-06    3.7999999999999995316e-05    3.6000000000000000912e-05    5    0    2    9    9    11    0    1    5    16    23    24    25    
8    4.3999999999999998856e-05    3.000000000000000076e-06    3.8999999999999999294e-05    1    12    0    0    26    
9    2.499999999999999781e-05    3.7999999999999995316e-05    4.1999999999999997676e-05    4    0    7    7    10    0    1    6    23    24    27    
10    3.7999999999999995316e-05    3.7999999999999995316e-05    4.4999999999999996058e-05    3    0    9    14    0    1    7    27    28    
11    6.000000000000000152e-06    1.399999999999999979e-05    4.6999999999999997238e-05    7    0    3    6    6    7    12    14    0    1    8    20    21    22    25    29    30    
12    2.900000000000000017e-05    3.000000000000000076e-06    4.8000000000000001216e-05    3    0    8    11    0    1    9    26    29    
13    4.8999999999999998418e-05    1.2000000000000000304e-05    4.999999999999999562e-05    1    0    0    1    10    
14    3.100000000000000135e-05    2.1999999999999999428e-05    4.999999999999999562e-05    3    0    10    11    0    1    11    28    30    
15    4.8999999999999998418e-05    4.1999999999999997676e-05    4.999999999999999562e-05    1    0    0    1    12    
