1    2.3008097831852903199e-17    9.1602182388305658511e-07    0.01260056218064546478    0
2    4.7991621621621607756e-17    1.5030853748321532742e-06    0.014870464738498888682    0
3    5.6100000000000001934e-18    5.0122892856597902249e-07    0.042701454199494101593    0
4    5.0499999999999981657e-19    5.0068277120590206333e-07    0.027815709511438996282    0
5    1.4189999999999996139e-17    1.5023930072784423325e-06    0.038214829277500750315    0
6    5.2799999999999996382e-18    5.0122892856597902249e-07    0.046877154050155134257    0
7    6.564999999999997808e-18    5.0109237432479852059e-07    0.053519382753950239806    0
8    2.6399999999999992028e-17    1.5029191970825195506e-06    0.032326801379403170833    0
9    8.537056751011543143e-17    1.7406367063522338501e-06    0.046583718853307719276    0
10    1.14839999999999959e-16    2.5070116519927979017e-06    0.047764015655894706547    0
11    2.2145125269915759961e-16    2.8245105743408200605e-06    0.020527234162746769291    0
12    3.864032181625049519e-16    3.5100960731506347648e-06    0.029748523404426609196    0
13    4.1497283323569754642e-16    2.9725730419158934056e-06    0.045187653855776332978    0
14    4.9565999999999975534e-16    3.5099394321441649544e-06    0.036357364124470978317    0
15    5.1580952606183387645e-16    3.9841544628143307961e-06    0.022028450595993554623    0
16    5.667926377335956221e-16    4.5138649940490719654e-06    0.037290499229384765911    0
17    1.5055163476131916042e-15    4.9004960060119626911e-06    0.033256812154822575078    0
18    1.9918934213967759386e-15    5.4334311485290528131e-06    0.028374236916247182888    0
19    6.2854921242494350528e-16    5.1730566024780268389e-06    0.034053271319482388002    0
20    9.3349645336564895181e-16    4.901267528533935616e-06    0.037759773555514124233    0
21    1.560316567762878733e-15    4.7118601799011230037e-06    0.0094252313700062158308    0
22    8.6873974065320122432e-16    4.6142420768737792475e-06    0.024279597157409620045    0
23    8.5803992277678806918e-16    4.5139398574829097324e-06    0.032742855936000958561    0
24    1.5444000000000000097e-15    6.2285690307617185807e-06    0.02498408660466861636    0
25    1.850499907977923896e-15    4.513977527618408386e-06    0.026385575727604741736    0
26    7.4777999999999989599e-16    5.6006641387939448868e-06    0.031973621736418204875    0
27    3.3870938231178725265e-16    2.5064854621887206836e-06    0.040213704977769069993    0
28    5.9053719777501966929e-15    7.3347086906433099009e-06    0.019555942569780691148    0
29    1.6493739969801082095e-15    5.3475723266601563435e-06    0.029160231000766815429    0
30    2.0186217402196221643e-15    6.5213046073913571922e-06    0.033880582062200459426    0
31    1.9058663009064918695e-16    2.3341600894927978294e-06    0.032327710282660723773    0
32    1.4813294963150124377e-15    4.6135344505310060023e-06    0.013700121565036487217    0
33    6.73188760731811003e-16    3.5101511478424070889e-06    0.0068596763728122830961    0
34    3.4375283980566699145e-15    7.5251412391662593837e-06    0.014994888058751709714    0
35    1.711336858436450559e-15    6.0774116516113278744e-06    0.029225700591585340032    0
36    1.3600459651593617542e-15    4.9002022743225091665e-06    0.022077633886370393035    0
37    1.5952147505437445399e-15    6.1530938148498529459e-06    0.038612643774090918414    0
38    4.9043510387167543625e-15    6.5213055610656737318e-06    0.025245765941939540128    0
39    7.0421378260212570394e-16    3.5096445083618163906e-06    0.02808497363924387924    0
40    1.1017896892023191948e-15    3.6343257427215573763e-06    0.032132767466946557389    0
41    6.8174806869609610591e-15    9.5317888259887690499e-06    0.020143109139524398299    0
42    7.3337257851780042177e-15    7.3983297348022456925e-06    0.015551599416555188932    0
43    2.6689280382574474001e-15    6.5205354690551751927e-06    0.025416319547927161693    0
44    3.6708860379937798922e-15    5.9209790229797359747e-06    0.022343755555839468069    0
45    3.4964563904442035137e-15    6.5927000045776366739e-06    0.027504772521823196013    0
46    2.525377850125386305e-15    6.2285113334655759846e-06    0.019616020089929228631    0
47    7.9999999999999990316e-18    5.0047791004180905098e-07    0.039062499999999909794    0
48    2.0560729774053711606e-15    4.4125318527221680365e-06    0.0092921915681116601382    0
49    1.9727689522491770388e-15    4.4125180244445794835e-06    0.0097667836940870996626    0
50    2.8767807475299941102e-15    5.5173721313476559047e-06    0.020121331241307376103    0
51    1.3005689691875568256e-15    5.9998726844787594859e-06    0.033731512803376217935    0
52    2.2650575739007185936e-15    6.0773711204528804491e-06    0.024562047585142989664    0
53    3.9174588409956881757e-15    8.1874999999999991133e-06    0.028992685999259939361    0
54    1.0590412406453482935e-15    5.6831111907958984099e-06    0.028135793614601504326    0
55    3.4635172485557444072e-15    5.6823663711547852043e-06    0.030134591171432772994    0
56    3.077303991538047039e-15    6.6632447242736814592e-06    0.02474293757937716734    0
57    3.0637818459822159615e-16    3.5100336074829098944e-06    0.03201275599810841227    0
58    3.0284813626470421038e-15    7.0063347816467283006e-06    0.02441385759910201167    0
59    2.9999999999999994443e-18    5.0020480155944825895e-07    0.046296296296296182704    0
60    4.5395285298586760583e-16    3.6329615116119381287e-06    0.034723945054051533199    0
61    6.8060124514115852204e-15    7.5876870155334471781e-06    0.020071074802876717746    0
62    1.1306877020171156173e-15    3.633648395538329815e-06    0.026994224167094228034    0
63    6.3431370981542000741e-15    8.9641332626342777801e-06    0.02737832842310003803    0
64    9.9999999999999991747e-18    5.0054621696472166731e-07    0.015200377652776615039    0
65    1.4730973089485690164e-15    6.2280635833740229215e-06    0.023092435762203433747    0
66    7.0346768658515997304e-16    3.9841015338897700507e-06    0.033471488521028679164    0
67    3.22729020361419305e-15    7.6495480537414552885e-06    0.023989647910729095664    0
68    2.5977944809543532109e-16    3.5098831653594967441e-06    0.032304778776068972246    0
69    5.2863506630417783118e-16    3.8703320026397706205e-06    0.030596540220938408389    0
70    6.4439676294986434942e-15    7.3984575271606442049e-06    0.010412492894367382859    0
71    6.1955523519956562122e-15    5.9225354194641108372e-06    0.014185537387542683507    0
72    3.3940743446071409138e-15    7.334280490875243781e-06    0.01596969145651229785    0
73    4.0658370116689752304e-15    6.0005683898925781043e-06    0.023787203140358995079    0
74    1.6315776113244106998e-15    5.6825404167175286852e-06    0.027656204953989113604    0
75    1.2953998436032744898e-14    7.8929238319396975102e-06    0.0083716219086492037194    0
76    1.710097060275175645e-15    3.7544364929199216423e-06    0.025492796683170396849    0
77    3.2921313934213635622e-16    3.5097789764404294093e-06    0.029252155095868610096    0
78    1.2391272733217321272e-14    8.472668647766112165e-06    0.017423882244738075203    0
79    2.0769841354393688244e-14    1.1200512886047362806e-05    0.017120433313709809003    0
80    2.7983999999999987913e-16    3.8702125549316407704e-06    0.030760109075530006617    0
81    1.7351372204675572044e-15    6.5206432342529297626e-06    0.021391446795591358143    0
82    3.4977945192399975595e-15    5.5176086425781246795e-06    0.033931586773997171602    0
83    3.1371516667392389139e-15    6.2283272743225092619e-06    0.027412562384958226447    0
84    3.8905930607826306983e-15    5.3477549552917478333e-06    0.028234729991548385142    0
85    1.2783031243420240901e-14    8.3027620315551745733e-06    0.011696913889855505009    0
86    2.0837837567492869726e-14    1.0716793060302733236e-05    0.01189608948815354568    0
87    2.4478569742453260132e-16    2.5068190097808835936e-06    0.045673446196428421628    0
88    2.8819961251641601789e-15    3.8702111244201655376e-06    0.014759777045314845592    0
89    2.3872069362856063727e-15    5.3476862907409663029e-06    0.024436357346254940215    0
90    7.1431027504846969933e-16    6.076742172241210282e-06    0.031339427314076087616    0
91    9.9121272338694157001e-15    7.3980765342712395932e-06    0.020482197316362631134    0
92    5.9999999999999988885e-18    5.004096627235412713e-07    0.017724199651602694922    0
93    2.1800280749937956068e-15    5.9224524497985837546e-06    0.023898624324339343833    0
94    1.3299093579690200779e-15    4.5133104324340817191e-06    0.026360457106244111064    0
95    6.607950492397881888e-15    9.5818605422973635364e-06    0.017343869288030829695    0
96    5.9751762929019235196e-15    7.3344931602478024551e-06    0.016374309276313270961    0
97    1.1739790814043918781e-15    2.5067496299743652937e-06    0.031428507701583424661    0
98    1.7166173226601227545e-15    3.6341328620910641451e-06    0.0073276994841450253035    0
99    3.8141185540850336679e-16    3.7537300586700438598e-06    0.029770162683461984243    0
100    3.8521193633731013721e-16    3.1139521598815918431e-06    0.035059206289951710955    0
101    8.2511555978121622758e-16    3.7540712356567382392e-06    0.03225151255202587941    0
102    1.4124125685145279976e-14    8.1295452117919915215e-06    0.0078521472432233289235    0
103    1.1505797183366912219e-15    4.5136075019836427086e-06    0.025413280203161154464    0
104    1.9126565884889973085e-15    4.5138587951660157289e-06    0.021097494381447770562    0
105    5.0146276889384318706e-15    6.4484777450561517418e-06    0.020588878655844553706    0
106    1.7540436825857995966e-15    4.5142765045166016077e-06    0.028057417824606221274    0
107    5.9306052703486311675e-15    7.5249185562133783149e-06    0.022207916024731544358    0
108    1.1396865668945037512e-14    7.398670196533202879e-06    0.014960370004242745656    0
109    3.4528444949178009835e-15    6.228635787963867032e-06    0.024655485060297719496    0
110    2.2898250087646115647e-15    4.9930610656738276296e-06    0.01770430834993649144    0
111    2.8076400000000007914e-15    7.0733184814453124516e-06    0.021144646296881813852    0
112    2.554772180165512681e-16    2.5057244300842284232e-06    0.034285079302629146991    0
113    2.3126183968411484895e-15    4.5142550468444824323e-06    0.024259857461321168021    0
114    4.6679053442788026583e-15    7.5872812271118159262e-06    0.0268388209937683829    0
115    8.5445038502698726685e-16    4.0948896408081050799e-06    0.032596971724704298934    0
116    7.0619999999999981987e-16    4.5136785507202143174e-06    0.025941815618589617043    0
117    6.2993806970175804861e-15    7.0065250396728512598e-06    0.019451735181287187898    0
118    9.5557033859145394917e-15    8.5290231704711916982e-06    0.021885043162706160902    0
119    5.392615558039548578e-15    7.6489524841308589235e-06    0.025114161933300786778    0
120    8.1533397704135148865e-16    4.0951275825500482405e-06    0.034959474036967447264    0
121    2.5263966791892300591e-15    4.5136446952819818219e-06    0.033163153182937922525    0
122    1.2678600000000004505e-15    6.0769081115722652943e-06    0.032153787576540131254    0
123    8.2092376952801021978e-17    1.9544401168823242776e-06    0.011514155444070903189    0
124    5.7998301806976450996e-16    3.1139194965362548103e-06    0.015275036988645931263    0
125    6.5534100436720111583e-15    7.1397094726562498565e-06    0.020673584454078502287    0
126    1.784272458221317108e-15    4.0950999259948728286e-06    0.03081646073026272567    0
127    3.4688611410251510928e-15    7.2049136161804193829e-06    0.020830361116748487976    0
128    3.4950299999999995226e-15    7.3342485427856443647e-06    0.029417807953932884751    0
129    1.8366331800118902508e-16    3.5095143318176269529e-06    0.037150346001133600915    0
130    1.1539321539867641802e-15    4.9005990028381345633e-06    0.024773156138864625697    0
131    2.8607631918597628391e-16    1.7402580976486205873e-06    0.038548518345775210914    0
132    1.1209203342739219884e-15    4.6138467788696290836e-06    0.027732060521195887881    0
133    3.0124287975333701404e-15    5.68354511260986292e-06    0.0078951302604964961052    0
134    7.5149437922451552313e-16    5.6821546554565430698e-06    0.024919728260414188842    0
135    4.5852333816827238748e-15    6.5205535888671869031e-06    0.019608394118208118118    0
136    5.3559417673296917274e-16    3.6336324214935301068e-06    0.03066722948200578322    0
137    8.1476446226066330456e-15    7.892568111419676538e-06    0.013643795619018394064    0
138    6.026851492898863686e-16    3.6337976455688475027e-06    0.012594642128468194059    0
139    6.5553303307130268246e-15    8.5285949707031238844e-06    0.027489500171902440245    0
140    4.9999999999999995873e-18    5.0034135580062865496e-07    0.055801270189221999218    0
141    3.6667083322972342315e-15    7.8934655189514157432e-06    0.026053256987777866777    0
142    1.8935486531031417681e-15    5.1729378700256341817e-06    0.02593528081033353444    0
143    1.4221559284788987921e-16    2.5056204795837400115e-06    0.040386013616233687462    0
144    1.1865287906388901597e-15    4.7114319801330560369e-06    0.027681501146433425131    0
145    1.15478680910268547e-15    5.3477826118469232451e-06    0.031061325217372488805    0
146    2.18629287222581024e-15    4.90040349960327106e-06    0.022263848601409331335    0
147    6.5233285077175229822e-15    7.8930172920227048339e-06    0.02674070762622196909    0
148    9.2013466214736593566e-16    3.9848434925079344847e-06    0.039998579646564266787    0
149    6.5722739805681280338e-15    7.6502170562744141875e-06    0.014457357089722419272    0
150    2.776512040345243649e-15    7.6491956710815417811e-06    0.026439553668597730318    0
151    2.6225159709830885179e-15    6.5925402641296387452e-06    0.031567333685362262974    0
152    2.7933926377725614378e-15    6.520978450775146405e-06    0.019526403284474413979    0
153    2.3678050138316400267e-15    5.9221463203430169098e-06    0.027008648297537664329    0
154    5.2139708483894675345e-15    7.5247912406921384958e-06    0.0079575452207308137315    0
155    1.8086752065738833241e-15    4.514198780059814222e-06    0.026062934677362786795    0
156    1.6647795405945864435e-15    5.6824278831481931116e-06    0.028302992118569483132    0
157    1.7856433898323565483e-15    6.3027372360229492942e-06    0.028077695265968212468    0
158    8.8086933070819669857e-16    4.2036824226379395392e-06    0.027155873034952735662    0
159    2.0888486313065211558e-15    4.6139092445373535304e-06    0.034214911020796857921    0
160    3.7023628063794092415e-16    3.633621454238891596e-06    0.032857384216626865647    0
161    2.6528083499695173402e-16    2.9719810485839842758e-06    0.029993320217996232574    0
162    1.113285847510528246e-14    9.5327310562133779907e-06    0.022348770699288679487    0
163    1.3999999999999999461e-17    9.1521424055099485525e-07    0.036157024793388448103    0
164    2.411525617656869193e-16    2.5065991878509521434e-06    0.013688258662619025643    0
165    7.2180676523534243109e-16    4.613037586212158352e-06    0.023860572643340970805    0
166    5.4839276700985314644e-15    6.5211534500122064255e-06    0.014614777163648574529    0
167    5.6511482394007144552e-16    4.0952057838439943194e-06    0.026505659904097828711    0
168    2.2396575516462590697e-15    6.2284817695617674936e-06    0.020454981131016194973    0
169    3.6195130879869355911e-15    6.2286190986633297074e-06    0.022741359213058372213    0
170    3.6449975897856415495e-15    7.5248432159423827016e-06    0.019804403372722084037    0
171    4.0551684169745936611e-16    3.7536447048187254283e-06    0.038494263068339494571    0
172    3.4090819320236572057e-15    6.6635336875915522861e-06    0.021529092481252776886    0
173    3.1999999999999996126e-17    9.1588526964187618909e-07    0.036413453614607252384    0
174    9.9999999999999987895e-19    5.0006824731826775705e-07    0.027781569295459315749    0
175    3.8857240243172523498e-15    5.922758102416991906e-06    0.015425063902593807996    0
176    6.4901092541934435634e-16    3.7539606094360348976e-06    0.034916732415183338034    0
177    3.4999999999999995571e-17    9.1581696271896357275e-07    0.036436644854253373571    0
178    1.7290029565244578751e-15    4.613408565521239722e-06    0.0287362807925248126    0
179    3.131663839221710806e-15    6.5922813415527342556e-06    0.017153959013387436866    0
180    8.7519256489466933926e-15    7.5871810913085936727e-06    0.018380784406482462978    0
181    2.8315532422374121057e-15    5.2608838081359865065e-06    0.019473070242119028261    0
182    5.4058408898796990426e-16    3.7539765834808346058e-06    0.023719167549026743541    0
183    1.4102572672428962901e-15    4.0946173667907715776e-06    0.022718046351471871125    0
184    2.036951866153063545e-15    5.4336934089660639206e-06    0.027163725142497326115    0
185    5.6191414120971981306e-16    3.6342771053314206354e-06    0.030198729135914391397    0
186    5.2289094283076173598e-15    7.0733718872070310433e-06    0.018982588675321689087    0
187    9.4702040489096751091e-15    6.8707160949707025795e-06    0.013701551647879992024    0
188    3.9646608927245652842e-15    5.5181369781494138998e-06    0.024365889832895653438    0
189    1.8160169821914201208e-15    5.347890377044677815e-06    0.028721905945883707129    0
190    3.7198067712993349484e-15    6.7334299087524408081e-06    0.03640014497221142481    0
191    4.3110077256886243235e-16    3.6336083412170406595e-06    0.028506661917507343518    0
192    2.7225219327080206082e-15    4.9004750251770013621e-06    0.03072128997723519786    0
193    4.9999999999999995873e-18    5.0034135580062865496e-07    0.02126903958192325958    0
194    1.8478740030422490411e-15    5.5173940658569329263e-06    0.0090829863179417158481    0
195    1.4739515037377566267e-15    5.9227991104125971776e-06    0.030343286583607631535    0
196    1.8038340241571064931e-15    6.5926146507263178189e-06    0.023902950998463380616    0
197    4.8438476215193733639e-15    7.398293972015380118e-06    0.024697082687272036566    0
198    3.5892514392081495423e-15    5.6825652122497553255e-06    0.013329149326715637389    0
199    3.2966999999999994139e-16    3.984790086746215893e-06    0.029648905133023414904    0
200    8.9050212388899009966e-15    8.9104776382446290983e-06    0.02074627516735672722    0
201    3.8407245383754827531e-16    2.5063927173614501293e-06    0.015699917272204579055    0
202    1.1825374014962971237e-15    5.6820154190063477769e-06    0.027283339032516774197    0
203    2.0425735449089793846e-15    5.843380451202391911e-06    0.020813029479537833305    0
204    1.6864762956847977466e-15    4.513524532318114779e-06    0.040145199076302186258    0
205    2.73364890459963806e-15    5.682515621185302892e-06    0.019782559632470220201    0
206    3.4959390272557674237e-15    6.5212378501892087409e-06    0.017568247218731288667    0
207    1.6430524395818101416e-15    5.9225535392761225476e-06    0.02207515228828011572    0
208    4.2021224392589263048e-16    2.9721121788024902531e-06    0.032319319829702576607    0
209    1.9851696759767327945e-15    6.5927801132202141379e-06    0.031334222501171071773    0
210    5.9984443851249394968e-15    6.8031845092773431119e-06    0.025309102179114133235    0
211    9.6971731676933513633e-16    4.5146303176879878067e-06    0.029853060229957671667    0
212    2.2786091722231554913e-15    6.8708271980285637673e-06    0.024984572854045573875    0
213    7.2761728952686141709e-16    4.4121046066284176092e-06    0.011722275302321378751    0
214    4.1174832236620353181e-15    6.7327232360839841025e-06    0.018811831411746558068    0
215    6.4773558792212206932e-15    8.1875648498535153326e-06    0.019606924320795721117    0
216    2.6043906237443121051e-16    1.5038647651672361681e-06    0.045666079710777629508    0
217    2.7224043387691642217e-15    6.5926427841186519241e-06    0.023854215138107568578    0
218    4.4586726487847335929e-15    6.5211400985717774128e-06    0.0053620395439123655357    0
219    1.7445193331546570456e-15    5.5176935195922848412e-06    0.024853622391393836305    0
220    2.9796321074175394604e-15    4.900318145751953052e-06    0.038835916690206126467    0
221    2.2166099999999995475e-15    6.5208225250244137875e-06    0.023581318130811955436    0
222    3.3628721215501694303e-15    7.6495370864868155071e-06    0.025734357637749633724    0
223    6.7969049304915624666e-15    6.592424869537353553e-06    0.022556011726375637533    0
224    2.0264051208243334339e-15    5.3481907844543454225e-06    0.019333777145938042807    0
225    2.9387957438513959653e-15    6.521128177642821939e-06    0.0061828408258265731348    0
226    4.410184206153086898e-15    6.0769858360290526799e-06    0.018882993586388653606    0
227    7.6594685537646998914e-15    7.6497669219970701991e-06    0.023016558932631617229    0
228    1.8800100000000011382e-15    6.5921344757080074933e-06    0.016116834556745139595    0
229    1.2525095769856530174e-15    4.4121465682983394203e-06    0.039791538528340289482    0
230    1.0920531336752507883e-15    4.9000911712646479787e-06    0.029142685491044581503    0
231    2.6499999999999996734e-16    2.3341052532196044285e-06    0.0116206998597266839    0
232    2.8764289980446325914e-15    4.9005198478698727918e-06    0.028686000892991177225    0
233    2.860131440529901073e-15    5.9227209091186519457e-06    0.035247696096094030538    0
234    1.8910356441642386054e-15    3.7541699409484861068e-06    0.011430134656393633671    0
235    9.2956619440760258686e-15    7.5246524810791010491e-06    0.020373079611112929893    0
236    9.9999999999999987895e-19    5.004096627235412713e-07    0.027800536817974511733    0
237    2.1374473217815316594e-15    5.5175065994262693469e-06    0.023116704932111306614    0
238    1.0999999999999998476e-17    5.0075101852416994889e-07    0.04247847557657023071    0
239    6.8292838046594565526e-16    3.6335096359252927918e-06    0.036255927272588507615    0
240    2.2700156814067158408e-15    4.9001216888427730092e-06    0.022333584828849169929    0
241    7.396934026226799541e-15    9.2269859313964840749e-06    0.017677704229375906103    0
242    2.9151875565150397032e-15    7.3348770141601558385e-06    0.014843303478043906943    0
243    4.9999999999999995873e-18    5.0034135580062865496e-07    0.030991735537190309019    0
244    1.1074834349932816412e-15    5.6000270843505854041e-06    0.023683316436661390469    0
245    4.5076491094729730271e-15    6.5218400955200191886e-06    0.021244820470109941624    0
246    6.2154408618848994368e-16    3.9841179847717280287e-06    0.032338611586026425049    0
247    3.499388962634846346e-15    6.1529693603515618985e-06    0.021099171939308797308    0
248    5.0753228400469104861e-15    7.5245046615600585943e-06    0.01521302285146718114    0
249    2.5016686031199174062e-15    6.8018813133239743488e-06    0.022605560586294544401    0
250    3.7232068916487056603e-15    5.921998500823974455e-06    0.023418578345411587144    0
251    7.0877774152059588049e-15    7.5868926048278806921e-06    0.016638618457720213278    0
252    2.9999999999999994443e-18    5.0020480155944825895e-07    0.03544839930320547311    0
253    3.1696277225553320938e-16    3.6338613033294674122e-06    0.033418268612986960775    0
254    9.847058923062006704e-16    4.4123134613037109721e-06    0.027168211157024200336    0
255    2.9485500000000001564e-15    7.3985366821289059763e-06    0.025219367380810792101    0
256    1.5616197992400586943e-15    5.5178174972534180424e-06    0.023795271460933891533    0
257    1.6972663514148128959e-15    7.335254192352294292e-06    0.024824479128917737586    0
258    1.1502606186958099554e-15    4.6136059761047363043e-06    0.032673157647844952578    0
259    5.9049142388647384046e-15    8.3029174804687493446e-06    0.011049885814600471021    0
260    1.4483699999999991179e-15    7.5873064994812004127e-06    0.013806389813678165285    0
261    1.8325192981318911673e-15    4.4123682975769039496e-06    0.028348943091346313905    0
262    1.6721100000000002646e-15    6.5205922126770012493e-06    0.022986429840712131051    0
263    3.1101134321241051539e-15    4.6132917404174801439e-06    0.020621789526850609758    0
264    9.9999999999999987895e-19    5.0006824731826775705e-07    0.027781569295459315749    0
265    4.6943809179971736713e-16    3.5096447467803953137e-06    0.035269206029293953542    0
266    2.9865522330392929024e-15    6.8021759986877435659e-06    0.017830941232014070608    0
267    1.1486623167698290735e-14    9.8287858963012696118e-06    0.013953161782302861763    0
268    9.5190627053140242398e-15    7.3343257904052730571e-06    0.015959047588474068596    0
269    6.9934036073481775501e-15    6.5928492546081543616e-06    0.0068537128596916152903    0
270    7.5482142183934497302e-15    8.5288429260253902867e-06    0.01943382244206175169    0
271    5.3245976422979772714e-15    7.3348965644836419347e-06    0.017639988285126931289    0
272    3.6580211508891148887e-15    7.0735120773315428758e-06    0.018991076058978224178    0
273    1.1117380937344278307e-14    9.0179691314697261795e-06    0.017445358508996880453    0
274    1.9189664725237237536e-15    4.5142173767089837787e-06    0.0071662097983088450179    0
275    9.1351342968103084887e-17    1.9534837007522581873e-06    0.030539738575886238303    0
276    7.0158941768619556296e-16    4.513564586639404358e-06    0.031186914432066586977    0
277    4.1807792272780814044e-15    5.4333291053771966335e-06    0.023659391536436303466    0
278    3.7693314348556650725e-15    7.5246067047119139269e-06    0.023420129832842459527    0
279    1.0482774433643984916e-15    5.2611961364746087408e-06    0.027757727076299608393    0
280    1.3437647385108358549e-14    8.7489528656005861884e-06    0.02106101599363519386    0
281    2.9606711680496146109e-15    5.5178031921386716432e-06    0.026953183137852474577    0
282    2.295557603893865756e-15    5.1728820800781246647e-06    0.020147875944807696474    0
283    1.0594383391308170973e-15    5.2608475685119622387e-06    0.025544750682650552154    0
284    8.5161896966182977569e-15    8.5285692214965815516e-06    0.011773359862320604413    0
285    6.8086518557889851209e-16    4.9005031585693354672e-06    0.027078747441652031153    0
286    7.3146583315177130882e-15    7.3985714912414550113e-06    0.013526381391656391862    0
287    1.7142481625283519906e-15    4.4117336273193353923e-06    0.025887241885215437481    0
288    1.2654549264357133224e-16    1.9542056322097778318e-06    0.027723250893947344597    0
289    2.2623701896548631821e-15    4.9011168479919435426e-06    0.023376604972363167895    0
290    4.241054256577744471e-15    7.3342533111572262154e-06    0.024201995936235998902    0
291    6.272674759034762571e-15    6.6635165214538571153e-06    0.012936881513623460505    0
292    8.2321667150618739246e-15    7.8928618431091300626e-06    0.010204826079608700015    0
293    9.581452342810475431e-15    7.5247926712036128816e-06    0.015552554831126825033    0
294    5.8018796333059578749e-15    7.3981375694274896542e-06    0.019185914790253538048    0
295    1.3787066031973633879e-15    7.5242800712585444463e-06    0.026891369854349308349    0
296    3.5099875876919275971e-15    6.1530785560607908542e-06    0.020207238620726129114    0
297    9.9388109263575634569e-16    4.9004926681518552262e-06    0.029254737479721053955    0
298    3.7927229859360652911e-16    3.6336061954498290808e-06    0.027843957009725132934    0
299    8.3890853219267086119e-16    3.6339883804321287317e-06    0.027027066081124321434    0
300    6.7122690722922647983e-15    7.3350510597229001664e-06    0.0096010391579999191519    0
301    6.1774980792723746675e-16    4.5141119956970209812e-06    0.026882032189107330639    0
302    2.6838233735236117884e-15    5.6822924613952631299e-06    0.024045112262623988958    0
303    4.7744124895185431577e-16    2.5070979595184324492e-06    0.030696611701957032814    0
304    2.0779953812970990254e-15    4.7112865447998045074e-06    0.027074936234705054838    0
305    3.4999999999999995571e-17    5.0109237432479852059e-07    0.041202694434693383496    0
306    1.5199999999999998006e-16    1.9543055295944211621e-06    0.035027999478598338678    0
307    2.0683483968640795684e-15    4.5147042274475098812e-06    0.027642381363171791842    0
308    2.1446622549920885275e-15    5.3480205535888672528e-06    0.023868230860767860463    0
309    4.1450817636357301215e-15    5.2608938217163080543e-06    0.023580989781722874049    0
310    1.3107505684280243959e-15    4.900377273559570034e-06    0.024064225165226361958    0
311    1.2869345265504111628e-16    1.9540423154830930915e-06    0.042245661921849676779    0
312    1.7517695660089993886e-15    6.3027591705322263157e-06    0.026175274414791196292    0
313    3.0383436496698671521e-16    2.506042003631591625e-06    0.034994857778457982844    0
314    8.9921906122485815243e-15    8.2455215454101560036e-06    0.018969373823925977235    0
315    1.1699532511490741374e-15    6.2286882400512690841e-06    0.028816357746296906994    0
316    1.502476680948435749e-15    3.9843316078186032423e-06    0.02439959722389272237    0
317    2.4492599999999998865e-15    6.7333030700683588353e-06    0.026287920482318264531    0
318    2.4195645464623179539e-15    4.9931030273437494407e-06    0.024418932010015721723    0
319    1.6774910866609669204e-15    5.9226961135864253054e-06    0.025405599376342444251    0
320    1.6793168026972069679e-15    4.9007511138916010226e-06    0.028213232737885684392    0
321    1.8049344519510675026e-15    5.2615833282470704361e-06    0.024167618266926396003    0
322    1.4027838754393288464e-15    3.7539701461791990226e-06    0.031871429122387058552    0
323    7.3003407779230117459e-16    3.5099763870239255681e-06    0.015763029946003863369    0
324    3.0791489193144251934e-15    6.0769643783569335046e-06    0.032346897901212770532    0
325    1.4873913404014418994e-15    4.2034626007080072419e-06    0.020597568803917106622    0
326    2.8193537222071488684e-15    6.801895618438720748e-06    0.021856431907485329019    0
327    2.276973345309807952e-15    6.076881408691405575e-06    0.025106162070704131362    0
328    5.5167931850491979755e-16    3.6334035396575928014e-06    0.03130237332784630705    0
329    3.5323775855612067535e-15    6.2286806106567376147e-06    0.026499119713368685103    0
330    2.9133359723638454277e-15    7.3344731330871576656e-06    0.024473369062879515856    0
331    2.6252166850991084351e-15    4.9928102493286133026e-06    0.023920271843773065201    0
332    4.4365356541783225779e-15    7.1387896537780757834e-06    0.028205664312425302725    0
333    1.3451324500015104525e-15    5.3474454879760743706e-06    0.021496461583949050267    0
334    4.3999999999999993903e-17    9.1582870483398432487e-07    0.015727080889787897061    0
335    2.5629447553566058758e-15    5.1728749275207518886e-06    0.01836274828733359607    0
336    3.9236606272139564982e-15    6.0769906044006345307e-06    0.028805460189373816721    0
337    2.0262000000000000191e-16    3.5095746517181393975e-06    0.037836396416006452814    0
338    5.9551171703266260217e-16    3.7534685134887695217e-06    0.018985513689549270849    0
339    1.2415570587498905263e-14    9.6318635940551756454e-06    0.013816093275889665057    0
340    1.3103218233588624772e-15    5.4338250160217285912e-06    0.026146645393235350141    0
341    7.5712237289837184945e-15    8.6394367218017576989e-06    0.022069597075238280709    0
342    5.4963304605361878017e-15    7.1392149925231931316e-06    0.014865211323598279819    0
343    4.5274570142761045081e-16    5.260456085205078233e-06    0.031883868288740083163    0
344    8.5395569808130239289e-16    4.203819751739501753e-06    0.017251539146304659122    0
345    5.4138008738385937866e-17    1.5027688741683958618e-06    0.02972442071128484839    0
346    6.3279603067059782928e-15    7.5869302749633784987e-06    0.019146921831416929133    0
347    3.7828989173785941048e-15    6.7330684661865231397e-06    0.016249963820812406839    0
348    6.8993427627200406252e-16    3.9844884872436523994e-06    0.028195600450470897913    0
349    2.1507466656263724213e-15    5.9222054481506347388e-06    0.03043428161846087332    0
350    2.3466315986049891624e-15    5.5172181129455563663e-06    0.037082733481267830811    0
351    1.8999999999999997507e-17    9.1549903154373166862e-07    0.038450659447112331413    0
352    3.8903699999999985669e-15    7.5875625610351561307e-06    0.0097049679041566923321    0
353    3.5099999999999993498e-16    1.5032819509506225668e-06    0.0071920654556246266589    0
354    5.2507081557295117599e-15    7.7720866203308094016e-06    0.020835296455436847635    0
355    3.8921123014560175642e-15    5.9220795631408684585e-06    0.031508850313577183022    0
356    1.9851985631985239624e-15    5.1731448173522944655e-06    0.026207660392504258939    0
357    9.7479517997635821692e-15    8.2449254989624026394e-06    0.017806011489545331417    0
358    1.7112311438079090881e-15    5.2611937522888178154e-06    0.030409229334823983937    0
359    5.4767342126715746661e-15    8.3032846450805654034e-06    0.010555033958612434347    0
360    2.0104979368093481431e-15    5.2607326507568357397e-06    0.036472590639656125855    0
361    2.0496696849384653899e-15    6.8712687492370605938e-06    0.028414310798559792859    0
362    4.8208244300826977683e-16    4.6132297515869135433e-06    0.037272358799301893995    0
363    2.2623551360312881494e-15    4.6129779815673826768e-06    0.024426000565942667525    0
364    1.8982753512802955643e-16    2.506096839904785026e-06    0.030682982357270464219    0
365    2.737771710473419096e-15    6.5208587646484372083e-06    0.023981695953422844936    0
366    1.1691248589692130727e-15    4.9928698539733881308e-06    0.025705189661973049109    0
367    1.5994833521492273753e-15    5.5169978141784662228e-06    0.02806128108744328567    0
368    9.9999999999999987895e-19    5.0006824731826775705e-07    0.027781569295459315749    0
369    5.5530998088442188677e-15    7.1389346122741694666e-06    0.018385996626590225822    0
370    8.3710331806316047239e-15    5.9220914840698239324e-06    0.0078340338506536297963    0
371    2.1704504950740169117e-14    1.06269941329956046e-05    0.016112193418020163971    0
372    1.2670632839457693666e-14    7.6494140624999996925e-06    0.019931229442607875657    0
373    1.1401208315994651089e-14    7.8927259445190430816e-06    0.020317894517896638307    0
374    9.2829936001768629515e-16    4.4121479988098146532e-06    0.030117151484660029115    0
375    4.8445202140914500029e-15    7.3340764045715331159e-06    0.026727777325764340288    0
376    1.5178379260671179886e-15    4.4124064445495604495e-06    0.028318162849822400839    0
377    1.9482655169629944774e-14    1.0982955932617186686e-05    0.0086786955432356718831    0
378    2.6700705540590505739e-15    4.7110662460327143639e-06    0.020772634536518754661    0
379    5.9999999999999988885e-18    5.004096627235412713e-07    0.039879449216106047094    0
380    1.8942842912654895836e-15    5.1732330322265620922e-06    0.029765939680111402899    0
381    4.1694025861826371897e-15    6.5210070610046383564e-06    0.012681783376680355602    0
382    1.3702428968770015048e-14    8.3600063323974609954e-06    0.019603572938532362602    0
383    1.7254415938345777202e-15    6.2288627624511712583e-06    0.023281807338161399773    0
384    4.0170507892686430335e-15    5.5175700187683103333e-06    0.014859907277501223713    0
385    4.7487075324233588672e-15    7.8332123756408680079e-06    0.022841155933409341278    0
386    1.2752580153205409096e-15    5.9221243858337398882e-06    0.025515356425610563607    0
387    1.4999999999999997221e-17    5.0068277120590206333e-07    0.045799497484264733993    0
388    2.4999999999999996396e-17    5.0116068124771113693e-07    0.014683844222666267085    0
389    2.925236980127888485e-15    5.2610054016113279353e-06    0.026184955716217196003    0
390    2.4901820098641125956e-15    5.5178389549255372177e-06    0.0084199243271634895136    0
391    3.3544499999999987253e-15    7.0732674598693847854e-06    0.024309857515817909906    0
392    3.3459724067579277919e-15    5.922677993774413595e-06    0.020887850889586116049    0
393    2.0917812185297518294e-15    4.7106714248657220463e-06    0.024542719722754766792    0
394    9.993154332599025605e-15    8.5846061706542966125e-06    0.017979577351513936073    0
395    2.5762074149207464766e-15    4.5143527984619137604e-06    0.026760819085465049894    0
396    9.9999999999999987895e-19    5.0006824731826775705e-07    0.027781569295459315749    0
397    8.6117107537248646503e-16    4.4120020866394044304e-06    0.030014852951737731879    0
398    7.1166389291165197701e-15    7.6495923995971680249e-06    0.016197398566300973133    0
399    1.2299106888219669676e-15    4.992767333984374952e-06    0.032592687316042145973    0
400    1.2415805559981278065e-15    5.9213695526123042879e-06    0.024178702768532744222    0
401    2.7794063500863315587e-15    5.5182890892028803591e-06    0.02633017553936356156    0
402    7.8203775928021835453e-16    3.6337859630584713755e-06    0.034719308118952130204    0
403    1.1519739157881607382e-15    3.6329057216644286117e-06    0.029090422308825712727    0
404    4.2825207094117865456e-15    5.843394279479980464e-06    0.024444160745164193738    0
405    3.3764267587092800979e-15    4.9932909011840814745e-06    0.023207062188914596296    0
406    7.4088884788947927108e-16    4.4121503829956055785e-06    0.022900014785554732161    0
407    1.8028554995040631609e-15    5.4334244728088378833e-06    0.028967024460455136764    0
408    1.2438338219965684166e-14    1.0351716041564941738e-05    0.014395883266639633927    0
409    7.6280190891080505691e-15    7.5872650146484372949e-06    0.020833225629777775423    0
410    4.3028018897223857268e-15    7.7114567756652836002e-06    0.027621341988633533321    0
411    1.6289617202845413725e-15    5.2606596946716302048e-06    0.025658952496979473695    0
412    2.8044576584865283912e-15    8.5284681320190419115e-06    0.023652221094342562591    0
413    1.2832595590298909564e-15    5.9231247901916501185e-06    0.034037050707702326546    0
414    2.0469877191595034294e-14    9.2267436981201169098e-06    0.011884627058228460286    0
415    2.4107589467539158096e-15    5.4338216781616211263e-06    0.018396174611353927064    0
416    4.1722981306090111856e-16    3.5104444026947019203e-06    0.032572917172143202313    0
417    2.699999999999999808e-17    5.0061446428298944699e-07    0.0095125630156742014415    0
418    3.7232889374044851114e-15    6.8716912269592283233e-06    0.021692172723301077902    0
419    1.9035068600359521532e-15    3.6333649158477780318e-06    0.0048110685893168773572    0
420    6.5083042722808679388e-15    7.3338046073913574599e-06    0.011321311543526087554    0
421    5.0701315615438780277e-15    7.3988451957702637465e-06    0.028660672262070814587    0
422    1.4962200000000006744e-15    6.5927600860595701954e-06    0.025052562247948335916    0
423    2.5904950733837031749e-15    6.1530303955078119595e-06    0.023352093536620911751    0
424    1.0460612016574583549e-15    5.5176262855529785437e-06    0.025397330111394743335    0
425    1.7895974174122721612e-15    4.5137281417846675978e-06    0.0298704929132639109    0
426    5.4358011871167351622e-16    3.7535357475280758192e-06    0.032507651465539980085    0
427    1.945916347681594342e-15    6.5209870338439935669e-06    0.024477431923386052531    0
428    1.6629640560588007916e-15    6.4487786293029780425e-06    0.022354685312878118386    0
429    2.0976556695731228321e-14    1.1951245307922363134e-05    0.015255262819757895582    0
430    5.0747590018335989351e-15    5.3482146263122555232e-06    0.024741970887860939565    0
431    1.1299200000000000273e-15    5.9220876693725586212e-06    0.031221806681816958312    0
432    6.239179380554126724e-16    3.6335420608520504779e-06    0.033906110098135995579    0
433    1.5409531385592922746e-14    8.7490816116332995462e-06    0.012695314535462411468    0
434    4.2264843451521523419e-15    6.6628055572509764051e-06    0.020158220037019704274    0
435    3.2445072503291372655e-15    5.922299861907958602e-06    0.025062342529564553273    0
436    2.0224299884295365096e-15    6.7327284812927246465e-06    0.023916420917959896331    0
437    1.3575737208160874631e-15    5.6825604438781734747e-06    0.028031840399756945137    0
438    2.6433841563568163152e-15    4.9006199836730958923e-06    0.02359317775404782061    0
439    4.8218741283214685132e-15    7.3983464241027830171e-06    0.018500142694260826581    0
440    2.659546900229515296e-15    5.1733131408691404032e-06    0.013552672326561987504    0
441    6.5699959695798540639e-16    3.5097329616546629404e-06    0.043588661378814626268    0
442    6.2958237847913458217e-16    4.095112800598143995e-06    0.019475998234649009866    0
443    2.7276849038558946029e-15    5.9224052429199213995e-06    0.031009513102732779583    0
444    3.6722733978209817755e-15    6.8709182739257810126e-06    0.023646458925795948991    0
445    2.4959405994428811621e-15    5.4332766532897945814e-06    0.011962018660055438735    0
446    1.8106739796568707192e-15    5.1733074188232420129e-06    0.028202026742593384184    0
447    2.8115518806587881527e-15    3.9843883514404292989e-06    0.012816613020571502105    0
448    5.6229592607318415447e-15    6.8030996322631829502e-06    0.022464715419036149213    0
449    7.6516562118243550962e-16    5.1724791526794430314e-06    0.028472607321159939392    0
450    3.1205482694729096773e-15    7.3340806961059571204e-06    0.021322652622075059098    0
451    2.5210901505312509644e-15    6.8707628250122070883e-06    0.025899294950501756951    0
452    3.1627843795772096933e-15    5.8427176475524900955e-06    0.021806215161445680062    0
453    1.9192900473438750246e-15    4.2030849456787109422e-06    0.033973303047568424728    0
454    2.3396075439891009956e-15    6.0004224777221678815e-06    0.025236707105554159747    0
455    2.9212957500318541398e-15    6.5926361083984369942e-06    0.024566927935982710296    0
456    2.4384043229359347448e-15    6.8021645545959467854e-06    0.024905248273371021622    0
457    4.2641576188267152311e-15    6.5208559036254875896e-06    0.020351662499412618429    0
458    3.4496670923591938852e-15    6.2286353111267083387e-06    0.018811255681773907111    0
459    9.7835871647012041464e-16    4.5134267807006834509e-06    0.026257997711490305842    0
460    5.5569785249782504084e-15    7.2047958374023432653e-06    0.02029128140957521878    0
461    1.5546204759883459995e-15    5.6821379661560057452e-06    0.035752775520219375049    0
462    3.0986999999999996478e-15    6.5930094718933101366e-06    0.023082588939492422464    0
463    3.9999999999999995158e-18    5.002731084823607694e-07    0.059819173824159084518    0
464    3.7796061341350998091e-15    6.8714919090270995089e-06    0.022477456650720935294    0
465    4.1575983058705512599e-15    7.5249037742614740694e-06    0.021205220541179559818    0
466    1.4362996257581100786e-15    6.2283282279968258015e-06    0.028578167372847643191    0
467    1.9616380250335857748e-15    5.8437523841857906675e-06    0.032043414772642157817    0
468    1.5587032058416442592e-15    6.0770998001098626393e-06    0.0321454827155056716    0
469    2.936777541481427153e-15    6.521535873413085423e-06    0.01109452277758270905    0
470    2.4694344562892862213e-15    5.6830124855041505423e-06    0.017778189625506587296    0
471    8.4094674968587586487e-16    3.6342210769653317717e-06    0.028281727373480291393    0
472    1.2236054797169478354e-15    4.7109761238098145052e-06    0.025595799327353639663    0
473    3.7622713922341937533e-15    5.517532825469970373e-06    0.019452023121995131588    0
474    1.3131932787391424608e-15    5.4330086708068842365e-06    0.036295120213348235072    0
475    9.9999999999999987895e-19    5.0006824731826775705e-07    0.027781569295459315749    0
476    9.9678015689097174045e-16    3.6346061229705810413e-06    0.013713767752215340334    0
477    4.725600000000001294e-16    3.6346580982208248236e-06    0.028718786858601904471    0
478    8.4777372763139768919e-16    4.5140929222106935783e-06    0.030505221183210719932    0
479    4.2483415185563690088e-16    3.509930849075317369e-06    0.012214719138550928293    0
480    4.9467000000000010804e-16    3.510833263397216501e-06    0.012905613787490411229    0
481    1.5955130389380215566e-16    2.5071883201599120781e-06    0.040264076847979703155    0
482    4.7722361088175986026e-16    3.5105001926422118608e-06    0.041994813868042102367    0
483    7.1610000000000006456e-17    1.9543842077255246638e-06    0.033753377041697313343    0
484    4.983000000000000063e-17    1.740607857704162552e-06    0.041480001175106195888    0
485    1.3198444225293454856e-16    2.5066239833831787836e-06    0.037089474956416568219    0
486    1.2838080552999270409e-16    2.5058231353759762909e-06    0.038783240414429855092    0
487    1.7824609862513609421e-17    5.0081926584243772856e-07    0.017592592592592593698    0
488    4.8180000000000007098e-17    1.5031219720840452915e-06    0.031475157479452987863    0
489    2.0129999999999987643e-17    1.502809405326843287e-06    0.034814083247816172972    0
490    1.9544999999999887911e-17    9.1621488332748411456e-07    0.032501264383285620452    0
491    3.0299999999999268697e-18    5.0102412700653074092e-07    0.039879449216106144238    0
