208    0.00014999999999999998686    0.00014999999999999998686    0.00014999999999999998686
1    3.000000000000000076e-06    0.00011699999999999999788    1.9999999999999999095e-06    3    -1    5    22    1    0    1    75    76    
2    2.9999999999999997372e-05    2.0999999999999998838e-05    3.000000000000000076e-06    4    -1    15    36    36    1    0    2    77    78    79    
3    4.6000000000000000036e-05    0.00010100000000000000199    3.000000000000000076e-06    5    -1    10    27    40    41    1    0    3    80    81    82    83    
4    1.9999999999999998248e-05    8.299999999999999815e-05    3.999999999999999819e-06    5    -1    9    22    26    52    1    0    4    84    85    86    87    
5    6.999999999999999895e-06    0.00012999999999999998861    3.999999999999999819e-06    4    -1    1    6    50    1    0    5    75    88    89    
6    2.900000000000000017e-05    0.00013400000000000000452    3.999999999999999819e-06    7    -1    5    11    22    24    27    46    1    0    6    88    90    91    92    93    94    
7    0.00014199999999999998214    4.999999999999999562e-05    4.999999999999999562e-06    4    -1    21    29    29    1    0    7    95    96    97    
8    9.2999999999999997274e-05    6.7999999999999999464e-05    4.999999999999999562e-06    6    -1    21    21    38    40    51    1    0    8    98    99    100    101    102    
9    4.999999999999999562e-06    7.2999999999999999026e-05    4.999999999999999562e-06    6    -1    4    22    33    36    48    1    0    9    84    103    104    105    106    
10    8.299999999999999815e-05    8.700000000000000051e-05    4.999999999999999562e-06    7    -1    3    23    23    27    30    40    1    0    10    80    107    108    109    110    111    
11    6.3999999999999997104e-05    0.00014599999999999999805    4.999999999999999562e-06    7    -1    -1    6    27    37    37    37    1    0    11    12    90    112    113    114    115    
12    4.8000000000000001216e-05    3.3999999999999999732e-05    6.000000000000000152e-06    0    0    0    
13    4.8000000000000001216e-05    7.5999999999999990632e-05    6.000000000000000152e-06    5    -1    26    36    40    40    1    0    13    116    117    118    119    
14    0.00011799999999999999508    0.00010699999999999999876    6.000000000000000152e-06    4    -1    17    23    30    1    0    14    120    121    122    
15    3.100000000000000135e-05    3.999999999999999819e-06    6.999999999999999895e-06    7    -1    -1    -1    2    18    25    36    1    0    15    16    17    77    123    124    125    
16    0.00011899999999999999229    1.2000000000000000304e-05    6.999999999999999895e-06    9    -1    20    20    39    39    44    44    60    79    1    0    18    126    127    128    129    130    131    132    133    
17    0.00013400000000000000452    0.00012299999999999998109    6.999999999999999895e-06    4    -1    14    31    31    1    0    19    120    134    135    
18    5.3000000000000000778e-05    7.999999999999999638e-06    7.999999999999999638e-06    11    -1    15    19    36    36    47    53    58    58    58    98    1    0    20    123    136    137    138    139    140    141    142    143    144    
19    6.7000000000000002262e-05    1.8999999999999997658e-05    7.999999999999999638e-06    3    -1    18    47    1    0    21    136    145    
20    9.8999999999999994038e-05    2.9999999999999997372e-05    7.999999999999999638e-06    6    -1    -1    16    16    21    60    1    0    22    23    126    127    146    147    
21    9.8999999999999994038e-05    4.6000000000000000036e-05    1.0999999999999999714e-05    9    -1    -1    7    8    8    20    29    29    47    1    0    24    25    95    98    99    146    148    149    150    
22    9.999999999999999124e-06    0.00010699999999999999876    1.2000000000000000304e-05    9    -1    1    4    6    9    41    50    52    52    1    0    26    76    85    91    103    151    152    153    154    
23    9.3999999999999994476e-05    0.00011199999999999999832    1.2000000000000000304e-05    9    -1    10    10    14    27    28    30    31    54    1    0    27    107    108    121    155    156    157    158    159    
24    4.3999999999999998856e-05    0.00014599999999999999805    1.29999999999999992e-05    4    6    27    35    35    0    0    92    160    161    162    
25    3.000000000000000076e-06    9.999999999999999124e-06    1.4999999999999998686e-05    2    15    57    0    0    124    163    
26    3.7999999999999995316e-05    7.9999999999999992992e-05    1.4999999999999998686e-05    4    4    13    40    49    0    0    86    116    164    165    
27    5.800000000000000034e-05    0.00012100000000000000024    1.4999999999999998686e-05    15    -1    -1    3    6    10    11    23    24    28    28    35    37    37    41    54    1    0    28    29    81    93    109    112    155    160    166    167    168    169    170    171    172    
28    7.7000000000000001386e-05    0.0001250000000000000026    1.4999999999999998686e-05    5    23    27    27    37    54    0    0    156    166    167    173    174    
29    0.00013599999999999999893    7.099999999999999107e-05    1.5999999999999999276e-05    8    7    7    21    21    30    38    45    56    0    0    96    97    148    149    175    176    177    178    
30    0.00010799999999999999596    8.9999999999999992116e-05    1.5999999999999999276e-05    11    10    14    23    29    38    38    45    56    56    59    59    0    0    110    122    157    175    179    180    181    182    183    184    185    
31    0.00011999999999999998949    0.00013199999999999998302    1.5999999999999999276e-05    8    -1    17    17    23    42    42    54    54    1    0    30    134    135    158    186    187    188    189    
32    8.0999999999999990194e-05    9.999999999999999124e-05    1.6999999999999999866e-05    0    0    0    
33    6.000000000000000152e-06    3.9999999999999996496e-05    1.8000000000000000456e-05    6    -1    9    36    36    71    80    1    0    31    104    190    191    192    193    
34    9.2999999999999997274e-05    0.00014500000000000000085    1.8000000000000000456e-05    3    -1    37    54    1    0    32    194    195    
35    4.1999999999999997676e-05    0.00013500000000000000173    1.8999999999999997658e-05    9    24    24    27    46    46    46    69    69    84    0    0    161    162    168    196    197    198    199    200    201    
36    3.6000000000000000912e-05    5.399999999999999798e-05    1.9999999999999998248e-05    21    -1    2    2    9    13    15    18    18    33    33    47    47    47    47    55    57    71    77    80    85    85    1    0    33    78    79    105    117    125    137    138    190    191    202    203    204    205    206    207    208    209    210    211    212    
37    6.5999999999999991508e-05    0.00014500000000000000085    1.9999999999999998248e-05    8    11    11    11    27    27    28    34    54    0    0    113    114    115    169    170    173    194    213    
38    9.2000000000000000072e-05    7.3999999999999996228e-05    2.0999999999999998838e-05    9    8    29    30    30    45    45    45    51    59    0    0    100    176    179    180    214    215    216    217    218    
39    0.00014599999999999999805    1.29999999999999992e-05    2.1999999999999999428e-05    4    -1    16    16    44    1    0    34    128    129    219    
40    5.800000000000000034e-05    9.2999999999999997274e-05    2.1999999999999999428e-05    17    -1    3    8    10    13    13    26    41    51    54    59    59    74    75    90    90    90    1    0    35    82    101    111    118    119    164    220    221    222    223    224    225    226    227    228    229    
41    3.4999999999999996934e-05    0.00010999999999999999036    2.1999999999999999428e-05    10    3    22    27    40    46    52    62    67    75    88    0    0    83    151    171    220    230    231    232    233    234    235    
42    0.00014300000000000000645    0.00013899999999999999053    2.3000000000000000018e-05    6    31    31    54    70    70    78    0    0    186    187    236    237    238    239    
43    7.999999999999999638e-06    0    2.499999999999999781e-05    0    0    0    
44    0.00013099999999999998581    4.999999999999999562e-06    2.59999999999999984e-05    5    16    16    39    79    95    0    0    130    131    219    240    241    
45    0.0001240000000000000054    6.7000000000000002262e-05    2.59999999999999984e-05    8    29    30    38    38    38    51    56    60    0    0    177    181    214    215    216    242    243    244    
46    1.6999999999999999866e-05    0.00013099999999999998581    2.59999999999999984e-05    11    -1    -1    6    35    35    35    41    50    52    61    64    1    0    36    37    94    196    197    198    230    245    246    247    248    
47    6.5999999999999991508e-05    3.2999999999999995754e-05    2.900000000000000017e-05    17    18    19    21    36    36    36    36    51    53    55    76    76    85    89    91    91    115    0    0    139    145    150    202    203    204    205    249    250    251    252    253    254    255    256    257    258    
48    1.9999999999999999095e-06    6.8999999999999996666e-05    2.900000000000000017e-05    1    9    0    0    106    
49    2.9999999999999997372e-05    7.3999999999999996228e-05    2.900000000000000017e-05    3    26    52    55    0    0    165    259    260    
50    7.999999999999999638e-06    0.00013699999999999999613    2.900000000000000017e-05    5    5    22    46    64    105    0    0    89    152    245    261    262    
51    7.9999999999999992992e-05    6.5999999999999991508e-05    3.100000000000000135e-05    9    8    38    40    45    47    59    60    76    90    0    0    102    217    221    242    249    263    264    265    266    
52    6.000000000000000152e-06    9.2999999999999997274e-05    3.100000000000000135e-05    9    4    22    22    41    46    49    61    67    88    0    0    87    153    154    231    246    259    267    268    269    
53    6.7999999999999999464e-05    1.8000000000000000456e-05    3.1999999999999998552e-05    5    18    47    58    89    98    0    0    140    250    270    271    272    
54    9.6999999999999999634e-05    0.00013199999999999998302    3.1999999999999998552e-05    13    23    27    28    31    31    34    37    40    42    59    59    75    84    0    0    159    172    174    188    189    195    213    222    236    273    274    275    276    
55    3.8999999999999999294e-05    6.8999999999999996666e-05    3.3999999999999999732e-05    8    36    47    49    71    74    77    90    92    0    0    206    251    260    277    278    279    280    281    
56    0.00014099999999999998494    9.2999999999999997274e-05    3.3999999999999999732e-05    9    29    30    30    45    60    70    70    83    100    0    0    178    182    183    243    282    283    284    285    286    
57    6.000000000000000152e-06    6.000000000000000152e-06    3.6000000000000000912e-05    5    25    36    80    85    99    0    0    163    207    287    288    289    
58    7.7999999999999998588e-05    6.000000000000000152e-06    3.8999999999999999294e-05    6    18    18    18    53    79    98    0    0    141    142    143    270    290    291    
59    8.7999999999999997712e-05    8.3999999999999995352e-05    3.8999999999999999294e-05    13    30    30    38    40    40    51    54    54    75    81    90    90    100    0    0    184    185    218    223    224    263    273    274    292    293    294    295    296    
60    0.00010699999999999999876    4.999999999999999562e-05    3.9999999999999996496e-05    10    16    20    45    51    56    76    79    82    100    100    0    0    132    147    244    264    282    297    298    299    300    301    
61    9.999999999999999124e-06    0.00010100000000000000199    3.9999999999999996496e-05    6    46    52    64    67    88    105    0    0    247    267    302    303    304    305    
62    4.8000000000000001216e-05    0.00012100000000000000024    3.9999999999999996496e-05    5    41    67    69    84    93    0    0    232    306    307    308    309    
63    6.8999999999999996666e-05    4.999999999999999562e-05    4.1999999999999997676e-05    0    0    0    
64    6.999999999999999895e-06    0.00011799999999999999508    4.1999999999999997676e-05    7    46    50    61    67    67    105    105    0    0    248    261    302    310    311    312    313    
65    3.999999999999999819e-06    0.00014899999999999998966    4.1999999999999997676e-05    0    0    0    
66    7.099999999999999107e-05    4.8000000000000001216e-05    4.2999999999999994878e-05    0    0    0    
67    3.6999999999999998114e-05    0.00010999999999999999036    4.2999999999999994878e-05    11    41    52    61    62    64    64    88    93    93    105    105    0    0    233    268    303    306    310    311    314    315    316    317    318    
68    9.0999999999999989318e-05    2.699999999999999899e-05    4.3999999999999998856e-05    0    0    0    
69    2.9999999999999997372e-05    0.00014099999999999998494    4.3999999999999998856e-05    4    35    35    62    105    0    0    199    200    307    319    
70    0.00012999999999999998861    0.0001240000000000000054    4.4999999999999996058e-05    10    42    42    56    56    78    78    81    83    94    97    0    0    237    238    283    284    320    321    322    323    324    325    
71    1.29999999999999992e-05    5.0999999999999999598e-05    4.6000000000000000036e-05    7    33    36    55    77    77    80    80    0    0    192    208    277    326    327    328    329    
72    0.00014899999999999998966    0.00011199999999999999832    4.6000000000000000036e-05    0    0    0    
73    4.6999999999999997238e-05    0    4.6999999999999997238e-05    0    0    0    
74    4.4999999999999996058e-05    8.700000000000000051e-05    4.8000000000000001216e-05    4    40    55    88    90    0    0    225    278    330    331    
75    7.7999999999999998588e-05    9.4999999999999991678e-05    4.8000000000000001216e-05    7    40    41    54    59    84    90    93    0    0    226    234    275    292    332    333    334    
76    9.2000000000000000072e-05    5.19999999999999968e-05    4.8999999999999998418e-05    6    47    47    51    60    89    90    0    0    252    253    265    297    335    336    
77    2.4000000000000000608e-05    3.4999999999999996934e-05    4.999999999999999562e-05    8    36    55    71    71    80    85    99    115    0    0    209    279    326    327    337    338    339    340    
78    0.00014199999999999998214    0.00014500000000000000085    4.999999999999999562e-05    4    42    70    70    94    0    0    239    320    321    341    
79    0.00011999999999999998949    9.999999999999999124e-06    5.0999999999999999598e-05    6    16    44    58    60    95    98    0    0    133    240    290    298    342    343    
80    1.399999999999999979e-05    4.1000000000000000474e-05    5.0999999999999999598e-05    7    33    36    57    71    71    77    99    0    0    193    210    287    328    329    337    344    
81    0.00011199999999999999832    0.00010899999999999999316    5.0999999999999999598e-05    5    59    70    97    100    110    0    0    293    322    345    346    347    
82    0.00014199999999999998214    4.3999999999999998856e-05    5.19999999999999968e-05    9    60    86    95    100    107    107    117    122    123    0    0    299    348    349    350    351    352    353    354    355    
83    0.00013999999999999998774    9.0999999999999989318e-05    5.19999999999999968e-05    6    56    70    97    100    100    113    0    0    285    323    356    357    358    359    
84    7.2000000000000001824e-05    0.00013699999999999999613    5.19999999999999968e-05    9    35    54    62    75    93    93    103    136    136    0    0    201    276    308    332    360    361    362    363    364    
85    2.799999999999999958e-05    1.6999999999999999866e-05    5.3000000000000000778e-05    8    36    36    47    57    77    91    99    99    0    0    211    212    254    288    338    365    366    367    
86    0.00014099999999999998494    2.499999999999999781e-05    5.3000000000000000778e-05    2    82    95    0    0    348    368    
87    0.0001049999999999999908    0.00014899999999999998966    5.399999999999999798e-05    0    0    0    
88    1.8999999999999997658e-05    9.8999999999999994038e-05    5.4999999999999995182e-05    12    41    52    61    67    74    92    93    104    105    126    134    134    0    0    235    269    304    314    330    369    370    371    372    373    374    375    
89    7.099999999999999107e-05    2.900000000000000017e-05    5.599999999999999916e-05    12    47    53    76    90    98    98    108    109    111    120    120    121    0    0    255    271    335    376    377    378    379    380    381    382    383    384    
90    6.9999999999999993868e-05    6.7999999999999999464e-05    5.599999999999999916e-05    19    40    40    40    51    55    59    59    74    75    76    89    92    104    106    108    111    111    126    137    0    0    227    228    229    266    280    294    295    331    333    336    376    385    386    387    388    389    390    391    392    
91    3.9999999999999996496e-05    4.999999999999999562e-06    5.800000000000000034e-05    6    47    47    85    96    114    130    0    0    256    257    365    393    394    395    
92    2.9999999999999997372e-05    7.099999999999999107e-05    5.8999999999999997542e-05    5    55    88    90    104    141    0    0    281    369    385    396    397    
93    6.7000000000000002262e-05    0.00010799999999999999596    5.8999999999999997542e-05    13    62    67    67    75    84    84    88    97    110    125    126    126    145    0    0    309    315    316    334    360    361    370    398    399    400    401    402    403    
94    0.00013500000000000000173    0.00013599999999999999893    5.8999999999999997542e-05    6    70    78    116    116    136    143    0    0    324    341    404    405    406    407    
95    0.00013699999999999999613    1.2000000000000000304e-05    6.0999999999999998722e-05    10    44    79    82    86    98    112    122    122    133    167    0    0    241    342    349    368    408    409    410    411    412    413    
96    4.8999999999999998418e-05    1.4999999999999998686e-05    6.20000000000000027e-05    1    91    0    0    393    
97    0.00010799999999999999596    0.00011899999999999999229    6.20000000000000027e-05    9    70    81    83    93    110    113    116    125    125    0    0    325    345    356    398    414    415    416    417    418    
98    9.4999999999999991678e-05    1.5999999999999999276e-05    6.2999999999999999902e-05    11    18    53    58    79    89    89    95    108    109    112    121    0    0    144    272    291    343    377    378    408    419    420    421    422    
99    1.5999999999999999276e-05    3.3999999999999999732e-05    6.2999999999999999902e-05    8    57    77    80    85    85    114    115    128    0    0    289    339    344    366    367    423    424    425    
100    0.0001259999999999999998    7.9999999999999992992e-05    6.2999999999999999902e-05    15    56    59    60    60    81    82    83    83    101    107    113    117    124    125    125    0    0    286    296    300    301    346    350    357    358    426    427    428    429    430    431    432    
101    0.00010600000000000000156    8.0999999999999990194e-05    6.3999999999999997104e-05    3    100    106    125    0    0    426    433    434    
102    0.0001049999999999999908    0.00014899999999999998966    6.3999999999999997104e-05    0    0    0    
103    6.8999999999999996666e-05    0.00014599999999999999805    6.4999999999999994306e-05    4    84    136    136    136    0    0    362    435    436    437    
104    3.2999999999999995754e-05    8.4999999999999992554e-05    6.5999999999999991508e-05    5    88    90    92    126    141    0    0    371    386    396    438    439    
105    1.399999999999999979e-05    0.00012799999999999999421    6.5999999999999991508e-05    13    50    61    64    64    67    67    69    88    126    127    127    127    127    0    0    262    305    312    313    317    318    319    372    440    441    442    443    444    
106    9.7999999999999996836e-05    6.7999999999999999464e-05    6.7000000000000002262e-05    4    90    101    125    137    0    0    387    433    445    446    
107    0.00014599999999999999805    6.8999999999999996666e-05    6.7999999999999999464e-05    4    82    82    100    117    0    0    351    352    427    447    
108    9.6000000000000002432e-05    3.1999999999999998552e-05    6.8999999999999996666e-05    6    89    90    98    112    121    133    0    0    379    388    419    448    449    450    
109    7.5999999999999990632e-05    1.0999999999999999714e-05    7.099999999999999107e-05    2    89    98    0    0    380    420    
110    0.00011299999999999999552    0.00011100000000000000112    7.5999999999999990632e-05    9    81    93    97    113    113    116    119    124    125    0    0    347    399    414    451    452    453    454    455    456    
111    6.7000000000000002262e-05    5.19999999999999968e-05    7.7000000000000001386e-05    6    89    90    90    115    120    137    0    0    381    389    390    457    458    459    
112    0.00011199999999999999832    2.4000000000000000608e-05    7.7999999999999998588e-05    5    95    98    108    123    133    0    0    409    421    448    460    461    
113    0.00014099999999999998494    0.0001039999999999999936    7.899999999999999579e-05    7    83    97    100    110    110    116    124    0    0    359    415    428    451    452    462    463    
114    3.100000000000000135e-05    3.000000000000000076e-06    7.9999999999999992992e-05    3    91    99    130    0    0    394    423    464    
115    4.6999999999999997238e-05    3.2999999999999995754e-05    7.9999999999999992992e-05    5    47    77    99    111    120    0    0    258    340    424    457    465    
116    0.00014400000000000000365    0.00012100000000000000024    7.9999999999999992992e-05    7    94    94    97    110    113    142    142    0    0    404    405    416    453    462    466    467    
117    0.00014500000000000000085    6.0999999999999998722e-05    8.0999999999999990194e-05    4    82    100    107    123    0    0    353    429    447    468    
118    8.299999999999999815e-05    7.899999999999999579e-05    8.0999999999999990194e-05    3    125    137    137    0    0    469    470    471    
119    0.0001029999999999999964    0.00012199999999999999744    8.0999999999999990194e-05    3    110    125    136    0    0    454    472    473    
120    5.9999999999999994744e-05    2.0999999999999998838e-05    8.2000000000000000948e-05    7    89    89    111    115    121    130    137    0    0    382    383    458    465    474    475    476    
121    8.3999999999999995352e-05    1.29999999999999992e-05    8.4999999999999992554e-05    8    89    98    108    120    130    133    137    167    0    0    384    422    449    474    477    478    479    480    
122    0.00014400000000000000365    1.8999999999999997658e-05    8.4999999999999992554e-05    8    82    95    95    123    123    167    167    167    0    0    354    410    411    481    482    483    484    485    
123    0.00013999999999999998774    4.1000000000000000474e-05    8.4999999999999992554e-05    6    82    112    117    122    122    140    0    0    355    460    468    481    482    486    
124    0.00013300000000000000732    9.7999999999999996836e-05    8.5999999999999989756e-05    5    100    110    113    142    160    0    0    430    455    463    487    488    
125    0.00010600000000000000156    9.8999999999999994038e-05    8.5999999999999989756e-05    15    93    97    97    100    100    101    106    110    118    119    136    139    142    151    157    0    0    400    417    418    431    432    434    445    456    469    472    489    490    491    492    493    
126    4.2999999999999994878e-05    9.999999999999999124e-05    8.5999999999999989756e-05    10    88    90    93    93    104    105    134    135    141    145    0    0    373    391    401    402    438    440    494    495    496    497    
127    1.5999999999999999276e-05    0.00013899999999999999053    8.8999999999999994914e-05    7    105    105    105    105    144    144    174    0    0    441    442    443    444    498    499    500    
128    1.0999999999999999714e-05    4.8000000000000001216e-05    8.9999999999999992116e-05    4    99    137    141    147    0    0    425    501    502    503    
129    0.00010799999999999999596    0.0001259999999999999998    9.0999999999999989318e-05    0    0    0    
130    6.20000000000000027e-05    9.999999999999999124e-06    9.3999999999999994476e-05    6    91    114    120    121    150    156    0    0    395    464    475    477    504    505    
131    9.9999999999999995475e-07    1.0999999999999999714e-05    9.3999999999999994476e-05    0    0    0    
132    3.1999999999999998552e-05    0.00014899999999999998966    9.3999999999999994476e-05    0    0    0    
133    0.00010600000000000000156    1.6999999999999999866e-05    9.6000000000000002432e-05    7    95    108    112    121    137    152    167    0    0    412    450    461    478    506    507    508    
134    1.0999999999999999714e-05    9.3999999999999994476e-05    9.6999999999999999634e-05    7    88    88    126    141    141    141    144    0    0    374    375    494    509    510    511    512    
135    4.999999999999999562e-05    0.00012899999999999999141    9.7999999999999996836e-05    2    126    146    0    0    495    513    
136    7.499999999999999343e-05    0.00013400000000000000452    0.00010100000000000000199    18    84    84    94    103    103    103    119    125    143    143    143    143    145    151    158    159    159    173    0    0    363    364    406    435    436    437    473    489    514    515    516    517    518    519    520    521    522    523    
137    6.0999999999999998722e-05    4.4999999999999996058e-05    0.0001029999999999999964    17    90    106    111    118    118    120    121    128    133    140    148    149    149    152    152    156    177    0    0    392    446    459    470    471    476    479    501    506    524    525    526    527    528    529    530    531    
138    0.00014899999999999998966    0.00013500000000000000173    0.0001029999999999999964    0    0    0    
139    0.00011799999999999999508    9.2999999999999997274e-05    0.0001039999999999999936    5    125    157    157    160    160    0    0    490    532    533    534    535    
140    0.00011699999999999999788    4.3999999999999998856e-05    0.0001049999999999999908    3    123    137    162    0    0    486    524    536    
141    2.59999999999999984e-05    7.2000000000000001824e-05    0.0001049999999999999908    15    92    104    126    128    134    134    134    145    147    148    149    170    178    178    182    0    0    397    439    496    502    509    510    511    537    538    539    540    541    542    543    544    
142    0.0001250000000000000026    0.0001240000000000000054    0.00010600000000000000156    11    116    116    124    125    143    143    151    151    153    160    166    0    0    466    467    487    491    545    546    547    548    549    550    551    
143    0.00012100000000000000024    0.00013999999999999998774    0.00010600000000000000156    9    94    136    136    136    136    142    142    158    158    0    0    407    514    515    516    517    545    546    552    553    
144    1.29999999999999992e-05    0.00011399999999999999272    0.00010699999999999999876    8    127    127    134    145    146    170    174    179    0    0    498    499    512    554    555    556    557    558    
145    6.5999999999999991508e-05    0.00010100000000000000199    0.00010799999999999999596    9    93    126    136    141    144    146    149    154    173    0    0    403    497    518    537    554    559    560    561    562    
146    2.799999999999999958e-05    0.00013300000000000000732    0.00011100000000000000112    7    135    144    145    154    173    173    174    0    0    513    555    559    563    564    565    566    
147    4.999999999999999562e-06    3.6999999999999998114e-05    0.00011199999999999999832    6    128    141    150    150    163    178    0    0    503    538    567    568    569    570    
148    5.19999999999999968e-05    4.1000000000000000474e-05    0.00011199999999999999832    6    137    141    150    150    156    176    0    0    525    539    571    572    573    574    
149    6.5999999999999991508e-05    7.2999999999999999026e-05    0.00011199999999999999832    7    137    137    141    145    165    172    182    0    0    526    527    540    560    575    576    577    
150    2.499999999999999781e-05    1.5999999999999999276e-05    0.00011299999999999999552    7    130    147    147    148    148    163    198    0    0    504    567    568    571    572    578    579    
151    0.00011100000000000000112    0.00011299999999999999552    0.00011600000000000000068    5    125    136    142    142    155    0    0    492    519    547    548    580    
152    0.00010100000000000000199    2.499999999999999781e-05    0.00011699999999999999788    7    133    137    137    156    162    167    171    0    0    507    528    529    581    582    583    584    
153    0.00014599999999999999805    0.0001019999999999999992    0.00011699999999999999788    5    142    155    160    160    166    0    0    549    585    586    587    588    
154    3.4999999999999996934e-05    0.00011600000000000000068    0.00011699999999999999788    2    145    146    0    0    561    563    
155    0.00013199999999999998302    0.00010100000000000000199    0.00011899999999999999229    3    151    153    175    0    0    580    585    589    
156    6.8999999999999996666e-05    1.29999999999999992e-05    0.00011999999999999998949    10    130    137    148    152    167    171    183    191    195    195    0    0    505    530    573    581    590    591    592    593    594    595    
157    0.00010799999999999999596    7.7000000000000001386e-05    0.00011999999999999998949    13    125    139    139    160    165    165    169    177    188    188    189    189    192    0    0    493    532    533    596    597    598    599    600    601    602    603    604    605    
158    0.00012199999999999999744    0.00013899999999999999053    0.00011999999999999998949    7    136    143    143    159    166    180    185    0    0    520    552    553    606    607    608    609    
159    8.700000000000000051e-05    0.00013199999999999998302    0.00012199999999999999744    6    136    136    158    168    173    190    0    0    521    522    606    610    611    612    
160    0.00014099999999999998494    6.9999999999999993868e-05    0.0001240000000000000054    11    124    139    139    142    153    153    157    175    184    184    187    0    0    488    534    535    550    586    587    596    613    614    615    616    
161    3.9999999999999996496e-05    0    0.0001250000000000000026    0    0    0    
162    0.00011499999999999998993    2.499999999999999781e-05    0.0001250000000000000026    9    140    152    167    167    171    177    181    186    186    0    0    536    582    617    618    619    620    621    622    623    
163    4.999999999999999562e-06    1.0999999999999999714e-05    0.00012699999999999999701    4    147    150    198    198    0    0    569    578    624    625    
164    2.0999999999999998838e-05    0.00014500000000000000085    0.00012699999999999999701    3    168    173    174    0    0    626    627    628    
165    8.4999999999999992554e-05    7.2999999999999999026e-05    0.00012799999999999999421    10    149    157    157    169    172    173    173    189    190    192    0    0    575    597    598    629    630    631    632    633    634    635    
166    0.00013599999999999999893    0.00011799999999999999508    0.00012799999999999999421    12    142    153    158    175    180    180    184    184    185    185    190    204    0    0    551    588    607    636    637    638    639    640    641    642    643    644    
167    0.00013199999999999998302    1.0999999999999999714e-05    0.00012899999999999999141    13    95    121    122    122    122    133    152    156    162    162    186    187    187    0    0    413    480    483    484    485    508    583    590    617    618    645    646    647    
168    5.9999999999999994744e-05    0.00014400000000000000365    0.00012899999999999999141    4    0    159    164    173    0    1    38    610    626    648    
169    0.0001049999999999999908    9.2999999999999997274e-05    0.00012999999999999998861    5    157    165    173    175    192    0    0    599    629    649    650    651    
170    2.799999999999999958e-05    9.6000000000000002432e-05    0.00012999999999999998861    5    141    144    173    179    193    0    0    541    556    652    653    654    
171    8.700000000000000051e-05    2.9999999999999997372e-05    0.00013099999999999998581    6    152    156    162    177    181    195    0    0    584    591    619    655    656    657    
172    7.5999999999999990632e-05    5.6999999999999996362e-05    0.00013099999999999998581    5    149    165    176    177    189    0    0    576    630    658    659    660    
173    5.800000000000000034e-05    0.00011600000000000000068    0.00013099999999999998581    19    0    0    0    136    145    146    146    159    164    165    165    168    169    170    190    193    194    196    196    0    1    39    40    41    523    562    564    565    611    627    631    632    648    649    652    661    662    663    664    665    
174    3.999999999999999819e-06    0.00014500000000000000085    0.00013099999999999998581    5    127    144    146    164    194    0    0    500    557    566    628    666    
175    0.00012899999999999999141    8.4999999999999992554e-05    0.00013300000000000000732    8    155    160    166    169    184    188    189    192    0    0    589    613    636    650    667    668    669    670    
176    6.0999999999999998722e-05    4.8000000000000001216e-05    0.00013400000000000000452    4    148    172    182    195    0    0    574    658    671    672    
177    0.00010100000000000000199    4.999999999999999562e-05    0.00013500000000000000173    12    0    137    157    162    171    172    186    188    188    189    195    195    0    1    42    531    600    620    655    659    673    674    675    676    677    678    
178    4.999999999999999562e-06    3.7999999999999995316e-05    0.00013599999999999999893    9    0    0    141    141    147    183    183    196    198    0    1    43    44    542    543    570    679    680    681    682    
179    3.999999999999999819e-06    0.00010699999999999999876    0.00013599999999999999893    4    144    170    193    194    0    0    558    653    683    684    
180    0.00012699999999999999701    0.00013500000000000000173    0.00013799999999999999333    6    158    166    166    185    190    190    0    0    608    637    638    685    686    687    
181    9.2000000000000000072e-05    1.399999999999999979e-05    0.00013899999999999999053    5    162    171    186    195    195    0    0    621    656    688    689    690    
182    4.8999999999999998418e-05    7.499999999999999343e-05    0.00013899999999999999053    9    0    0    141    149    176    191    196    201    202    0    1    45    46    544    577    671    691    692    693    694    
183    2.499999999999999781e-05    3.7999999999999995316e-05    0.00014199999999999998214    5    0    156    178    178    191    0    1    47    592    679    680    695    
184    0.00014300000000000000645    9.0999999999999989318e-05    0.00014199999999999998214    9    0    0    0    160    160    166    166    175    203    0    1    48    49    50    614    615    639    640    667    696    
185    0.00013799999999999999333    0.00014500000000000000085    0.00014199999999999998214    5    0    158    166    166    180    0    1    51    609    641    642    685    
186    0.00012299999999999998109    2.499999999999999781e-05    0.00014300000000000000645    7    0    162    162    167    177    181    187    0    1    52    622    623    645    673    688    697    
187    0.00014199999999999998214    4.999999999999999562e-05    0.00014300000000000000645    6    0    160    167    167    186    188    0    1    53    616    646    647    697    698    
188    0.0001240000000000000054    6.20000000000000027e-05    0.00014400000000000000365    8    0    157    157    175    177    177    187    189    0    1    54    601    602    668    674    675    698    699    
189    9.6000000000000002432e-05    7.099999999999999107e-05    0.00014400000000000000365    10    0    157    157    165    172    175    177    188    192    195    0    1    55    603    604    633    660    669    676    699    700    701    
190    0.00010600000000000000156    0.0001259999999999999998    0.00014400000000000000365    8    0    159    165    166    173    180    180    204    0    1    56    612    634    643    661    686    687    702    
191    3.7999999999999995316e-05    3.7999999999999995316e-05    0.00014500000000000000085    6    0    156    182    183    195    207    0    1    57    593    691    695    703    704    
192    0.0001049999999999999908    8.3999999999999995352e-05    0.00014500000000000000085    6    0    157    165    169    175    189    0    1    58    605    635    651    670    700    
193    7.999999999999999638e-06    8.5999999999999989756e-05    0.00014500000000000000085    6    0    170    173    179    196    196    0    1    59    654    662    683    705    706    
194    1.0999999999999999714e-05    0.00011699999999999999788    0.00014500000000000000085    5    0    173    174    179    199    0    1    60    663    666    684    707    
195    6.3999999999999997104e-05    2.9999999999999997372e-05    0.00014599999999999999805    12    0    156    156    171    176    177    177    181    181    189    191    200    0    1    61    594    595    657    672    677    678    689    690    701    703    708    
196    2.900000000000000017e-05    8.3999999999999995352e-05    0.00014599999999999999805    8    0    0    173    173    178    182    193    193    0    1    62    63    664    665    681    692    705    706    
197    0.00011299999999999999552    0    0.00014699999999999999525    0    0    0    
198    6.000000000000000152e-06    1.399999999999999979e-05    0.00014699999999999999525    7    0    150    163    163    178    200    207    0    1    64    579    624    625    682    709    710    
199    2.0999999999999998838e-05    0.00013999999999999998774    0.00014699999999999999525    2    0    194    0    1    65    707    
200    2.900000000000000017e-05    3.000000000000000076e-06    0.00014799999999999999246    3    0    195    198    0    1    66    708    709    
201    5.19999999999999968e-05    5.3000000000000000778e-05    0.00014799999999999999246    3    0    182    208    0    1    67    693    711    
202    6.20000000000000027e-05    5.800000000000000034e-05    0.00014899999999999998966    2    0    182    0    1    68    694    
203    0.00014599999999999999805    0.00011199999999999999832    0.00014899999999999998966    2    0    184    0    1    69    696    
204    0.00014400000000000000365    0.0001259999999999999998    0.00014899999999999998966    3    0    166    190    0    1    70    644    702    
205    0.00011799999999999999508    0    0.00014999999999999998686    1    0    0    1    71    
206    0.00014799999999999999246    9.999999999999999124e-06    0.00014999999999999998686    1    0    0    1    72    
207    3.100000000000000135e-05    2.1999999999999999428e-05    0.00014999999999999998686    3    0    191    198    0    1    73    704    710    
208    5.0999999999999999598e-05    4.1999999999999997676e-05    0.00014999999999999998686    2    0    201    0    1    74    711    
