474    0.00019999999999999998248    0.00019999999999999998248    0.00019999999999999998248
1    5.19999999999999968e-05    4.1000000000000000474e-05    0    0    0    0    
2    0.00013599999999999999893    4.3999999999999998856e-05    0    0    0    0    
3    6.8999999999999996666e-05    0.0001029999999999999964    0    0    0    0    
4    8.3999999999999995352e-05    0.00011899999999999999229    0    0    0    0    
5    2.900000000000000017e-05    9.9999999999999995475e-07    9.9999999999999995475e-07    0    0    0    
6    0.00017099999999999998231    9.9999999999999995475e-07    9.9999999999999995475e-07    1    42    0    0    173    
7    3.9999999999999996496e-05    0.00014599999999999999805    1.9999999999999999095e-06    1    36    0    0    174    
8    3.4999999999999996934e-05    0.00017499999999999999822    1.9999999999999999095e-06    1    20    0    0    175    
9    9.3999999999999994476e-05    0.00010699999999999999876    3.000000000000000076e-06    3    32    49    75    0    0    176    177    178    
10    5.399999999999999798e-05    0.00019300000000000000207    3.000000000000000076e-06    3    24    34    64    0    0    179    180    181    
11    3.1999999999999998552e-05    1.6999999999999999866e-05    3.999999999999999819e-06    2    29    68    0    0    182    183    
12    3.999999999999999819e-06    0.00014699999999999999525    3.999999999999999819e-06    4    -1    20    36    96    1    0    1    184    185    186    
13    0.0001029999999999999964    0.00016999999999999998511    3.999999999999999819e-06    5    17    17    30    31    37    0    0    187    188    189    190    191    
14    0.00014799999999999999246    0.00019099999999999998056    3.999999999999999819e-06    4    31    39    39    39    0    0    192    193    194    195    
15    1.8999999999999997658e-05    8.0999999999999990194e-05    4.999999999999999562e-06    5    25    25    36    36    78    0    0    196    197    198    199    200    
16    0.00018400000000000000014    0.00014599999999999999805    4.999999999999999562e-06    3    18    45    72    0    0    201    202    203    
17    0.00011799999999999999508    0.00016099999999999998319    4.999999999999999562e-06    7    13    13    31    37    49    62    84    0    0    187    188    204    205    206    207    208    
18    0.00018300000000000000294    0.00016199999999999998039    4.999999999999999562e-06    3    16    19    23    0    0    201    209    210    
19    0.00019599999999999999367    0.0001640000000000000019    4.999999999999999562e-06    4    0    18    45    91    0    1    78    209    211    212    
20    4.999999999999999562e-06    0.0001649999999999999991    4.999999999999999562e-06    3    -1    8    12    1    0    2    175    184    
21    0.00011399999999999999272    4.4999999999999996058e-05    6.000000000000000152e-06    4    35    35    43    46    0    0    213    214    215    216    
22    6.0999999999999998722e-05    0.0001649999999999999991    6.000000000000000152e-06    6    30    30    30    33    36    79    0    0    217    218    219    220    221    222    
23    0.00017400000000000000102    0.00017699999999999999263    6.000000000000000152e-06    3    0    18    39    0    1    79    210    223    
24    4.6000000000000000036e-05    0.00018400000000000000014    6.000000000000000152e-06    2    10    33    0    0    179    224    
25    4.999999999999999562e-06    3.4999999999999996934e-05    6.999999999999999895e-06    5    -1    15    15    29    68    1    0    3    196    197    225    226    
26    0.00018899999999999998615    3.4999999999999996934e-05    6.999999999999999895e-06    14    0    0    0    0    0    0    35    42    53    71    77    82    92    102    0    1    80    81    82    83    84    85    227    228    229    230    231    232    233    234    
27    0.0001029999999999999964    3.000000000000000076e-06    7.999999999999999638e-06    2    28    65    0    0    235    236    
28    7.9999999999999992992e-05    6.999999999999999895e-06    7.999999999999999638e-06    5    27    46    51    63    68    0    0    235    237    238    239    240    
29    2.1999999999999999428e-05    3.6000000000000000912e-05    7.999999999999999638e-06    6    11    25    68    78    99    105    0    0    182    225    241    242    243    244    
30    8.0999999999999990194e-05    0.00017999999999999998423    7.999999999999999638e-06    7    13    22    22    22    34    67    79    0    0    189    217    218    219    245    246    247    
31    0.00011199999999999999832    0.00019300000000000000207    7.999999999999999638e-06    4    13    14    17    132    0    0    190    192    204    248    
32    0.00011100000000000000112    8.7999999999999997712e-05    1.0999999999999999714e-05    7    9    43    47    54    71    74    88    0    0    176    249    250    251    252    253    254    
33    5.8999999999999997542e-05    0.00017999999999999998423    1.0999999999999999714e-05    3    22    24    50    0    0    220    224    255    
34    8.299999999999999815e-05    0.00019499999999999999647    1.0999999999999999714e-05    3    10    30    50    0    0    180    245    256    
35    0.00013899999999999999053    2.799999999999999958e-05    1.2000000000000000304e-05    14    21    21    26    46    46    65    65    66    66    93    93    102    102    102    0    0    213    214    227    257    258    259    260    261    262    263    264    265    266    267    
36    2.499999999999999781e-05    0.00013300000000000000732    1.2000000000000000304e-05    19    -1    -1    7    12    15    15    22    37    48    48    48    56    79    79    79    79    90    96    96    1    0    4    5    174    185    198    199    221    268    269    270    271    272    273    274    275    276    277    278    279    
37    9.999999999999999124e-05    0.00014300000000000000645    1.2000000000000000304e-05    5    13    17    36    49    79    0    0    191    205    268    280    281    
38    7.2000000000000001824e-05    5.599999999999999916e-05    1.29999999999999992e-05    7    46    47    51    58    59    63    78    0    0    282    283    284    285    286    287    288    
39    0.0001659999999999999963    0.00017799999999999998983    1.29999999999999992e-05    8    14    14    14    23    55    72    84    101    0    0    193    194    195    223    289    290    291    292    
40    0.00015899999999999998878    4.6999999999999997238e-05    1.399999999999999979e-05    0    0    0    
41    9.999999999999999124e-06    3.999999999999999819e-06    1.4999999999999998686e-05    4    -1    68    68    87    1    0    6    293    294    295    
42    0.00016899999999999998791    4.999999999999999562e-06    1.4999999999999998686e-05    7    6    26    66    66    77    92    98    0    0    173    228    296    297    298    299    300    
43    0.00010999999999999999036    5.4999999999999995182e-05    1.4999999999999998686e-05    7    21    32    46    59    71    73    89    0    0    215    249    301    302    303    304    305    
44    0.00019300000000000000207    0.0001250000000000000026    1.4999999999999998686e-05    5    0    45    60    72    72    0    1    86    306    307    308    309    
45    0.00019399999999999999927    0.00014099999999999998494    1.4999999999999998686e-05    8    0    16    19    44    72    84    97    100    0    1    87    202    211    306    310    311    312    313    
46    0.00010100000000000000199    2.499999999999999781e-05    1.5999999999999999276e-05    9    21    28    35    35    38    43    59    63    65    0    0    216    237    257    258    282    301    314    315    316    
47    7.7000000000000001386e-05    8.0999999999999990194e-05    1.5999999999999999276e-05    5    32    38    54    74    78    0    0    250    283    317    318    319    
48    2.900000000000000017e-05    0.00010799999999999999596    1.5999999999999999276e-05    6    36    36    36    54    78    90    0    0    269    270    271    320    321    322    
49    0.00011899999999999999229    0.00013699999999999999613    1.5999999999999999276e-05    9    9    17    37    61    75    79    83    84    154    0    0    177    206    280    323    324    325    326    327    328    
50    6.9999999999999993868e-05    0.00019300000000000000207    1.5999999999999999276e-05    5    33    34    76    76    86    0    0    255    256    329    330    331    
51    5.800000000000000034e-05    1.8999999999999997658e-05    1.6999999999999999866e-05    5    28    38    63    68    105    0    0    238    284    332    333    334    
52    9.9999999999999995475e-07    7.899999999999999579e-05    1.6999999999999999866e-05    1    -1    1    0    7    
53    0.00017699999999999999263    5.9999999999999994744e-05    1.8999999999999997658e-05    4    26    60    82    102    0    0    229    335    336    337    
54    7.499999999999999343e-05    0.0001039999999999999936    1.8999999999999997658e-05    14    32    47    48    74    74    75    78    78    79    79    90    95    115    178    0    0    251    317    320    338    339    340    341    342    343    344    345    346    347    348    
55    0.00017300000000000000382    0.00018799999999999998895    1.8999999999999997658e-05    2    39    84    0    0    289    349    
56    3.6999999999999998114e-05    0.00015400000000000000277    1.9999999999999998248e-05    6    36    76    79    79    96    129    0    0    272    350    351    352    353    354    
57    9.9999999999999995475e-07    3.8999999999999999294e-05    2.0999999999999998838e-05    1    -1    1    0    8    
58    6.0999999999999998722e-05    5.399999999999999798e-05    2.0999999999999998838e-05    3    38    78    94    0    0    285    355    356    
59    9.2999999999999997274e-05    5.399999999999999798e-05    2.0999999999999998838e-05    4    38    43    46    73    0    0    286    302    314    357    
60    0.00019099999999999998056    9.6999999999999999634e-05    2.0999999999999998838e-05    8    0    44    53    72    72    72    82    111    0    1    88    307    335    358    359    360    361    362    
61    9.6000000000000002432e-05    0.00012699999999999999701    2.0999999999999998838e-05    2    49    75    0    0    323    363    
62    0.0001240000000000000054    0.0001649999999999999991    2.0999999999999998838e-05    2    17    69    0    0    207    364    
63    7.099999999999999107e-05    1.8999999999999997658e-05    2.1999999999999999428e-05    7    28    38    46    51    68    70    142    0    0    239    287    315    332    365    366    367    
64    1.2000000000000000304e-05    0.00018999999999999998336    2.1999999999999999428e-05    4    -1    10    76    119    1    0    9    181    368    369    
65    0.00011399999999999999272    2.0999999999999998838e-05    2.3000000000000000018e-05    7    27    35    35    46    66    121    131    0    0    236    259    260    316    370    371    372    
66    0.00013300000000000000732    1.8000000000000000456e-05    2.4000000000000000608e-05    9    35    35    42    42    65    77    77    98    117    0    0    261    262    296    297    370    373    374    375    376    
67    8.7999999999999997712e-05    0.00017199999999999997951    2.4000000000000000608e-05    4    30    79    86    154    0    0    246    377    378    379    
68    1.9999999999999998248e-05    2.0999999999999998838e-05    2.499999999999999781e-05    18    -1    -1    -1    11    25    28    29    41    41    51    63    87    105    141    166    171    171    210    1    0    10    11    12    183    226    240    241    293    294    333    365    380    381    382    383    384    385    386    
69    0.00012899999999999999141    0.00018300000000000000294    2.499999999999999781e-05    5    62    122    122    132    154    0    0    364    387    388    389    390    
70    6.0999999999999998722e-05    3.4999999999999996934e-05    2.59999999999999984e-05    1    63    0    0    366    
71    0.00014199999999999998214    9.2999999999999997274e-05    2.59999999999999984e-05    8    26    32    43    72    72    89    102    112    0    0    230    252    303    391    392    393    394    395    
72    0.00017300000000000000382    0.00011199999999999999832    2.59999999999999984e-05    20    0    16    39    44    44    45    60    60    60    71    71    84    84    84    97    102    108    111    145    149    0    1    89    203    290    308    309    310    358    359    360    391    392    396    397    398    399    400    401    402    403    404    
73    0.0001019999999999999992    6.2999999999999999902e-05    2.699999999999999899e-05    4    43    59    88    113    0    0    304    357    405    406    
74    8.299999999999999815e-05    8.7999999999999997712e-05    2.699999999999999899e-05    6    32    47    54    54    88    113    0    0    253    318    338    339    407    408    
75    0.00010899999999999999316    0.00011399999999999999272    2.699999999999999899e-05    7    9    49    54    61    79    89    103    0    0    178    324    340    363    409    410    411    
76    3.9999999999999996496e-05    0.00018499999999999999735    2.699999999999999899e-05    8    50    50    56    64    79    86    104    139    0    0    329    330    350    368    412    413    414    415    
77    0.00017400000000000000102    1.9999999999999998248e-05    2.799999999999999958e-05    10    0    26    42    66    66    80    82    106    106    180    0    1    90    231    298    373    374    416    417    418    419    420    
78    4.999999999999999562e-05    7.3999999999999996228e-05    2.799999999999999958e-05    18    15    29    38    47    48    54    54    58    81    90    94    99    113    113    124    156    171    178    0    0    200    242    288    319    321    341    342    355    421    422    423    424    425    426    427    428    429    430    
79    7.2000000000000001824e-05    0.00015300000000000000557    2.799999999999999958e-05    35    22    30    36    36    36    36    37    49    54    54    56    56    67    75    76    83    86    95    96    96    103    108    129    139    153    154    154    154    157    157    157    172    172    172    212    0    0    222    247    273    274    275    276    281    325    343    344    351    352    377    409    412    431    432    433    434    435    436    437    438    439    440    441    442    443    444    445    446    447    448    449    450    
80    0.00019799999999999998808    1.6999999999999999866e-05    2.900000000000000017e-05    3    0    77    92    0    1    91    416    451    
81    1.4999999999999998686e-05    6.20000000000000027e-05    2.900000000000000017e-05    3    -1    78    99    1    0    13    421    452    
82    0.00019300000000000000207    4.4999999999999996058e-05    2.9999999999999997372e-05    8    0    26    53    60    77    102    106    107    0    1    92    232    336    361    417    453    454    455    
83    0.0001240000000000000054    0.00014400000000000000365    2.9999999999999997372e-05    4    49    79    84    108    0    0    326    431    456    457    
84    0.00015199999999999998126    0.00015300000000000000557    2.9999999999999997372e-05    15    17    39    45    49    55    72    72    72    83    101    108    118    118    149    154    0    0    208    291    311    327    349    396    397    398    456    458    459    460    461    462    463    
85    9.9999999999999995475e-07    0.00017099999999999998231    2.9999999999999997372e-05    1    -1    1    0    14    
86    6.3999999999999997104e-05    0.00018599999999999999455    3.100000000000000135e-05    5    50    67    76    79    139    0    0    331    378    413    432    464    
87    9.9999999999999995475e-07    9.9999999999999995475e-07    3.1999999999999998552e-05    3    -1    41    68    1    0    15    295    380    
88    0.0001029999999999999964    7.499999999999999343e-05    3.1999999999999998552e-05    7    32    73    74    89    89    113    121    0    0    254    405    407    465    466    467    468    
89    0.00013199999999999998302    7.7000000000000001386e-05    3.1999999999999998552e-05    10    43    71    75    88    88    102    102    110    112    145    0    0    305    393    410    465    466    469    470    471    472    473    
90    9.999999999999999124e-06    9.3999999999999994476e-05    3.1999999999999998552e-05    12    -1    -1    -1    -1    36    48    54    78    96    115    127    147    1    0    16    17    18    19    277    322    345    422    474    475    476    477    
91    0.00018899999999999998615    0.00019699999999999999087    3.1999999999999998552e-05    4    0    0    19    101    0    1    93    94    212    478    
92    0.00018999999999999998336    3.999999999999999819e-06    3.2999999999999995754e-05    5    0    26    42    80    120    0    1    95    233    299    451    479    
93    0.00014799999999999999246    2.9999999999999997372e-05    3.2999999999999995754e-05    3    35    35    102    0    0    263    264    480    
94    5.0999999999999999598e-05    4.2999999999999994878e-05    3.3999999999999999732e-05    2    58    78    0    0    356    423    
95    4.999999999999999562e-05    0.00011899999999999999229    3.4999999999999996934e-05    5    54    79    96    157    157    0    0    346    433    481    482    483    
96    1.29999999999999992e-05    0.00013999999999999998774    3.6000000000000000912e-05    16    -1    -1    -1    12    36    36    56    79    79    90    95    104    115    147    170    193    1    0    20    21    22    186    278    279    353    434    435    474    481    484    485    486    487    488    
97    0.00017899999999999998703    0.00013999999999999998774    3.6000000000000000912e-05    4    45    72    100    136    0    0    312    399    489    490    
98    0.00015999999999999998598    3.999999999999999819e-06    3.6999999999999998114e-05    9    42    66    106    117    123    130    146    146    189    0    0    300    375    491    492    493    494    495    496    497    
99    2.699999999999999899e-05    5.0999999999999999598e-05    3.8999999999999999294e-05    7    29    78    81    105    105    127    171    0    0    243    424    452    498    499    500    501    
100    0.00019599999999999999367    0.00013500000000000000173    3.8999999999999999294e-05    5    0    0    45    97    136    0    1    96    97    313    489    502    
101    0.0001640000000000000019    0.00019200000000000000486    3.9999999999999996496e-05    11    0    39    84    91    108    118    122    138    138    174    177    0    1    98    292    458    478    503    504    505    506    507    508    509    
102    0.00014400000000000000365    5.4999999999999995182e-05    4.1000000000000000474e-05    18    26    35    35    35    53    71    72    82    89    89    93    106    106    121    121    144    151    159    0    0    234    265    266    267    337    394    400    453    469    470    480    510    511    512    513    514    515    516    
103    9.6999999999999999634e-05    0.00012100000000000000024    4.1000000000000000474e-05    7    75    79    108    112    116    148    161    0    0    411    436    517    518    519    520    521    
104    1.4999999999999998686e-05    0.0001649999999999999991    4.1000000000000000474e-05    10    -1    76    96    119    119    129    129    150    150    170    1    0    23    414    484    522    523    524    525    526    527    528    
105    3.3999999999999999732e-05    2.699999999999999899e-05    4.1999999999999997676e-05    7    29    51    68    99    99    142    166    0    0    244    334    381    498    499    529    530    
106    0.00017499999999999999822    3.4999999999999996934e-05    4.2999999999999994878e-05    10    77    77    82    98    102    102    107    123    151    163    0    0    418    419    454    491    510    511    531    532    533    534    
107    0.00019799999999999998808    4.2999999999999994878e-05    4.2999999999999994878e-05    4    0    82    106    135    0    1    99    455    531    535    
108    0.00012999999999999998861    0.00015099999999999998406    4.2999999999999994878e-05    11    72    79    83    84    101    103    112    126    128    154    161    0    0    401    437    457    459    503    517    536    537    538    539    540    
109    9.2999999999999997274e-05    9.999999999999999124e-06    4.4999999999999996058e-05    1    131    0    0    541    
110    0.0001649999999999999991    7.7000000000000001386e-05    4.4999999999999996058e-05    4    89    111    114    144    0    0    471    542    543    544    
111    0.00017999999999999998423    9.2999999999999997274e-05    4.4999999999999996058e-05    13    0    0    60    72    110    114    125    135    135    145    183    213    213    0    1    100    101    362    402    542    545    546    547    548    549    550    551    552    
112    0.00013199999999999998302    0.00011499999999999998993    4.6000000000000000036e-05    8    71    89    103    108    116    145    160    161    0    0    395    472    518    536    553    554    555    556    
113    9.0999999999999989318e-05    6.3999999999999997104e-05    4.6999999999999997238e-05    12    73    74    78    78    88    121    134    134    175    178    178    196    0    0    406    408    425    426    467    557    558    559    560    561    562    563    
114    0.00017599999999999999542    7.099999999999999107e-05    4.8000000000000001216e-05    4    110    111    135    144    0    0    543    545    564    565    
115    3.8999999999999999294e-05    0.0001039999999999999936    4.8000000000000001216e-05    7    54    90    96    157    178    178    179    0    0    347    475    485    566    567    568    569    
116    9.4999999999999991678e-05    0.00011100000000000000112    4.8000000000000001216e-05    5    103    112    148    160    178    0    0    519    553    570    571    572    
117    0.00013899999999999999053    3.000000000000000076e-06    4.8999999999999998418e-05    4    66    98    130    131    0    0    376    492    573    574    
118    0.00017300000000000000382    0.0001649999999999999991    4.8999999999999998418e-05    11    0    84    84    101    138    162    173    177    177    198    198    0    1    102    460    461    504    575    576    577    578    579    580    581    
119    2.499999999999999781e-05    0.00019499999999999999647    4.8999999999999998418e-05    5    64    104    104    140    209    0    0    369    522    523    582    583    
120    0.00019899999999999998528    3.000000000000000076e-06    4.999999999999999562e-05    2    0    92    0    1    103    479    
121    0.00011699999999999999788    4.999999999999999562e-05    5.0999999999999999598e-05    8    65    88    102    102    113    134    159    159    0    0    371    468    512    513    557    584    585    586    
122    0.00015400000000000000277    0.00019200000000000000486    5.0999999999999999598e-05    6    69    69    101    132    177    181    0    0    387    388    505    587    588    589    
123    0.00017999999999999998423    2.1999999999999999428e-05    5.19999999999999968e-05    3    98    106    146    0    0    493    532    590    
124    2.0999999999999998838e-05    8.299999999999999815e-05    5.19999999999999968e-05    6    78    127    147    156    171    197    0    0    427    591    592    593    594    595    
125    0.00019899999999999998528    0.00011999999999999998949    5.19999999999999968e-05    2    0    111    0    1    104    546    
126    0.00014300000000000000645    0.00015699999999999999438    5.19999999999999968e-05    4    108    128    177    188    0    0    537    596    597    598    
127    6.000000000000000152e-06    7.099999999999999107e-05    5.3000000000000000778e-05    7    -1    90    99    124    166    171    194    1    0    24    476    500    591    599    600    601    
128    0.0001250000000000000026    0.00016300000000000000469    5.3000000000000000778e-05    6    108    126    154    161    161    177    0    0    538    596    602    603    604    605    
129    4.6000000000000000036e-05    0.0001640000000000000019    5.3000000000000000778e-05    9    56    79    104    104    140    150    150    153    172    0    0    354    438    524    525    606    607    608    609    610    
130    0.00014899999999999998966    1.0999999999999999714e-05    5.399999999999999798e-05    4    98    117    131    189    0    0    494    573    611    612    
131    0.00012100000000000000024    1.4999999999999998686e-05    5.399999999999999798e-05    13    65    109    117    130    143    143    151    182    185    185    189    217    249    0    0    372    541    574    611    613    614    615    616    617    618    619    620    621    
132    0.00010999999999999999036    0.00018799999999999998895    5.399999999999999798e-05    6    31    69    122    139    154    181    0    0    248    389    587    622    623    624    
133    4.8999999999999998418e-05    3.3999999999999999732e-05    5.4999999999999995182e-05    0    0    0    
134    9.6000000000000002432e-05    4.6000000000000000036e-05    5.4999999999999995182e-05    6    113    113    121    142    143    191    0    0    558    559    584    625    626    627    
135    0.00019200000000000000486    6.2999999999999999902e-05    5.4999999999999995182e-05    7    0    0    107    111    111    114    163    0    1    105    106    535    547    548    564    628    
136    0.00019599999999999999367    0.00014199999999999998214    5.599999999999999916e-05    6    0    97    100    137    152    222    0    1    107    490    502    629    630    631    
137    0.00019499999999999999647    0.00016099999999999998319    5.599999999999999916e-05    7    0    0    0    136    138    173    201    0    1    108    109    110    629    632    633    634    
138    0.00019599999999999999367    0.00017799999999999998983    5.599999999999999916e-05    8    0    0    101    101    118    137    173    174    0    1    111    112    506    507    575    632    635    636    
139    8.4999999999999992554e-05    0.00018799999999999998895    5.599999999999999916e-05    9    76    79    86    132    154    167    202    202    212    0    0    415    439    464    622    637    638    639    640    641    
140    4.8000000000000001216e-05    0.00019499999999999999647    5.599999999999999916e-05    4    119    129    167    209    0    0    582    606    642    643    
141    5.399999999999999798e-05    7.999999999999999638e-06    5.6999999999999996362e-05    10    68    142    171    171    191    199    215    215    215    281    0    0    382    644    645    646    647    648    649    650    651    652    
142    6.7999999999999999464e-05    1.8999999999999997658e-05    5.6999999999999996362e-05    5    63    105    134    141    191    0    0    367    529    625    644    653    
143    9.999999999999999124e-05    2.9999999999999997372e-05    5.6999999999999996362e-05    4    131    131    134    217    0    0    613    614    626    654    
144    0.00015999999999999998598    7.9999999999999992992e-05    5.6999999999999996362e-05    8    102    110    114    145    151    159    205    213    0    0    514    544    565    655    656    657    658    659    
145    0.00015599999999999999718    9.999999999999999124e-05    5.800000000000000034e-05    5    72    89    111    112    144    0    0    403    473    549    554    655    
146    0.00017899999999999998703    6.999999999999999895e-06    5.8999999999999997542e-05    6    98    98    123    180    189    203    0    0    495    496    590    660    661    662    
147    1.0999999999999999714e-05    0.00010699999999999999876    6.0999999999999998722e-05    8    -1    90    96    124    179    193    197    197    1    0    25    477    486    592    663    664    665    666    
148    9.4999999999999991678e-05    0.00011199999999999999832    6.0999999999999998722e-05    7    103    116    157    158    161    178    200    0    0    520    570    667    668    669    670    671    
149    0.00016099999999999998319    0.00013300000000000000732    6.0999999999999998722e-05    4    72    84    183    188    0    0    404    462    672    673    
150    1.8000000000000000456e-05    0.00016899999999999998791    6.0999999999999998722e-05    7    104    104    129    129    170    176    209    0    0    526    527    607    608    674    675    676    
151    0.0001640000000000000019    5.0999999999999999598e-05    6.20000000000000027e-05    7    102    106    131    144    163    189    257    0    0    515    533    615    656    677    678    679    
152    0.00018300000000000000294    0.00013999999999999998774    6.20000000000000027e-05    3    136    162    222    0    0    630    680    681    
153    4.4999999999999996058e-05    0.00014599999999999999805    6.20000000000000027e-05    5    79    129    157    169    214    0    0    440    609    682    683    684    
154    0.00010600000000000000156    0.00017199999999999997951    6.2999999999999999902e-05    18    49    67    69    79    79    79    84    108    128    132    139    161    172    177    202    231    231    235    0    0    328    379    390    441    442    443    463    539    602    623    637    685    686    687    688    689    690    691    
155    5.9999999999999994744e-05    0.00017699999999999999263    6.2999999999999999902e-05    0    0    0    
156    3.8999999999999999294e-05    7.9999999999999992992e-05    6.3999999999999997104e-05    4    78    124    178    192    0    0    428    593    692    693    
157    5.8999999999999997542e-05    0.00012100000000000000024    6.3999999999999997104e-05    16    79    79    79    95    95    115    148    153    158    158    169    172    172    178    179    200    0    0    444    445    446    482    483    566    667    682    694    695    696    697    698    699    700    701    
158    7.7999999999999998588e-05    0.0001250000000000000026    6.3999999999999997104e-05    5    148    157    157    172    200    0    0    668    694    695    702    703    
159    0.00013699999999999999613    7.099999999999999107e-05    6.4999999999999994306e-05    8    102    121    121    144    160    175    186    205    0    0    516    585    586    657    704    705    706    707    
160    0.00010899999999999999316    8.9999999999999992116e-05    6.4999999999999994306e-05    11    112    116    159    175    175    178    186    205    205    216    216    0    0    555    571    704    708    709    710    711    712    713    714    715    
161    0.00012100000000000000024    0.00013199999999999998302    6.4999999999999994306e-05    12    103    108    112    128    128    148    154    188    188    200    231    231    0    0    521    540    556    603    604    669    685    716    717    718    719    720    
162    0.00017999999999999998423    0.00015099999999999998406    6.4999999999999994306e-05    3    118    152    173    0    0    576    680    721    
163    0.00018300000000000000294    4.1999999999999997676e-05    6.5999999999999991508e-05    9    0    106    135    151    180    189    213    229    257    0    1    113    534    628    677    722    723    724    725    726    
164    8.2000000000000000948e-05    9.999999999999999124e-05    6.5999999999999991508e-05    0    0    0    
165    4.4999999999999996058e-05    0.00016999999999999998511    6.5999999999999991508e-05    0    0    0    
166    6.000000000000000152e-06    4.1000000000000000474e-05    6.7000000000000002262e-05    9    -1    -1    68    105    127    171    171    238    250    1    0    26    27    383    530    599    727    728    729    730    
167    5.800000000000000034e-05    0.00019499999999999999647    6.7000000000000002262e-05    3    139    140    223    0    0    638    642    731    
168    0.00017599999999999999542    2.900000000000000017e-05    6.7999999999999999464e-05    0    0    0    
169    4.2999999999999994878e-05    0.00013500000000000000173    6.7999999999999999464e-05    6    153    157    208    214    214    234    0    0    683    696    732    733    734    735    
170    1.6999999999999999866e-05    0.00014999999999999998686    6.7999999999999999464e-05    10    -1    96    104    150    176    187    193    214    214    232    1    0    28    487    528    674    736    737    738    739    740    741    
171    3.6999999999999998114e-05    5.399999999999999798e-05    6.8999999999999996666e-05    21    68    68    78    99    124    127    141    141    166    166    191    191    191    191    204    210    238    247    250    256    256    0    0    384    385    429    501    594    600    645    646    727    728    742    743    744    745    746    747    748    749    750    751    752    
172    6.7000000000000002262e-05    0.00014799999999999999246    6.8999999999999996666e-05    11    79    79    79    129    154    157    157    158    208    212    235    0    0    447    448    449    610    686    697    698    702    753    754    755    
173    0.00018499999999999999735    0.0001649999999999999991    6.8999999999999996666e-05    7    118    137    138    162    201    222    222    0    0    577    633    635    721    756    757    758    
174    0.00018400000000000000014    0.00018699999999999999175    6.8999999999999996666e-05    5    101    138    206    236    241    0    0    508    636    759    760    761    
175    9.2999999999999997274e-05    7.3999999999999996228e-05    6.9999999999999993868e-05    9    113    159    160    160    186    186    186    196    216    0    0    560    705    708    709    762    763    764    765    766    
176    6.999999999999999895e-06    0.00017199999999999997951    6.9999999999999993868e-05    3    150    170    225    0    0    675    736    767    
177    0.00013799999999999999333    0.00017499999999999999822    6.9999999999999993868e-05    12    101    118    118    122    126    128    154    181    195    198    202    231    0    0    509    578    579    588    597    605    687    768    769    770    771    772    
178    5.8999999999999997542e-05    9.2999999999999997274e-05    7.099999999999999107e-05    21    54    78    113    113    115    115    116    148    156    157    160    179    196    200    216    216    244    245    263    263    263    0    0    348    430    561    562    567    568    572    670    692    699    710    773    774    775    776    777    778    779    780    781    782    
179    3.6000000000000000912e-05    0.00010999999999999999036    7.099999999999999107e-05    10    115    147    157    178    187    197    219    230    245    261    0    0    569    663    700    773    783    784    785    786    787    788    
180    0.00019300000000000000207    3.100000000000000135e-05    7.2000000000000001824e-05    8    0    0    77    146    163    190    257    329    0    1    114    115    420    660    722    789    790    791    
181    0.00013300000000000000732    0.00019200000000000000486    7.2000000000000001824e-05    5    122    132    177    195    202    0    0    589    624    768    792    793    
182    0.00014999999999999998686    3.1999999999999998552e-05    7.2999999999999999026e-05    2    131    257    0    0    616    794    
183    0.00017400000000000000102    0.00012199999999999999744    7.2999999999999999026e-05    9    111    149    188    220    224    224    240    266    276    0    0    550    672    795    796    797    798    799    800    801    
184    9.000000000000000228e-06    0    7.3999999999999996228e-05    0    0    0    
185    0.00013199999999999998302    4.999999999999999562e-06    7.499999999999999343e-05    6    131    131    189    189    249    274    0    0    617    618    802    803    804    805    
186    0.0001250000000000000026    6.7000000000000002262e-05    7.499999999999999343e-05    9    159    160    175    175    175    196    205    207    217    0    0    706    711    762    763    764    806    807    808    809    
187    1.8000000000000000456e-05    0.00013099999999999998581    7.499999999999999343e-05    7    170    179    193    197    214    218    227    0    0    737    783    810    811    812    813    814    
188    0.00014899999999999998966    0.00013599999999999999893    7.499999999999999343e-05    10    126    149    161    161    183    220    231    237    237    276    0    0    598    673    716    717    795    815    816    817    818    819    
189    0.00015899999999999998878    1.0999999999999999714e-05    7.7000000000000001386e-05    10    98    130    131    146    151    163    185    185    257    274    0    0    497    612    619    661    678    723    802    803    820    821    
190    0.00019599999999999999367    2.3000000000000000018e-05    7.7000000000000001386e-05    3    0    180    203    0    1    116    789    822    
191    6.7000000000000002262e-05    3.2999999999999995754e-05    7.7999999999999998588e-05    17    134    141    142    171    171    171    171    196    199    204    246    246    256    262    264    264    314    0    0    627    647    653    742    743    744    745    823    824    825    826    827    828    829    830    831    832    
192    3.100000000000000135e-05    7.3999999999999996228e-05    7.7999999999999998588e-05    3    156    197    204    0    0    693    833    834    
193    9.000000000000000228e-06    0.00013699999999999999613    7.7999999999999998588e-05    10    -1    -1    -1    -1    96    147    170    187    227    290    1    0    29    30    31    32    488    664    738    810    835    836    
194    1.9999999999999999095e-06    6.7999999999999999464e-05    7.899999999999999579e-05    2    -1    127    1    0    33    601    
195    0.00014599999999999999805    0.00019300000000000000207    7.899999999999999579e-05    5    177    181    241    268    268    0    0    769    792    837    838    839    
196    8.0999999999999990194e-05    6.5999999999999991508e-05    7.9999999999999992992e-05    9    113    175    178    186    191    216    217    246    263    0    0    563    765    774    806    823    840    841    842    843    
197    6.999999999999999895e-06    9.2999999999999997274e-05    7.9999999999999992992e-05    10    -1    124    147    147    179    187    192    218    230    261    1    0    34    595    665    666    784    811    833    844    845    846    
198    0.00015699999999999999438    0.0001679999999999999907    7.9999999999999992992e-05    6    118    118    177    231    241    276    0    0    580    581    770    847    848    849    
199    6.8999999999999996666e-05    1.8000000000000000456e-05    8.0999999999999990194e-05    5    141    191    215    262    281    0    0    648    824    850    851    852    
200    9.7999999999999996836e-05    0.00013199999999999998302    8.0999999999999990194e-05    10    148    157    158    161    178    216    216    231    235    245    0    0    671    701    703    718    775    853    854    855    856    857    
201    0.00019599999999999999367    0.00017099999999999998231    8.0999999999999990194e-05    5    0    137    173    222    241    0    1    117    634    756    858    859    
202    0.00010899999999999999316    0.00017999999999999998423    8.0999999999999990194e-05    7    139    139    154    177    181    231    267    0    0    639    640    688    771    793    860    861    
203    0.00019200000000000000486    6.999999999999999895e-06    8.2000000000000000948e-05    4    0    146    190    259    0    1    118    662    822    862    
204    3.9999999999999996496e-05    6.8999999999999996666e-05    8.299999999999999815e-05    8    171    191    192    238    244    247    263    269    0    0    746    825    834    863    864    865    866    867    
205    0.00014199999999999998214    9.2999999999999997274e-05    8.299999999999999815e-05    13    144    159    160    160    186    207    211    237    237    239    248    252    283    0    0    658    707    712    713    807    868    869    870    871    872    873    874    875    
206    0.00017300000000000000382    0.00019699999999999999087    8.299999999999999815e-05    1    174    0    0    759    
207    0.00014599999999999999805    5.6999999999999996362e-05    8.3999999999999995352e-05    6    186    205    217    257    260    283    0    0    808    868    876    877    878    879    
208    5.0999999999999999598e-05    0.00015899999999999998878    8.4999999999999992554e-05    5    169    172    209    214    253    0    0    732    753    880    881    882    
209    5.19999999999999968e-05    0.00016999999999999998511    8.4999999999999992554e-05    6    119    140    150    208    223    232    0    0    583    643    676    880    883    884    
210    6.999999999999999895e-06    6.999999999999999895e-06    8.5999999999999989756e-05    6    -1    68    171    250    256    282    1    0    35    386    747    885    886    887    
211    0.0001659999999999999963    9.6999999999999999634e-05    8.5999999999999989756e-05    5    205    213    224    239    240    0    0    869    888    889    890    891    
212    7.3999999999999996228e-05    0.00017199999999999997951    8.5999999999999989756e-05    6    79    139    172    223    231    235    0    0    450    641    754    892    893    894    
213    0.00018599999999999999455    7.899999999999999579e-05    8.700000000000000051e-05    12    0    111    111    144    163    211    224    224    229    239    243    257    0    1    119    551    552    659    724    888    895    896    897    898    899    900    
214    3.6000000000000000912e-05    0.00015099999999999998406    8.700000000000000051e-05    10    153    169    169    170    170    187    208    232    234    258    0    0    684    733    734    739    740    812    881    901    902    903    
215    7.899999999999999579e-05    6.000000000000000152e-06    8.7999999999999997712e-05    6    141    141    141    199    249    281    0    0    649    650    651    850    904    905    
216    8.8999999999999994914e-05    8.3999999999999995352e-05    8.7999999999999997712e-05    13    160    160    175    178    178    196    200    200    245    251    263    263    283    0    0    714    715    766    776    777    840    853    854    906    907    908    909    910    
217    0.00010799999999999999596    4.999999999999999562e-05    8.8999999999999994914e-05    9    131    143    186    196    207    246    249    260    283    0    0    620    654    809    841    876    911    912    913    914    
218    1.0999999999999999714e-05    0.00010100000000000000199    8.8999999999999994914e-05    8    -1    -1    187    197    227    230    261    290    1    0    36    37    813    844    915    916    917    918    
219    4.8999999999999998418e-05    0.00012100000000000000024    8.8999999999999994914e-05    5    179    230    234    253    270    0    0    785    919    920    921    922    
220    0.00016300000000000000469    0.00013999999999999998774    8.8999999999999994914e-05    4    183    188    276    284    0    0    796    815    923    924    
221    1.9999999999999999095e-06    0.00015300000000000000557    8.8999999999999994914e-05    1    -1    1    0    38    
222    0.00019499999999999999647    0.00015400000000000000277    8.8999999999999994914e-05    10    0    0    0    136    152    173    173    201    241    284    0    1    120    121    122    631    681    757    758    858    925    926    
223    6.2999999999999999902e-05    0.00018300000000000000294    8.8999999999999994914e-05    6    167    209    212    277    286    286    0    0    731    883    892    927    928    929    
224    0.00019300000000000000207    0.00011100000000000000112    8.9999999999999992116e-05    12    0    183    183    211    213    213    239    240    240    284    289    308    0    1    123    797    798    889    895    896    930    931    932    933    934    935    
225    3.999999999999999819e-06    0.00019300000000000000207    8.9999999999999992116e-05    6    -1    176    232    232    255    306    1    0    39    767    936    937    938    939    
226    6.9999999999999993868e-05    4.999999999999999562e-05    9.0999999999999989318e-05    0    0    0    
227    7.999999999999999638e-06    0.00011799999999999999508    9.0999999999999989318e-05    8    -1    187    193    218    230    230    290    290    1    0    40    814    835    915    940    941    942    943    
228    7.2000000000000001824e-05    4.8000000000000001216e-05    9.2000000000000000072e-05    0    0    0    
229    0.00019399999999999999927    5.599999999999999916e-05    9.2000000000000000072e-05    6    0    163    213    243    257    257    0    1    124    725    897    944    945    946    
230    3.7999999999999995316e-05    0.00010999999999999999036    9.2000000000000000072e-05    11    179    197    218    219    227    227    261    270    270    290    290    0    0    786    845    916    919    940    941    947    948    949    950    951    
231    0.00010999999999999999036    0.00016300000000000000469    9.2000000000000000072e-05    15    154    154    161    161    177    188    198    200    202    212    235    267    271    276    292    0    0    689    690    719    720    772    816    847    855    860    893    952    953    954    955    956    
232    1.4999999999999998686e-05    0.00016899999999999998791    9.2000000000000000072e-05    11    -1    -1    -1    -1    170    209    214    225    225    255    258    1    0    41    42    43    44    741    884    901    936    937    957    958    
233    9.2000000000000000072e-05    2.699999999999999899e-05    9.2999999999999997274e-05    0    0    0    
234    3.100000000000000135e-05    0.00014099999999999998494    9.2999999999999997274e-05    5    169    214    219    258    290    0    0    735    902    920    959    960    
235    8.3999999999999995352e-05    0.00015599999999999999718    9.2999999999999997274e-05    15    154    172    200    212    231    253    253    267    275    275    287    322    361    361    365    0    0    691    755    856    894    952    961    962    963    964    965    966    967    968    969    970    
236    0.00019699999999999999087    0.00019499999999999999647    9.2999999999999997274e-05    3    0    174    241    0    1    125    760    971    
237    0.00013099999999999998581    0.0001240000000000000054    9.3999999999999994476e-05    10    188    188    205    205    251    252    271    276    276    280    0    0    817    818    870    871    972    973    974    975    976    977    
238    1.399999999999999979e-05    5.0999999999999999598e-05    9.4999999999999991678e-05    8    -1    166    171    204    247    247    250    250    1    0    45    729    748    863    978    979    980    981    
239    0.00017199999999999997951    8.3999999999999995352e-05    9.4999999999999991678e-05    10    0    205    211    213    224    240    248    272    297    297    0    1    126    872    890    898    930    982    983    984    985    986    
240    0.00015899999999999998878    0.00010999999999999999036    9.4999999999999991678e-05    9    183    211    224    224    239    266    289    289    300    0    0    799    891    931    932    982    987    988    989    990    
241    0.0001679999999999999907    0.00017499999999999999822    9.4999999999999991678e-05    13    174    195    198    201    222    236    273    276    284    293    294    304    345    0    0    761    837    848    859    925    971    991    992    993    994    995    996    997    
242    4.8000000000000001216e-05    0    9.6000000000000002432e-05    0    0    0    
243    0.00019699999999999999087    6.0999999999999998722e-05    9.6999999999999999634e-05    3    0    213    229    0    1    127    899    944    
244    4.6000000000000000036e-05    8.700000000000000051e-05    9.6999999999999999634e-05    4    178    204    261    263    0    0    778    864    998    999    
245    7.899999999999999579e-05    9.4999999999999991678e-05    9.6999999999999999634e-05    7    178    179    200    216    253    263    270    0    0    779    787    857    906    1000    1001    1002    
246    9.2999999999999997274e-05    5.19999999999999968e-05    9.7999999999999996836e-05    6    191    191    196    217    262    263    0    0    826    827    842    911    1003    1004    
247    2.499999999999999781e-05    3.4999999999999996934e-05    9.8999999999999994038e-05    8    171    204    238    238    250    256    282    314    0    0    749    865    978    979    1005    1006    1007    1008    
248    0.00014799999999999999246    7.3999999999999996228e-05    9.8999999999999994038e-05    6    205    239    252    257    272    283    0    0    873    983    1009    1010    1011    1012    
249    0.00012100000000000000024    9.999999999999999124e-06    9.999999999999999124e-05    6    131    185    215    217    274    281    0    0    621    804    904    912    1013    1014    
250    1.4999999999999998686e-05    4.1000000000000000474e-05    9.999999999999999124e-05    8    -1    166    171    210    238    238    247    282    1    0    46    730    750    885    980    981    1005    1015    
251    0.00011299999999999999552    0.00010899999999999999316    9.999999999999999124e-05    5    216    237    280    283    305    0    0    907    972    1016    1017    1018    
252    0.00014099999999999998494    9.0999999999999989318e-05    0.00010100000000000000199    7    205    237    248    280    283    300    311    0    0    874    973    1009    1019    1020    1021    1022    
253    7.2999999999999999026e-05    0.00013699999999999999613    0.00010100000000000000199    9    208    219    235    235    245    270    270    316    361    0    0    882    921    961    962    1000    1023    1024    1025    1026    
254    9.9999999999999995475e-07    0.00015300000000000000557    0.00010100000000000000199    1    -1    1    0    47    
255    1.5999999999999999276e-05    0.00019099999999999998056    0.00010100000000000000199    3    225    232    258    0    0    938    957    1027    
256    2.900000000000000017e-05    1.6999999999999999866e-05    0.0001019999999999999992    8    171    171    191    210    247    264    282    282    0    0    751    752    828    886    1006    1028    1029    1030    
257    0.0001640000000000000019    3.6999999999999998114e-05    0.0001019999999999999992    17    151    163    180    182    189    207    213    229    229    248    259    259    260    272    310    329    329    0    0    679    726    790    794    820    877    900    945    946    1010    1031    1032    1033    1034    1035    1036    1037    
258    2.1999999999999999428e-05    0.0001659999999999999963    0.0001019999999999999992    13    -1    214    232    234    255    286    286    290    290    334    335    335    335    1    0    48    903    958    959    1027    1038    1039    1040    1041    1042    1043    1044    1045    
259    0.00017799999999999998983    6.999999999999999895e-06    0.0001029999999999999964    7    0    203    257    257    274    329    329    0    1    128    862    1031    1032    1046    1047    1048    
260    0.00014699999999999999525    3.9999999999999996496e-05    0.0001039999999999999936    10    207    217    257    274    283    299    299    299    310    326    0    0    878    913    1033    1049    1050    1051    1052    1053    1054    1055    
261    1.9999999999999998248e-05    9.8999999999999994038e-05    0.0001039999999999999936    12    179    197    218    230    244    269    270    288    290    332    353    353    0    0    788    846    917    947    998    1056    1057    1058    1059    1060    1061    1062    
262    7.2000000000000001824e-05    2.900000000000000017e-05    0.0001049999999999999908    12    191    199    246    263    281    281    298    301    307    320    320    325    0    0    829    851    1003    1063    1064    1065    1066    1067    1068    1069    1070    1071    
263    7.099999999999999107e-05    6.7999999999999999464e-05    0.0001049999999999999908    19    178    178    178    196    204    216    216    244    245    246    262    269    288    291    298    307    307    332    362    0    0    780    781    782    843    866    908    909    999    1001    1004    1063    1072    1073    1074    1075    1076    1077    1078    1079    
264    4.1000000000000000474e-05    4.999999999999999562e-06    0.00010699999999999999876    6    191    191    256    278    313    342    0    0    830    831    1028    1080    1081    1082    
265    0.00019300000000000000207    6.7999999999999999464e-05    0.00010699999999999999876    1    297    0    0    1083    
266    0.00015099999999999998406    0.0001259999999999999998    0.00010699999999999999876    3    183    240    271    0    0    800    987    1084    
267    9.2999999999999997274e-05    0.00017400000000000000102    0.00010699999999999999876    6    202    231    235    268    277    322    0    0    861    953    963    1085    1086    1087    
268    0.0001240000000000000054    0.00018599999999999999455    0.00010699999999999999876    7    195    195    267    276    292    304    322    0    0    838    839    1085    1088    1089    1090    1091    
269    3.100000000000000135e-05    7.099999999999999107e-05    0.00010799999999999999596    5    204    261    263    288    367    0    0    867    1056    1072    1092    1093    
270    6.7999999999999999464e-05    0.00010799999999999999596    0.00010799999999999999596    13    219    230    230    245    253    253    261    280    305    331    332    332    375    0    0    922    948    949    1002    1023    1024    1057    1094    1095    1096    1097    1098    1099    
271    0.00013599999999999999893    0.00013599999999999999893    0.00010799999999999999596    12    231    237    266    276    276    276    315    315    321    323    333    372    0    0    954    974    1084    1100    1101    1102    1103    1104    1105    1106    1107    1108    
272    0.0001669999999999999935    7.499999999999999343e-05    0.00010899999999999999316    8    239    248    257    279    283    297    299    300    0    0    984    1011    1034    1109    1110    1111    1112    1113    
273    0.00018599999999999999455    0.00018199999999999997864    0.00010899999999999999316    3    241    294    345    0    0    991    1114    1115    
274    0.00013799999999999999333    1.2000000000000000304e-05    0.00010999999999999999036    12    185    189    249    259    260    281    309    310    310    348    360    422    0    0    805    821    1013    1046    1049    1116    1117    1118    1119    1120    1121    1122    
275    6.7000000000000002262e-05    0.00015999999999999998598    0.00010999999999999999036    4    235    235    287    302    0    0    964    965    1123    1124    
276    0.00014300000000000000645    0.00016099999999999998319    0.00010999999999999999036    19    183    188    198    220    231    237    237    241    268    271    271    271    284    284    292    304    321    323    344    0    0    801    819    849    923    955    975    976    992    1088    1100    1101    1102    1125    1126    1127    1128    1129    1130    1131    
277    6.9999999999999993868e-05    0.00019499999999999999647    0.00010999999999999999036    5    223    267    286    302    312    0    0    927    1086    1132    1133    1134    
278    4.999999999999999562e-05    1.4999999999999998686e-05    0.00011100000000000000112    1    264    0    0    1080    
279    0.00019300000000000000207    5.4999999999999995182e-05    0.00011100000000000000112    5    0    272    297    329    329    0    1    129    1109    1135    1136    1137    
280    0.00010899999999999999316    0.00011899999999999999229    0.00011100000000000000112    9    237    251    252    270    305    311    315    331    331    0    0    977    1016    1019    1094    1138    1139    1140    1141    1142    
281    9.6000000000000002432e-05    1.5999999999999999276e-05    0.00011199999999999999832    11    141    199    215    249    262    262    274    298    301    309    325    0    0    652    852    905    1014    1064    1065    1116    1143    1144    1145    1146    
282    1.6999999999999999866e-05    3.3999999999999999732e-05    0.00011199999999999999832    9    -1    210    247    250    256    256    313    314    336    1    0    49    887    1007    1015    1029    1030    1147    1148    1149    
283    0.00012699999999999999701    7.9999999999999992992e-05    0.00011199999999999999832    18    205    207    216    217    248    251    252    260    272    285    299    299    300    311    311    330    331    331    0    0    875    879    910    914    1012    1017    1020    1050    1110    1150    1151    1152    1153    1154    1155    1156    1157    1158    
284    0.00018599999999999999455    0.00014500000000000000085    0.00011199999999999999832    11    0    220    222    224    241    276    276    319    319    321    344    0    1    130    924    926    933    993    1125    1126    1159    1160    1161    1162    
285    0.00010699999999999999876    8.0999999999999990194e-05    0.00011299999999999999552    3    283    291    331    0    0    1150    1163    1164    
286    4.8000000000000001216e-05    0.00017699999999999999263    0.00011299999999999999552    7    223    223    258    258    277    302    306    0    0    928    929    1038    1039    1132    1165    1166    
287    6.7000000000000002262e-05    0.00014999999999999998686    0.00011399999999999999272    4    235    275    361    361    0    0    966    1123    1167    1168    
288    3.3999999999999999732e-05    8.4999999999999992554e-05    0.00011499999999999998993    5    261    263    269    332    367    0    0    1058    1073    1092    1169    1170    
289    0.00017599999999999999542    0.00010899999999999999316    0.00011499999999999998993    5    224    240    240    308    321    0    0    934    988    989    1171    1172    
290    1.4999999999999998686e-05    0.00012799999999999999421    0.00011499999999999998993    14    -1    193    218    227    227    230    230    234    258    258    261    332    335    335    1    0    50    836    918    942    943    950    951    960    1040    1041    1059    1173    1174    1175    
291    9.8999999999999994038e-05    6.7999999999999999464e-05    0.00011600000000000000068    4    263    285    331    362    0    0    1074    1163    1176    1177    
292    0.00011699999999999999788    0.00015499999999999999997    0.00011600000000000000068    7    231    268    276    316    322    323    372    0    0    956    1089    1127    1178    1179    1180    1181    
293    0.00019799999999999998808    0.00015999999999999998598    0.00011600000000000000068    2    0    241    0    1    131    994    
294    0.00017400000000000000102    0.00019399999999999999927    0.00011600000000000000068    4    241    273    304    339    0    0    995    1114    1182    1183    
295    0.00019999999999999998248    3.000000000000000076e-06    0.00011699999999999999788    1    0    0    1    132    
296    0.00019899999999999998528    1.29999999999999992e-05    0.00011699999999999999788    1    0    0    1    133    
297    0.00019599999999999999367    8.2000000000000000948e-05    0.00011699999999999999788    9    0    239    239    265    272    279    303    303    340    0    1    134    985    986    1083    1111    1135    1184    1185    1186    
298    9.6999999999999999634e-05    3.1999999999999998552e-05    0.00011799999999999999508    6    262    263    281    309    325    348    0    0    1066    1075    1143    1187    1188    1189    
299    0.00015099999999999998406    6.7000000000000002262e-05    0.00011799999999999999508    8    260    260    260    272    283    283    326    359    0    0    1051    1052    1053    1112    1151    1152    1190    1191    
300    0.00015599999999999999718    9.6000000000000002432e-05    0.00011799999999999999508    5    240    252    272    283    311    0    0    990    1021    1113    1153    1192    
301    7.7000000000000001386e-05    1.0999999999999999714e-05    0.00011999999999999998949    2    262    281    0    0    1067    1144    
302    5.599999999999999916e-05    0.00017199999999999997951    0.00011999999999999998949    6    275    277    286    312    365    365    0    0    1124    1133    1165    1193    1194    1195    
303    0.00017799999999999998983    9.4999999999999991678e-05    0.00012199999999999999744    3    297    297    308    0    0    1184    1185    1196    
304    0.00014099999999999998494    0.00018400000000000000014    0.00012299999999999998109    14    241    268    276    294    323    323    338    339    347    347    350    351    372    383    0    0    996    1090    1128    1182    1197    1198    1199    1200    1201    1202    1203    1204    1205    1206    
305    0.00011399999999999999272    0.00011100000000000000112    0.0001250000000000000026    9    251    270    280    311    311    315    318    330    331    0    0    1018    1095    1138    1207    1208    1209    1210    1211    1212    
306    2.699999999999999899e-05    0.00019099999999999998056    0.0001250000000000000026    6    225    286    328    328    334    346    0    0    939    1166    1213    1214    1215    1216    
307    6.7999999999999999464e-05    5.19999999999999968e-05    0.0001259999999999999998    6    262    263    263    314    320    362    0    0    1068    1076    1077    1217    1218    1219    
308    0.00018799999999999998895    0.00010999999999999999036    0.0001259999999999999998    8    0    224    289    303    319    319    337    337    0    1    135    935    1171    1196    1220    1221    1222    1223    
309    0.00011299999999999999552    2.4000000000000000608e-05    0.00012699999999999999701    5    274    281    298    326    348    0    0    1117    1145    1187    1224    1225    
310    0.00014999999999999998686    2.499999999999999781e-05    0.00012699999999999999701    8    257    260    274    274    326    357    357    422    0    0    1035    1054    1118    1119    1226    1227    1228    1229    
311    0.00014199999999999998214    0.0001039999999999999936    0.00012799999999999999421    9    252    280    283    283    300    305    305    315    330    0    0    1022    1139    1154    1155    1192    1207    1208    1230    1231    
312    7.5999999999999990632e-05    0.00018599999999999999455    0.00012799999999999999421    3    277    302    322    0    0    1134    1193    1232    
313    3.1999999999999998552e-05    3.000000000000000076e-06    0.00012899999999999999141    3    264    282    342    0    0    1081    1147    1233    
314    4.8000000000000001216e-05    3.2999999999999995754e-05    0.00012899999999999999141    5    191    247    282    307    320    0    0    832    1008    1148    1217    1234    
315    0.00014500000000000000085    0.00012100000000000000024    0.00012899999999999999141    9    271    271    280    305    311    321    363    368    368    0    0    1103    1104    1140    1209    1230    1235    1236    1237    1238    
316    9.7999999999999996836e-05    0.00014599999999999999805    0.00012899999999999999141    5    253    292    318    322    361    0    0    1025    1178    1239    1240    1241    
317    8.3999999999999995352e-05    7.899999999999999579e-05    0.00012999999999999998861    3    331    362    362    0    0    1242    1243    1244    
318    0.0001039999999999999936    0.00012199999999999999744    0.00012999999999999998861    3    305    316    331    0    0    1210    1239    1245    
319    0.00018599999999999999455    0.00012799999999999999421    0.00012999999999999998861    12    0    284    284    308    308    321    356    356    356    356    363    401    0    1    136    1159    1160    1220    1221    1246    1247    1248    1249    1250    1251    1252    
320    6.0999999999999998722e-05    2.0999999999999998838e-05    0.00013099999999999998581    7    262    262    307    314    325    342    362    0    0    1069    1070    1218    1234    1253    1254    1255    
321    0.00016099999999999998319    0.00012999999999999998861    0.00013099999999999998581    9    271    276    284    289    315    319    333    349    363    0    0    1105    1129    1161    1172    1235    1246    1256    1257    1258    
322    9.999999999999999124e-05    0.00017599999999999999542    0.00013099999999999998581    10    235    267    268    292    312    316    347    365    365    405    0    0    967    1087    1091    1179    1232    1240    1259    1260    1261    1262    
323    0.00013400000000000000452    0.0001640000000000000019    0.00013199999999999998302    7    271    276    292    304    304    372    372    0    0    1106    1130    1180    1197    1198    1263    1264    
324    0.00019999999999999998248    9.9999999999999995475e-07    0.00013400000000000000452    1    0    0    1    137    
325    8.4999999999999992554e-05    1.29999999999999992e-05    0.00013400000000000000452    8    262    281    298    320    342    348    362    422    0    0    1071    1146    1188    1253    1265    1266    1267    1268    
326    0.00014099999999999998494    4.1000000000000000474e-05    0.00013400000000000000452    7    260    299    309    310    357    357    366    0    0    1055    1190    1224    1226    1269    1270    1271    
327    0.00018300000000000000294    6.0999999999999998722e-05    0.00013400000000000000452    3    329    352    359    0    0    1272    1273    1274    
328    1.0999999999999999714e-05    0.00019499999999999999647    0.00013400000000000000452    6    -1    306    306    334    334    355    1    0    51    1213    1214    1275    1276    1277    
329    0.00018599999999999999455    3.100000000000000135e-05    0.00013500000000000000173    22    0    0    0    0    0    180    257    257    259    259    279    279    327    352    352    359    359    360    360    370    395    434    0    1    138    139    140    141    142    791    1036    1037    1047    1048    1136    1137    1272    1278    1279    1280    1281    1282    1283    1284    1285    1286    
330    0.00013400000000000000452    9.7999999999999996836e-05    0.00013500000000000000173    5    283    305    311    368    389    0    0    1156    1211    1231    1287    1288    
331    0.00010699999999999999876    9.8999999999999994038e-05    0.00013500000000000000173    15    270    280    280    283    283    285    291    305    317    318    361    364    368    390    400    0    0    1096    1141    1142    1157    1158    1164    1176    1212    1242    1245    1289    1290    1291    1292    1293    
332    4.3999999999999998856e-05    9.999999999999999124e-05    0.00013500000000000000173    10    261    263    270    270    288    290    353    354    367    375    0    0    1060    1078    1097    1098    1169    1173    1294    1295    1296    1297    
333    0.00015899999999999998878    0.00014300000000000000645    0.00013599999999999999893    4    271    321    344    349    0    0    1107    1256    1298    1299    
334    9.000000000000000228e-06    0.00017899999999999998703    0.00013699999999999999613    8    -1    -1    258    306    328    328    355    355    1    0    52    53    1042    1215    1275    1276    1300    1301    
335    1.6999999999999999866e-05    0.00013899999999999999053    0.00013799999999999999333    11    -1    258    258    258    290    290    371    371    374    374    374    1    0    54    1043    1044    1045    1174    1175    1302    1303    1304    1305    1306    
336    1.2000000000000000304e-05    4.8000000000000001216e-05    0.00013899999999999999053    5    -1    282    362    367    380    1    0    55    1149    1307    1308    1309    
337    0.00019399999999999999927    8.7999999999999997712e-05    0.00013899999999999999053    5    0    308    308    340    359    0    1    143    1222    1223    1310    1311    
338    0.00015799999999999999158    0.0001679999999999999907    0.00013899999999999999053    3    304    344    350    0    0    1199    1312    1313    
339    0.00019099999999999998056    0.00019399999999999999927    0.00013899999999999999053    4    0    294    304    350    0    1    144    1183    1200    1314    
340    0.00019699999999999999087    7.3999999999999996228e-05    0.00013999999999999998774    6    0    297    337    352    359    359    0    1    145    1186    1310    1315    1316    1317    
341    0.00010899999999999999316    0.0001259999999999999998    0.00013999999999999998774    0    0    0    
342    6.2999999999999999902e-05    9.999999999999999124e-06    0.00014300000000000000645    6    264    313    320    325    384    399    0    0    1082    1233    1254    1265    1318    1319    
343    1.9999999999999999095e-06    1.0999999999999999714e-05    0.00014300000000000000645    1    -1    1    0    56    
344    0.00017999999999999998423    0.00014699999999999999525    0.00014300000000000000645    12    0    0    276    284    333    338    345    349    356    373    391    398    0    1    146    147    1131    1162    1298    1312    1320    1321    1322    1323    1324    1325    
345    0.00019099999999999998056    0.00016300000000000000469    0.00014300000000000000645    7    0    241    273    344    350    373    385    0    1    148    997    1115    1320    1326    1327    1328    
346    3.3999999999999999732e-05    0.00018199999999999997864    0.00014300000000000000645    7    306    355    365    374    405    405    406    0    0    1216    1329    1330    1331    1332    1333    1334    
347    0.00011600000000000000068    0.00017999999999999998423    0.00014400000000000000365    9    304    304    322    351    361    372    394    405    419    0    0    1201    1202    1259    1335    1336    1337    1338    1339    1340    
348    0.00010699999999999999876    1.6999999999999999866e-05    0.00014500000000000000085    7    274    298    309    325    362    392    422    0    0    1120    1189    1225    1266    1341    1342    1343    
349    0.00015899999999999998878    0.00014300000000000000645    0.00014599999999999999805    7    321    333    344    356    363    391    391    0    0    1257    1299    1321    1344    1345    1346    1347    
350    0.00017699999999999999263    0.00017599999999999999542    0.00014599999999999999805    8    304    338    339    345    373    373    383    386    0    0    1203    1313    1314    1326    1348    1349    1350    1351    
351    0.00013199999999999998302    0.00019399999999999999927    0.00014599999999999999805    2    304    347    0    0    1204    1335    
352    0.00019599999999999999367    6.2999999999999999902e-05    0.00014699999999999999525    7    0    327    329    329    340    359    388    0    1    149    1273    1278    1279    1315    1352    1353    
353    7.999999999999999638e-06    9.2000000000000000072e-05    0.00014699999999999999525    8    -1    261    261    332    367    367    367    371    1    0    57    1061    1062    1294    1354    1355    1356    1357    
354    5.0999999999999999598e-05    0.00012899999999999999141    0.00014699999999999999525    2    332    379    0    0    1295    1358    
355    1.8000000000000000456e-05    0.00019300000000000000207    0.00014699999999999999525    9    -1    328    334    334    346    374    374    405    437    1    0    58    1277    1300    1301    1329    1359    1360    1361    1362    
356    0.00017799999999999998983    0.00012799999999999999421    0.00014799999999999999246    8    319    319    319    319    344    349    363    363    0    0    1247    1248    1249    1250    1322    1344    1363    1364    
357    0.00015499999999999999997    3.3999999999999999732e-05    0.00014899999999999998966    6    310    310    326    326    370    422    0    0    1227    1228    1269    1270    1365    1366    
358    0.00019999999999999998248    4.1000000000000000474e-05    0.00014899999999999998966    1    0    0    1    150    
359    0.00017499999999999999822    7.7999999999999998588e-05    0.00014899999999999998966    13    0    299    327    329    329    337    340    340    352    363    376    389    396    0    1    151    1191    1274    1280    1281    1311    1316    1317    1352    1367    1368    1369    1370    
360    0.00017300000000000000382    6.000000000000000152e-06    0.00014999999999999998686    4    274    329    329    441    0    0    1121    1282    1283    1371    
361    7.5999999999999990632e-05    0.00013400000000000000452    0.00014999999999999998686    19    235    235    253    287    287    316    331    347    365    372    372    372    375    390    394    402    403    403    418    0    0    968    969    1026    1167    1168    1241    1289    1336    1372    1373    1374    1375    1376    1377    1378    1379    1380    1381    1382    
362    6.20000000000000027e-05    4.4999999999999996058e-05    0.00015199999999999998126    17    263    291    307    317    317    320    325    336    348    366    381    382    382    392    392    399    429    0    0    1079    1177    1219    1243    1244    1255    1267    1307    1341    1383    1384    1385    1386    1387    1388    1389    1390    
363    0.00016199999999999998039    0.00010100000000000000199    0.00015199999999999998126    23    315    319    321    349    356    356    359    368    368    389    389    396    397    401    402    412    424    435    438    442    451    451    452    0    0    1236    1251    1258    1345    1363    1364    1367    1391    1392    1393    1394    1395    1396    1397    1398    1399    1400    1401    1402    1403    1404    1405    1406    
364    0.00011899999999999999229    9.2999999999999997274e-05    0.00015300000000000000557    5    331    389    389    400    400    0    0    1290    1407    1408    1409    1410    
365    5.800000000000000034e-05    0.00015699999999999999438    0.00015300000000000000557    9    235    302    302    322    322    346    361    404    406    0    0    970    1194    1195    1260    1261    1330    1372    1411    1412    
366    0.00011799999999999999508    4.3999999999999998856e-05    0.00015400000000000000277    3    326    362    409    0    0    1271    1383    1413    
367    2.699999999999999899e-05    7.2000000000000001824e-05    0.00015400000000000000277    18    -1    -1    -1    269    288    332    336    353    353    353    375    380    381    382    415    433    433    440    1    0    59    60    61    1093    1170    1296    1308    1354    1355    1356    1414    1415    1416    1417    1418    1419    1420    1421    
368    0.0001259999999999999998    0.0001240000000000000054    0.00015499999999999999997    10    315    315    330    331    363    363    372    372    390    390    0    0    1237    1238    1287    1291    1391    1392    1422    1423    1424    1425    
369    0.00014799999999999999246    0.00014999999999999998686    0.00015499999999999999997    0    0    0    
370    0.00015899999999999998878    4.3999999999999998856e-05    0.00015599999999999999718    4    329    357    376    434    0    0    1284    1365    1426    1427    
371    1.399999999999999979e-05    0.00011399999999999999272    0.00015599999999999999718    13    -1    -1    -1    -1    -1    335    335    353    375    379    410    415    432    1    0    62    63    64    65    66    1302    1303    1357    1428    1429    1430    1431    1432    
372    0.00012799999999999999421    0.0001640000000000000019    0.00015599999999999999718    19    271    292    304    323    323    347    361    361    361    368    368    383    402    402    426    428    428    443    444    0    0    1108    1181    1205    1263    1264    1337    1373    1374    1375    1422    1423    1433    1434    1435    1436    1437    1438    1439    1440    
373    0.00018400000000000000014    0.0001659999999999999963    0.00015599999999999999718    10    344    345    350    350    383    385    386    398    413    413    0    0    1323    1327    1348    1349    1441    1442    1443    1444    1445    1446    
374    1.2000000000000000304e-05    0.00016899999999999998791    0.00015599999999999999718    11    -1    335    335    335    346    355    355    406    410    410    437    1    0    67    1304    1305    1306    1331    1359    1360    1447    1448    1449    1450    
375    6.7000000000000002262e-05    0.00010100000000000000199    0.00015699999999999999438    9    270    332    361    367    371    379    382    393    418    0    0    1099    1297    1376    1414    1428    1451    1452    1453    1454    
376    0.0001640000000000000019    6.7000000000000002262e-05    0.00015799999999999999158    3    359    370    389    0    0    1368    1426    1455    
377    0.00019099999999999998056    9.4999999999999991678e-05    0.00015799999999999999158    0    0    0    
378    0.00019999999999999998248    9.9999999999999995475e-07    0.00015899999999999998878    1    0    0    1    152    
379    2.900000000000000017e-05    0.00013300000000000000732    0.00015999999999999998598    7    354    371    375    393    410    418    418    0    0    1358    1429    1451    1456    1457    1458    1459    
380    6.000000000000000152e-06    3.6999999999999998114e-05    0.00016099999999999998319    7    -1    336    367    384    384    423    433    1    0    68    1309    1415    1460    1461    1462    1463    
381    5.3000000000000000778e-05    4.1000000000000000474e-05    0.00016099999999999998319    6    362    367    384    384    399    427    0    0    1384    1416    1464    1465    1466    1467    
382    6.7000000000000002262e-05    7.2999999999999999026e-05    0.00016099999999999998319    7    362    362    367    375    411    417    440    0    0    1385    1386    1417    1452    1468    1469    1470    
383    0.0001659999999999999963    0.00018499999999999999735    0.00016099999999999998319    6    304    350    372    373    386    413    0    0    1206    1350    1433    1441    1471    1472    
384    2.59999999999999984e-05    1.5999999999999999276e-05    0.00016199999999999998039    7    342    380    380    381    381    423    423    0    0    1318    1460    1461    1464    1465    1473    1474    
385    0.00019699999999999999087    0.00017099999999999998231    0.00016300000000000000469    5    0    345    373    398    407    0    1    153    1328    1442    1475    1476    
386    0.00017999999999999998423    0.00018799999999999998895    0.00016300000000000000469    6    0    350    373    383    421    428    0    1    154    1351    1443    1471    1477    1478    
387    0.00019999999999999998248    0.00019300000000000000207    0.0001640000000000000019    1    0    0    1    155    
388    0.00019699999999999999087    6.0999999999999998722e-05    0.0001649999999999999991    4    0    352    395    396    0    1    156    1353    1479    1480    
389    0.00014999999999999998686    8.0999999999999990194e-05    0.0001649999999999999991    14    330    359    363    363    364    364    376    400    424    434    434    449    451    451    0    0    1288    1369    1393    1394    1407    1408    1455    1481    1482    1483    1484    1485    1486    1487    
390    0.00011199999999999999832    0.00011299999999999999552    0.0001649999999999999991    5    331    361    368    368    397    0    0    1292    1377    1424    1425    1488    
391    0.00017799999999999998983    0.00014099999999999998494    0.0001649999999999999991    6    344    349    349    398    401    412    0    0    1324    1346    1347    1489    1490    1491    
392    0.0001019999999999999992    2.499999999999999781e-05    0.0001659999999999999963    7    348    362    362    399    409    416    422    0    0    1342    1387    1388    1492    1493    1494    1495    
393    3.6000000000000000912e-05    0.00011600000000000000068    0.0001659999999999999963    2    375    379    0    0    1453    1456    
394    8.7999999999999997712e-05    0.00017400000000000000102    0.0001659999999999999963    5    347    361    405    405    419    0    0    1338    1378    1496    1497    1498    
395    0.00019599999999999999367    3.2999999999999995754e-05    0.0001669999999999999935    9    0    0    329    388    434    434    441    441    461    0    1    157    158    1285    1479    1499    1500    1501    1502    1503    
396    0.00019499999999999999647    8.0999999999999990194e-05    0.0001669999999999999935    12    0    359    363    388    401    401    430    431    442    451    460    461    0    1    159    1370    1395    1480    1504    1505    1506    1507    1508    1509    1510    1511    
397    0.00013300000000000000732    0.00010100000000000000199    0.0001679999999999999907    3    363    390    424    0    0    1396    1488    1512    
398    0.00019300000000000000207    0.00015699999999999999438    0.0001679999999999999907    9    0    344    373    385    391    407    412    413    413    0    1    160    1325    1444    1475    1489    1513    1514    1515    1516    
399    6.9999999999999993868e-05    1.29999999999999992e-05    0.00016899999999999998791    10    342    362    381    392    416    422    445    448    448    455    0    0    1319    1389    1466    1492    1517    1518    1519    1520    1521    1522    
400    0.00010899999999999999316    7.7000000000000001386e-05    0.00016899999999999998791    13    331    364    364    389    411    411    414    429    450    450    456    456    462    0    0    1293    1409    1410    1481    1523    1524    1525    1526    1527    1528    1529    1530    1531    
401    0.00018599999999999999455    0.00012100000000000000024    0.00016899999999999998791    8    0    319    363    391    396    396    412    460    0    1    161    1252    1397    1490    1504    1505    1532    1533    
402    0.00012299999999999998109    0.00013899999999999999053    0.00016899999999999998791    8    361    363    372    372    419    419    426    438    0    0    1379    1398    1434    1435    1534    1535    1536    1537    
403    8.7999999999999997712e-05    0.00013199999999999998302    0.00017099999999999998231    6    361    361    404    418    419    419    0    0    1380    1381    1538    1539    1540    1541    
404    6.2999999999999999902e-05    0.00015499999999999999997    0.00017099999999999998231    5    365    403    405    419    436    0    0    1411    1538    1542    1543    1544    
405    6.8999999999999996666e-05    0.00018300000000000000294    0.00017199999999999997951    16    322    346    346    347    355    394    394    404    406    419    436    436    444    444    453    453    0    0    1262    1332    1333    1339    1361    1496    1497    1542    1545    1546    1547    1548    1549    1550    1551    1552    
406    3.7999999999999995316e-05    0.0001669999999999999935    0.00017300000000000000382    8    346    365    374    405    410    418    436    453    0    0    1334    1412    1447    1545    1553    1554    1555    1556    
407    0.00019699999999999999087    0.00017599999999999999542    0.00017300000000000000382    5    0    385    398    413    421    0    1    162    1476    1513    1557    1558    
408    4.1000000000000000474e-05    0    0.00017400000000000000102    0    0    0    
409    0.00011600000000000000068    2.499999999999999781e-05    0.00017400000000000000102    9    366    392    416    422    422    429    439    447    447    0    0    1413    1493    1559    1560    1561    1562    1563    1564    1565    
410    6.999999999999999895e-06    0.00015300000000000000557    0.00017499999999999999822    8    -1    371    374    374    379    406    418    459    1    0    69    1430    1448    1449    1457    1553    1566    1567    
411    8.5999999999999989756e-05    7.2999999999999999026e-05    0.00017699999999999999263    10    382    400    400    414    417    418    418    450    452    462    0    0    1468    1523    1524    1568    1569    1570    1571    1572    1573    1574    
412    0.00017999999999999998423    0.00013099999999999998581    0.00017799999999999998983    7    363    391    398    401    435    442    460    0    0    1399    1491    1514    1532    1575    1576    1577    
413    0.00017499999999999999822    0.00016999999999999998511    0.00017799999999999998983    9    373    373    383    398    398    407    420    421    428    0    0    1445    1446    1472    1515    1516    1557    1578    1579    1580    
414    0.00010600000000000000156    9.2999999999999997274e-05    0.00017899999999999998703    5    400    411    418    424    462    0    0    1525    1568    1581    1582    1583    
415    2.900000000000000017e-05    9.6000000000000002432e-05    0.00017899999999999998703    5    367    371    418    432    458    0    0    1418    1431    1584    1585    1586    
416    8.7999999999999997712e-05    2.9999999999999997372e-05    0.00017999999999999998423    6    392    399    409    429    439    448    0    0    1494    1517    1559    1587    1588    1589    
417    7.7000000000000001386e-05    5.6999999999999996362e-05    0.00017999999999999998423    5    382    411    427    429    450    0    0    1469    1569    1590    1591    1592    
418    5.8999999999999997542e-05    0.00011600000000000000068    0.00017999999999999998423    16    361    375    379    379    403    406    410    411    411    414    415    436    452    458    458    459    0    0    1382    1454    1458    1459    1539    1554    1566    1570    1571    1581    1584    1593    1594    1595    1596    1597    
419    0.00010600000000000000156    0.00015300000000000000557    0.00017999999999999998423    12    347    394    402    402    403    403    404    405    426    443    444    452    0    0    1340    1498    1534    1535    1540    1541    1543    1546    1598    1599    1600    1601    
420    0.00016099999999999998319    0.00016099999999999998319    0.00017999999999999998423    6    413    425    426    443    454    463    0    0    1578    1602    1603    1604    1605    1606    
421    0.00019699999999999999087    0.00018499999999999999735    0.00017999999999999998423    6    0    386    407    413    428    446    0    1    163    1477    1558    1579    1607    1608    
422    0.00014699999999999999525    1.5999999999999999276e-05    0.00018099999999999998143    14    274    310    325    348    357    392    399    409    409    434    434    447    449    467    0    0    1122    1229    1268    1343    1366    1495    1518    1560    1561    1609    1610    1611    1612    1613    
423    3.999999999999999819e-06    3.999999999999999819e-06    0.00018199999999999997864    8    -1    -1    380    384    384    433    448    455    1    0    70    71    1462    1473    1474    1614    1615    1616    
424    0.00012999999999999998861    8.4999999999999992554e-05    0.00018199999999999997864    8    363    389    397    414    450    451    456    462    0    0    1400    1482    1512    1582    1617    1618    1619    1620    
425    0.00015699999999999999438    0.00015099999999999998406    0.00018199999999999997864    8    420    426    435    435    435    438    446    463    0    0    1602    1621    1622    1623    1624    1625    1626    1627    
426    0.00013699999999999999613    0.00015400000000000000277    0.00018199999999999997864    6    372    402    419    420    425    443    0    0    1436    1536    1598    1603    1621    1628    
427    6.20000000000000027e-05    4.8000000000000001216e-05    0.00018300000000000000294    4    381    417    440    448    0    0    1467    1590    1629    1630    
428    0.00017499999999999999822    0.00018799999999999998895    0.00018300000000000000294    10    0    372    372    386    413    421    454    454    463    463    0    1    164    1437    1438    1478    1580    1607    1631    1632    1633    1634    
429    0.0001019999999999999992    4.999999999999999562e-05    0.00018400000000000000014    11    362    400    409    416    417    447    448    448    450    456    456    0    0    1390    1526    1562    1587    1591    1635    1636    1637    1638    1639    1640    
430    0.00019699999999999999087    0.0001019999999999999992    0.00018400000000000000014    3    0    396    460    0    1    165    1506    1641    
431    0.00019699999999999999087    8.0999999999999990194e-05    0.00018499999999999999735    2    0    396    0    1    166    1507    
432    3.999999999999999819e-06    0.00010600000000000000156    0.00018499999999999999735    5    -1    371    415    458    459    1    0    72    1432    1585    1642    1643    
433    4.999999999999999562e-06    3.7999999999999995316e-05    0.00018599999999999999455    8    -1    367    367    380    423    445    445    458    1    0    73    1419    1420    1463    1614    1644    1645    1646    
434    0.0001640000000000000019    4.4999999999999996058e-05    0.00018599999999999999455    13    329    370    389    389    395    395    422    422    441    449    449    451    470    0    0    1286    1427    1483    1484    1499    1500    1609    1610    1647    1648    1649    1650    1651    
435    0.00015799999999999999158    0.00012799999999999999421    0.00018599999999999999455    9    363    412    425    425    425    438    442    452    460    0    0    1401    1575    1622    1623    1624    1652    1653    1654    1655    
436    4.999999999999999562e-05    0.00015099999999999998406    0.00018599999999999999455    6    404    405    405    406    418    453    0    0    1544    1547    1548    1555    1593    1656    
437    1.29999999999999992e-05    0.00019200000000000000486    0.00018599999999999999455    5    -1    355    374    453    453    1    0    74    1362    1450    1657    1658    
438    0.00012799999999999999421    0.00013500000000000000173    0.00018699999999999999175    6    363    402    425    435    452    452    0    0    1402    1537    1625    1652    1659    1660    
439    9.2999999999999997274e-05    1.399999999999999979e-05    0.00018799999999999998895    5    409    416    447    448    448    0    0    1563    1588    1661    1662    1663    
440    4.999999999999999562e-05    7.499999999999999343e-05    0.00018799999999999998895    7    367    382    427    455    458    468    471    0    0    1421    1470    1629    1664    1665    1666    1667    
441    0.00017999999999999998423    2.3000000000000000018e-05    0.00018899999999999998615    8    0    0    360    395    395    434    467    470    0    1    167    168    1371    1501    1502    1647    1668    1669    
442    0.0001679999999999999907    0.00010600000000000000156    0.00018899999999999998615    8    363    396    412    435    451    451    460    464    0    0    1403    1508    1576    1653    1670    1671    1672    1673    
443    0.00012699999999999999701    0.0001640000000000000019    0.00018899999999999998615    6    372    419    420    426    444    454    0    0    1439    1599    1604    1628    1674    1675    
444    0.00011299999999999999552    0.00018899999999999998615    0.00018899999999999998615    6    372    405    405    419    443    454    0    0    1440    1549    1550    1600    1674    1676    
445    2.59999999999999984e-05    3.7999999999999995316e-05    0.00019099999999999998056    4    399    433    433    455    0    0    1519    1644    1645    1677    
446    0.00019699999999999999087    0.00015699999999999999438    0.00019099999999999998056    5    0    421    425    460    460    0    1    169    1608    1626    1678    1679    
447    0.0001240000000000000054    2.499999999999999781e-05    0.00019200000000000000486    6    409    409    422    429    439    449    0    0    1564    1565    1611    1635    1661    1680    
448    6.4999999999999994306e-05    3.2999999999999995754e-05    0.00019200000000000000486    11    399    399    416    423    427    429    429    439    439    450    455    0    0    1520    1521    1589    1615    1630    1636    1637    1662    1663    1681    1682    
449    0.00014300000000000000645    4.999999999999999562e-05    0.00019200000000000000486    6    389    422    434    434    447    456    0    0    1485    1612    1648    1649    1680    1683    
450    9.6000000000000002432e-05    6.9999999999999993868e-05    0.00019200000000000000486    9    400    400    411    417    424    429    448    456    462    0    0    1527    1528    1572    1592    1617    1638    1681    1684    1685    
451    0.00015899999999999998878    8.0999999999999990194e-05    0.00019200000000000000486    10    363    363    389    389    396    424    434    442    442    461    0    0    1404    1405    1486    1487    1509    1618    1650    1670    1671    1686    
452    0.00010699999999999999876    0.00012699999999999999701    0.00019200000000000000486    7    363    411    418    419    435    438    438    0    0    1406    1573    1594    1601    1654    1659    1660    
453    2.9999999999999997372e-05    0.00018300000000000000294    0.00019200000000000000486    7    405    405    406    436    437    437    465    0    0    1551    1552    1556    1656    1657    1658    1687    
454    0.00013400000000000000452    0.00018400000000000000014    0.00019200000000000000486    5    420    428    428    443    444    0    0    1605    1631    1632    1675    1676    
455    3.7999999999999995316e-05    3.9999999999999996496e-05    0.00019300000000000000207    5    399    423    440    445    448    0    0    1522    1616    1664    1677    1682    
456    0.0001250000000000000026    6.20000000000000027e-05    0.00019300000000000000207    7    400    400    424    429    429    449    450    0    0    1529    1530    1619    1639    1640    1683    1684    
457    0.00019999999999999998248    7.2000000000000001824e-05    0.00019300000000000000207    1    0    0    1    170    
458    9.000000000000000228e-06    8.4999999999999992554e-05    0.00019300000000000000207    7    -1    415    418    418    432    433    440    1    0    75    1586    1595    1596    1642    1646    1665    
459    1.2000000000000000304e-05    0.00011699999999999999788    0.00019300000000000000207    6    -1    -1    410    418    432    465    1    0    76    77    1567    1597    1643    1688    
460    0.00019300000000000000207    0.00012100000000000000024    0.00019300000000000000207    9    0    396    401    412    430    435    442    446    446    0    1    171    1510    1533    1577    1641    1655    1672    1678    1679    
461    0.00019499999999999999647    5.19999999999999968e-05    0.00019399999999999999927    4    0    395    396    451    0    1    172    1503    1511    1686    
462    0.00010699999999999999876    8.299999999999999815e-05    0.00019399999999999999927    5    400    411    414    424    450    0    0    1531    1574    1583    1620    1685    
463    0.00016099999999999998319    0.00017999999999999998423    0.00019399999999999999927    5    420    425    428    428    473    0    0    1606    1627    1633    1634    1689    
464    0.00018400000000000000014    8.9999999999999992116e-05    0.00019499999999999999647    1    442    0    0    1673    
465    2.0999999999999998838e-05    0.00013999999999999998774    0.00019499999999999999647    2    453    459    0    0    1687    1688    
466    0.00011399999999999999272    0    0.00019599999999999999367    0    0    0    
467    0.00017799999999999998983    3.000000000000000076e-06    0.00019599999999999999367    2    422    441    0    0    1613    1668    
468    5.3000000000000000778e-05    5.399999999999999798e-05    0.00019599999999999999367    1    440    0    0    1666    
469    0.00011899999999999999229    0    0.00019799999999999998808    0    0    0    
470    0.00017799999999999998983    2.900000000000000017e-05    0.00019799999999999998808    2    434    441    0    0    1651    1669    
471    6.2999999999999999902e-05    5.8999999999999997542e-05    0.00019799999999999998808    1    440    0    0    1667    
472    0.00019099999999999998056    0.0001019999999999999992    0.00019799999999999998808    0    0    0    
473    0.00015899999999999998878    0.00019699999999999999087    0.00019799999999999998808    1    463    0    0    1689    
474    5.8999999999999997542e-05    0.00019499999999999999647    0.00019899999999999998528    0    0    0    
