69    9.999999999999999124e-05    9.999999999999999124e-05    9.999999999999999124e-05
1    5.8999999999999997542e-05    9.0999999999999989318e-05    9.9999999999999995475e-07    1    -1    1    0    1    
2    9.3999999999999994476e-05    7.5999999999999990632e-05    3.999999999999999819e-06    2    -1    3    1    0    2    38    
3    5.399999999999999798e-05    5.8999999999999997542e-05    6.000000000000000152e-06    9    -1    2    8    9    11    16    19    20    25    1    0    3    38    39    40    41    42    43    44    45    
4    1.4999999999999998686e-05    7.999999999999999638e-06    6.999999999999999895e-06    5    -1    9    10    15    15    1    0    4    46    47    48    49    
5    7.3999999999999996228e-05    2.59999999999999984e-05    7.999999999999999638e-06    11    -1    -1    8    8    10    13    13    13    23    25    26    1    0    5    6    50    51    52    53    54    55    56    57    58    
6    9.8999999999999994038e-05    3.4999999999999996934e-05    9.000000000000000228e-06    0    0    0    
7    3.000000000000000076e-06    8.8999999999999994914e-05    1.2000000000000000304e-05    2    16    18    0    0    59    60    
8    5.4999999999999995182e-05    4.2999999999999994878e-05    1.399999999999999979e-05    5    -1    3    5    5    13    1    0    7    39    50    51    61    
9    1.6999999999999999866e-05    4.8000000000000001216e-05    1.4999999999999998686e-05    7    -1    3    4    13    18    20    20    1    0    8    40    46    62    63    64    65    
10    5.19999999999999968e-05    6.000000000000000152e-06    1.6999999999999999866e-05    7    4    5    13    15    26    26    27    0    0    47    52    66    67    68    69    70    
11    6.5999999999999991508e-05    8.5999999999999989756e-05    1.6999999999999999866e-05    7    -1    3    16    19    21    22    25    1    0    9    41    71    72    73    74    75    
12    2.699999999999999899e-05    0    2.0999999999999998838e-05    0    0    0    
13    3.8999999999999999294e-05    3.2999999999999995754e-05    2.4000000000000000608e-05    10    5    5    5    8    9    10    17    20    31    34    0    0    53    54    55    61    62    66    76    77    78    79    
14    0    8.0999999999999990194e-05    2.4000000000000000608e-05    0    0    0    
15    6.000000000000000152e-06    7.999999999999999638e-06    2.900000000000000017e-05    7    4    4    10    17    27    27    35    0    0    48    49    67    80    81    82    83    
16    1.8000000000000000456e-05    8.700000000000000051e-05    2.900000000000000017e-05    12    -1    3    7    11    18    18    19    20    20    29    29    33    1    0    10    42    59    71    84    85    86    87    88    89    90    91    
17    4.999999999999999562e-06    2.59999999999999984e-05    2.9999999999999997372e-05    4    13    15    18    32    0    0    76    80    92    93    
18    1.0999999999999999714e-05    5.9999999999999994744e-05    2.9999999999999997372e-05    9    -1    7    9    16    16    17    20    32    33    1    0    11    60    63    84    85    92    94    95    96    
19    4.8999999999999998418e-05    7.7000000000000001386e-05    3.100000000000000135e-05    5    3    11    16    20    24    0    0    43    72    86    97    98    
20    2.4000000000000000608e-05    6.7999999999999999464e-05    3.1999999999999998552e-05    10    3    9    9    13    16    16    18    19    29    32    0    0    44    64    65    77    87    88    94    97    99    100    
21    8.8999999999999994914e-05    8.9999999999999992116e-05    3.1999999999999998552e-05    3    11    22    28    0    0    73    101    102    
22    7.2000000000000001824e-05    9.6000000000000002432e-05    3.2999999999999995754e-05    3    11    21    28    0    0    74    101    103    
23    8.8999999999999994914e-05    6.000000000000000152e-06    3.3999999999999999732e-05    5    5    25    25    26    44    0    0    56    104    105    106    107    
24    5.800000000000000034e-05    6.3999999999999997104e-05    3.6000000000000000912e-05    5    19    25    31    32    40    0    0    98    108    109    110    111    
25    8.4999999999999992554e-05    2.900000000000000017e-05    3.6999999999999998114e-05    15    3    5    11    23    23    24    26    28    28    28    31    41    44    52    63    0    0    45    57    75    104    105    108    112    113    114    115    116    117    118    119    120    
26    6.5999999999999991508e-05    1.2000000000000000304e-05    4.3999999999999998856e-05    8    5    10    10    23    25    27    38    38    0    0    58    68    69    106    112    121    122    123    
27    5.0999999999999999598e-05    3.999999999999999819e-06    4.4999999999999996058e-05    5    10    15    15    26    34    0    0    70    81    82    121    124    
28    7.9999999999999992992e-05    7.7000000000000001386e-05    4.6000000000000000036e-05    10    21    22    25    25    25    30    31    42    43    48    0    0    102    103    113    114    115    125    126    127    128    129    
29    3.4999999999999996934e-05    8.7999999999999997712e-05    4.8000000000000001216e-05    8    16    16    20    36    36    36    36    39    0    0    89    90    99    130    131    132    133    134    
30    9.6000000000000002432e-05    9.0999999999999989318e-05    4.8000000000000001216e-05    1    28    0    0    125    
31    7.7000000000000001386e-05    5.19999999999999968e-05    4.8999999999999998418e-05    6    13    24    25    28    41    46    0    0    78    109    116    126    135    136    
32    2.0999999999999998838e-05    4.999999999999999562e-05    5.0999999999999999598e-05    11    17    18    20    24    33    37    40    41    45    45    65    0    0    93    95    100    110    137    138    139    140    141    142    143    
33    4.999999999999999562e-06    6.5999999999999991508e-05    5.19999999999999968e-05    4    16    18    32    36    0    0    91    96    137    144    
34    4.1000000000000000474e-05    1.6999999999999999866e-05    5.4999999999999995182e-05    13    13    27    35    35    41    41    45    47    47    47    52    53    53    0    0    79    124    145    146    147    148    149    150    151    152    153    154    155    
35    6.000000000000000152e-06    1.2000000000000000304e-05    5.599999999999999916e-05    6    15    34    34    37    37    45    0    0    83    145    146    156    157    158    
36    1.9999999999999998248e-05    7.9999999999999992992e-05    5.599999999999999916e-05    6    29    29    29    29    33    39    0    0    130    131    132    133    144    159    
37    6.999999999999999895e-06    3.4999999999999996934e-05    5.6999999999999996362e-05    4    32    35    35    45    0    0    138    156    157    160    
38    7.5999999999999990632e-05    9.999999999999999124e-06    5.800000000000000034e-05    4    26    26    44    47    0    0    122    123    161    162    
39    3.6999999999999998114e-05    7.5999999999999990632e-05    5.800000000000000034e-05    6    29    36    40    43    49    54    0    0    134    159    163    164    165    166    
40    4.2999999999999994878e-05    6.0999999999999998722e-05    5.8999999999999997542e-05    7    24    32    39    41    46    49    66    0    0    111    139    163    167    168    169    170    
41    5.599999999999999916e-05    4.1000000000000000474e-05    6.2999999999999999902e-05    10    25    31    32    34    34    40    45    46    52    52    0    0    117    135    140    147    148    167    171    172    173    174    
42    8.0999999999999990194e-05    8.8999999999999994914e-05    6.2999999999999999902e-05    5    28    43    46    48    56    0    0    127    175    176    177    178    
43    6.7999999999999999464e-05    8.9999999999999992116e-05    6.2999999999999999902e-05    4    28    39    42    46    0    0    128    164    175    179    
44    8.7999999999999997712e-05    3.999999999999999819e-06    6.8999999999999996666e-05    5    23    25    38    47    58    0    0    107    118    161    180    181    
45    2.699999999999999899e-05    2.59999999999999984e-05    6.9999999999999993868e-05    9    32    32    34    35    37    41    59    62    65    0    0    141    142    149    158    160    171    182    183    184    
46    7.2999999999999999026e-05    5.599999999999999916e-05    6.9999999999999993868e-05    8    31    40    41    42    43    50    56    56    0    0    136    168    172    176    179    185    186    187    
47    6.2999999999999999902e-05    9.000000000000000228e-06    7.099999999999999107e-05    7    34    34    34    38    44    52    67    0    0    150    151    152    162    180    188    189    
48    9.3999999999999994476e-05    7.499999999999999343e-05    7.3999999999999996228e-05    4    28    42    50    57    0    0    129    177    190    191    
49    2.799999999999999958e-05    7.5999999999999990632e-05    8.0999999999999990194e-05    10    39    40    51    54    54    64    64    66    66    66    0    0    165    169    192    193    194    195    196    197    198    199    
50    9.2999999999999997274e-05    5.3000000000000000778e-05    8.299999999999999815e-05    6    0    46    48    56    56    63    0    1    12    185    190    200    201    202    
51    1.2000000000000000304e-05    6.9999999999999993868e-05    8.299999999999999815e-05    4    49    60    64    64    0    0    192    203    204    205    
52    6.7000000000000002262e-05    2.4000000000000000608e-05    8.3999999999999995352e-05    14    0    25    34    41    41    47    53    58    62    63    63    65    67    67    0    1    13    119    153    173    174    188    206    207    208    209    210    211    212    213    
53    4.3999999999999998856e-05    9.999999999999999124e-06    8.5999999999999989756e-05    6    34    34    52    61    62    67    0    0    154    155    206    214    215    216    
54    3.7999999999999995316e-05    8.9999999999999992116e-05    8.5999999999999989756e-05    8    0    0    0    39    49    49    66    68    0    1    14    15    16    166    193    194    217    218    
55    1.9999999999999999095e-06    3.000000000000000076e-06    8.8999999999999994914e-05    3    0    59    61    0    1    17    219    220    
56    6.8999999999999996666e-05    7.099999999999999107e-05    8.8999999999999994914e-05    8    0    42    46    46    50    50    57    66    0    1    18    178    186    187    200    201    221    222    
57    8.9999999999999992116e-05    8.8999999999999994914e-05    8.9999999999999992116e-05    4    0    0    48    56    0    1    19    20    191    221    
58    9.6000000000000002432e-05    3.999999999999999819e-06    9.0999999999999989318e-05    3    0    44    52    0    1    21    181    207    
59    1.4999999999999998686e-05    2.3000000000000000018e-05    9.2000000000000000072e-05    6    0    45    55    60    60    62    0    1    22    182    219    223    224    225    
60    7.999999999999999638e-06    3.8999999999999999294e-05    9.2000000000000000072e-05    5    0    51    59    59    65    0    1    23    203    223    224    226    
61    3.7999999999999995316e-05    4.999999999999999562e-06    9.2999999999999997274e-05    7    0    0    0    53    55    62    67    0    1    24    25    26    214    220    227    228    
62    2.900000000000000017e-05    1.9999999999999998248e-05    9.2999999999999997274e-05    7    0    45    52    53    59    61    65    0    1    27    183    208    215    225    227    229    
63    9.0999999999999989318e-05    2.9999999999999997372e-05    9.2999999999999997274e-05    5    0    25    50    52    52    0    1    28    120    202    209    210    
64    1.5999999999999999276e-05    7.2000000000000001824e-05    9.2999999999999997274e-05    8    0    0    0    49    49    51    51    66    0    1    29    30    31    195    196    204    205    230    
65    4.4999999999999996058e-05    4.1000000000000000474e-05    9.3999999999999994476e-05    7    0    32    45    52    60    62    66    0    1    32    143    184    211    226    229    231    
66    4.6999999999999997238e-05    7.7000000000000001386e-05    9.4999999999999991678e-05    10    0    0    40    49    49    49    54    56    64    65    0    1    33    34    170    197    198    199    217    222    230    231    
67    5.19999999999999968e-05    4.999999999999999562e-06    9.6000000000000002432e-05    6    0    47    52    52    53    61    0    1    35    189    212    213    216    228    
68    4.999999999999999562e-06    9.4999999999999991678e-05    9.6999999999999999634e-05    2    0    54    0    1    36    218    
69    0    1.9999999999999998248e-05    9.999999999999999124e-05    1    0    0    1    37    
