69    9.999999999999999124e-05    9.999999999999999124e-05    9.999999999999999124e-05
1    5.9999999999999994744e-05    9.0999999999999989318e-05    0    0    0    0    
2    7.2999999999999999026e-05    6.7999999999999999464e-05    3.999999999999999819e-06    4    3    4    12    26    0    0    41    42    43    44    
3    9.6999999999999999634e-05    7.7000000000000001386e-05    3.999999999999999819e-06    2    0    2    0    1    22    41    
4    5.4999999999999995182e-05    5.8999999999999997542e-05    6.000000000000000152e-06    7    2    8    9    17    20    21    26    0    0    42    45    46    47    48    49    50    
5    1.6999999999999999866e-05    9.000000000000000228e-06    6.999999999999999895e-06    5    -1    9    10    16    16    1    0    1    51    52    53    54    
6    9.999999999999999124e-05    3.4999999999999996934e-05    7.999999999999999638e-06    1    0    0    1    23    
7    3.000000000000000076e-06    9.2999999999999997274e-05    1.2000000000000000304e-05    3    -1    17    19    1    0    2    55    56    
8    5.599999999999999916e-05    4.2999999999999994878e-05    1.29999999999999992e-05    4    4    11    11    14    0    0    45    57    58    59    
9    1.8000000000000000456e-05    4.8000000000000001216e-05    1.399999999999999979e-05    7    -1    4    5    14    19    21    21    1    0    3    46    51    60    61    62    63    
10    5.3000000000000000778e-05    6.000000000000000152e-06    1.5999999999999999276e-05    7    5    11    14    16    27    27    28    0    0    52    64    65    66    67    68    69    
11    6.9999999999999993868e-05    2.799999999999999958e-05    1.5999999999999999276e-05    10    0    8    8    10    14    14    14    24    26    27    0    1    24    57    58    64    70    71    72    73    74    75    
12    6.7000000000000002262e-05    8.5999999999999989756e-05    1.5999999999999999276e-05    6    2    17    20    22    23    26    0    0    43    76    77    78    79    80    
13    2.799999999999999958e-05    0    1.9999999999999998248e-05    0    0    0    
14    3.9999999999999996496e-05    3.2999999999999995754e-05    2.3000000000000000018e-05    10    8    9    10    11    11    11    18    21    32    35    0    0    59    60    65    70    71    72    81    82    83    84    
15    9.9999999999999995475e-07    8.0999999999999990194e-05    2.3000000000000000018e-05    1    -1    1    0    4    
16    6.000000000000000152e-06    6.999999999999999895e-06    2.799999999999999958e-05    8    -1    5    5    10    18    28    28    36    1    0    5    53    54    66    85    86    87    88    
17    1.8999999999999997658e-05    8.700000000000000051e-05    2.799999999999999958e-05    11    -1    4    7    12    19    19    20    21    21    30    34    1    0    6    47    55    76    89    90    91    92    93    94    95    
18    4.999999999999999562e-06    2.499999999999999781e-05    2.900000000000000017e-05    5    -1    14    16    19    33    1    0    7    81    85    96    97    
19    1.2000000000000000304e-05    5.9999999999999994744e-05    2.900000000000000017e-05    13    -1    -1    -1    -1    -1    7    9    17    17    18    21    33    34    1    0    8    9    10    11    12    56    61    89    90    96    98    99    100    
20    4.999999999999999562e-05    7.7000000000000001386e-05    2.9999999999999997372e-05    5    4    12    17    21    25    0    0    48    77    91    101    102    
21    2.499999999999999781e-05    6.7999999999999999464e-05    3.100000000000000135e-05    10    4    9    9    14    17    17    19    20    30    33    0    0    49    62    63    82    92    93    98    101    103    104    
22    8.9999999999999992116e-05    8.9999999999999992116e-05    3.100000000000000135e-05    4    0    12    23    29    0    1    25    78    105    106    
23    7.2999999999999999026e-05    9.6000000000000002432e-05    3.1999999999999998552e-05    3    12    22    29    0    0    79    105    107    
24    8.9999999999999992116e-05    6.000000000000000152e-06    3.2999999999999995754e-05    7    0    0    11    26    26    27    45    0    1    26    27    73    108    109    110    111    
25    5.8999999999999997542e-05    6.3999999999999997104e-05    3.4999999999999996934e-05    5    20    26    32    33    41    0    0    102    112    113    114    115    
26    8.5999999999999989756e-05    2.900000000000000017e-05    3.6000000000000000912e-05    19    0    0    0    2    4    11    12    24    24    25    27    29    29    29    32    42    45    53    63    0    1    28    29    30    44    50    74    80    108    109    112    116    117    118    119    120    121    122    123    124    
27    6.7000000000000002262e-05    1.2000000000000000304e-05    4.2999999999999994878e-05    8    10    10    11    24    26    28    39    39    0    0    67    68    75    110    116    125    126    127    
28    5.19999999999999968e-05    3.999999999999999819e-06    4.3999999999999998856e-05    5    10    16    16    27    35    0    0    69    86    87    125    128    
29    8.0999999999999990194e-05    7.7000000000000001386e-05    4.4999999999999996058e-05    11    0    22    23    26    26    26    31    32    43    44    49    0    1    31    106    107    117    118    119    129    130    131    132    133    
30    3.6000000000000000912e-05    8.7999999999999997712e-05    4.6999999999999997238e-05    8    17    21    34    37    37    37    37    40    0    0    94    103    134    135    136    137    138    139    
31    9.7999999999999996836e-05    9.2000000000000000072e-05    4.6999999999999997238e-05    2    0    29    0    1    32    129    
32    7.7999999999999998588e-05    5.19999999999999968e-05    4.8000000000000001216e-05    6    14    25    26    29    42    47    0    0    83    113    120    130    140    141    
33    2.1999999999999999428e-05    4.999999999999999562e-05    4.999999999999999562e-05    11    18    19    21    25    34    38    41    42    46    46    65    0    0    97    99    104    114    142    143    144    145    146    147    148    
34    6.000000000000000152e-06    6.5999999999999991508e-05    5.0999999999999999598e-05    6    -1    17    19    30    33    37    1    0    13    95    100    134    142    149    
35    4.1999999999999997676e-05    1.6999999999999999866e-05    5.399999999999999798e-05    13    14    28    36    36    42    42    46    48    48    48    53    54    54    0    0    84    128    150    151    152    153    154    155    156    157    158    159    160    
36    6.000000000000000152e-06    1.2000000000000000304e-05    5.4999999999999995182e-05    7    -1    16    35    35    38    38    46    1    0    14    88    150    151    161    162    163    
37    2.0999999999999998838e-05    7.9999999999999992992e-05    5.4999999999999995182e-05    6    30    30    30    30    34    40    0    0    135    136    137    138    149    164    
38    7.999999999999999638e-06    3.4999999999999996934e-05    5.599999999999999916e-05    5    -1    33    36    36    46    1    0    15    143    161    162    165    
39    7.7000000000000001386e-05    9.999999999999999124e-06    5.6999999999999996362e-05    4    27    27    45    48    0    0    126    127    166    167    
40    3.7999999999999995316e-05    7.5999999999999990632e-05    5.6999999999999996362e-05    6    30    37    41    44    50    55    0    0    139    164    168    169    170    171    
41    4.3999999999999998856e-05    6.0999999999999998722e-05    5.800000000000000034e-05    7    25    33    40    42    47    50    67    0    0    115    144    168    172    173    174    175    
42    5.6999999999999996362e-05    4.1000000000000000474e-05    6.20000000000000027e-05    10    26    32    33    35    35    41    46    47    53    53    0    0    121    140    145    152    153    172    176    177    178    179    
43    8.2000000000000000948e-05    8.8999999999999994914e-05    6.20000000000000027e-05    5    29    44    47    49    56    0    0    131    180    181    182    183    
44    6.8999999999999996666e-05    8.9999999999999992116e-05    6.20000000000000027e-05    4    29    40    43    47    0    0    132    169    180    184    
45    8.8999999999999994914e-05    3.999999999999999819e-06    6.7999999999999999464e-05    7    0    0    24    26    39    48    58    0    1    33    34    111    122    166    185    186    
46    2.799999999999999958e-05    2.59999999999999984e-05    6.8999999999999996666e-05    9    33    33    35    36    38    42    59    62    65    0    0    146    147    154    163    165    176    187    188    189    
47    7.3999999999999996228e-05    5.599999999999999916e-05    6.8999999999999996666e-05    8    32    41    42    43    44    51    56    56    0    0    141    173    177    181    184    190    191    192    
48    6.3999999999999997104e-05    9.000000000000000228e-06    6.9999999999999993868e-05    7    35    35    35    39    45    53    61    0    0    155    156    157    167    185    193    194    
49    9.6000000000000002432e-05    7.099999999999999107e-05    7.3999999999999996228e-05    5    0    29    43    51    57    0    1    35    133    182    195    196    
50    2.900000000000000017e-05    7.5999999999999990632e-05    7.9999999999999992992e-05    10    40    41    52    55    55    64    64    67    67    67    0    0    170    174    197    198    199    200    201    202    203    204    
51    9.3999999999999994476e-05    5.3000000000000000778e-05    8.2000000000000000948e-05    6    0    47    49    56    56    63    0    1    36    190    195    205    206    207    
52    1.29999999999999992e-05    6.9999999999999993868e-05    8.2000000000000000948e-05    5    -1    50    60    64    64    1    0    16    197    208    209    210    
53    6.7999999999999999464e-05    2.4000000000000000608e-05    8.299999999999999815e-05    13    26    35    42    42    48    54    58    61    61    62    63    63    65    0    0    123    158    178    179    193    211    212    213    214    215    216    217    218    
54    4.4999999999999996058e-05    9.999999999999999124e-06    8.4999999999999992554e-05    5    35    35    53    61    62    0    0    159    160    211    219    220    
55    3.8999999999999999294e-05    8.9999999999999992116e-05    8.4999999999999992554e-05    5    40    50    50    67    68    0    0    171    198    199    221    222    
56    6.9999999999999993868e-05    7.099999999999999107e-05    8.7999999999999997712e-05    7    43    47    47    51    51    57    66    0    0    183    191    192    205    206    223    224    
57    9.0999999999999989318e-05    8.8999999999999994914e-05    8.8999999999999994914e-05    4    0    0    49    56    0    1    37    38    196    223    
58    9.6999999999999999634e-05    3.999999999999999819e-06    8.9999999999999992116e-05    3    0    45    53    0    1    39    186    212    
59    1.5999999999999999276e-05    2.3000000000000000018e-05    9.0999999999999989318e-05    6    -1    46    60    60    61    62    1    0    17    187    225    226    227    228    
60    9.000000000000000228e-06    3.8999999999999999294e-05    9.0999999999999989318e-05    5    -1    52    59    59    65    1    0    18    208    225    226    229    
61    3.8999999999999999294e-05    4.999999999999999562e-06    9.2000000000000000072e-05    6    48    53    53    54    59    62    0    0    194    213    214    219    227    230    
62    2.9999999999999997372e-05    1.9999999999999998248e-05    9.2000000000000000072e-05    6    46    53    54    59    61    65    0    0    188    215    220    228    230    231    
63    9.2000000000000000072e-05    2.9999999999999997372e-05    9.2000000000000000072e-05    5    0    26    51    53    53    0    1    40    124    207    216    217    
64    1.6999999999999999866e-05    7.2000000000000001824e-05    9.2000000000000000072e-05    6    -1    50    50    52    52    67    1    0    19    200    201    209    210    232    
65    4.6000000000000000036e-05    4.1000000000000000474e-05    9.2999999999999997274e-05    6    33    46    53    60    62    67    0    0    148    189    218    229    231    233    
66    6.20000000000000027e-05    5.800000000000000034e-05    9.3999999999999994476e-05    2    56    67    0    0    224    234    
67    4.4999999999999996058e-05    7.7000000000000001386e-05    9.3999999999999994476e-05    8    41    50    50    50    55    64    65    66    0    0    175    202    203    204    221    232    233    234    
68    6.999999999999999895e-06    9.4999999999999991678e-05    9.4999999999999991678e-05    2    -1    55    1    0    20    222    
69    9.9999999999999995475e-07    1.9999999999999998248e-05    9.7999999999999996836e-05    1    -1    1    0    21    
