13    4.999999999999999562e-05    4.999999999999999562e-05    4.999999999999999562e-05
1    4.6999999999999997238e-05    4.2999999999999994878e-05    1.9999999999999999095e-06    1    -1    1    0    1    
2    4.4999999999999996058e-05    1.0999999999999999714e-05    3.999999999999999819e-06    4    -1    4    6    7    1    0    2    13    14    15    
3    3.100000000000000135e-05    3.8999999999999999294e-05    1.29999999999999992e-05    4    4    6    7    10    0    0    16    17    18    19    
4    1.8000000000000000456e-05    3.9999999999999996496e-05    1.29999999999999992e-05    4    -1    2    3    6    1    0    3    13    16    20    
5    9.9999999999999995475e-07    9.9999999999999995475e-07    1.8999999999999997658e-05    0    0    0    
6    2.3000000000000000018e-05    6.999999999999999895e-06    1.9999999999999998248e-05    8    -1    2    3    4    9    10    10    10    1    0    4    14    17    20    21    22    23    24    
7    4.3999999999999998856e-05    2.499999999999999781e-05    2.4000000000000000608e-05    4    2    3    9    11    0    0    15    18    25    26    
8    0    3.000000000000000076e-06    2.59999999999999984e-05    0    0    0    
9    4.2999999999999994878e-05    4.999999999999999562e-06    3.1999999999999998552e-05    4    0    6    7    10    0    1    5    21    25    27    
10    1.8999999999999997658e-05    2.0999999999999998838e-05    3.8999999999999999294e-05    8    0    3    6    6    6    9    11    13    0    1    6    19    22    23    24    27    28    29    
11    3.9999999999999996496e-05    3.8999999999999999294e-05    3.9999999999999996496e-05    4    0    0    7    10    0    1    7    8    26    28    
12    3.999999999999999819e-06    4.3999999999999998856e-05    4.2999999999999994878e-05    3    0    0    13    0    1    9    10    30    
13    1.0999999999999999714e-05    7.999999999999999638e-06    4.4999999999999996058e-05    4    0    0    10    12    0    1    11    12    29    30    
