234
1    -1    5    6.3309518948453009934e-06    0.039449755802013097838    9.6046863561492715341e-06
2    -1    10    7.5000000000000078133e-06    0.0341322815533981333    9.1241437954473301336e-06
3    -1    11    4.9999999999999997737e-07    0.0062500000000000003469    4.114911906711977242e-05
4    -1    13    1.5000000000000004615e-06    0.024456521739130453186    1.1180339887498953947e-06
5    -1    16    4.500000000000000114e-06    0.020833333333333335646    1.1842719282327011032e-05
6    -1    24    7.208203932499368428e-06    0.018690001414568113702    1.0500000000000002807e-05
7    -1    27    3.3284271247461867958e-06    0.061546817359700946304    1.6286497474902329578e-05
8    -1    28    1.4999999999999970734e-06    0.033088235294117515628    2.8674901917879336836e-05
9    -1    28    6.8245553203367629124e-06    0.033458732270356908445    6.8007352543677217164e-06
10    -1    35    6.8245553203367586773e-06    0.033555155129925628987    2.4418230894149566424e-05
11    -1    37    9.500000000000000523e-06    0.049048913043478269136    1.5660459763365825982e-05
12    -1    46    6.156854249492383461e-06    0.032233719599908526587    7.0178344238090960351e-06
13    -1    49    4.7426406871192876695e-06    0.014492680855102647516    1.0735455276791945243e-05
14    -1    57    4.9999999999999997737e-07    0.012500000000000000694    6.1032778078668511239e-06
15    -1    57    3.4999999999999999475e-06    0.045708955223880597118    7.0178344238090968821e-06
16    -1    59    4.6231056256176625811e-06    0.024623393577900554163    4.500000000000000961e-06
17    -1    63    5.4999999999999973159e-06    0.016263440860215042094    4.7169905660283050711e-06
18    -1    63    4.9999999999999997737e-07    0.0625    1.9627786426390524571e-05
19    7    0    2.5000000000000002045e-06    0.031887755102040823973    1.3499999999999999495e-05
20    7    0    2.7360679774997876963e-06    0.027522308740808014427    1.2658988901172161693e-05
21    12    0    4.7426406871192885165e-06    0.031769266507230678465    2.6518861212352231682e-05
22    12    0    4.1055512754639873763e-06    0.02718637302494189556    1.6918924315688617588e-05
23    17    0    6.500000000000000447e-06    0.01796343537414966246    3.1642534664593475568e-05
24    17    0    4.5000000000000026551e-06    0.022600446428571455831    1.709532099727875375e-05
25    23    0    7.5710678118654750173e-06    0.025498695645847627156    4.0311288741492672802e-06
26    30    0    4.9999999999999997737e-07    0.0625    1.4150971698084901661e-05
27    30    0    4.9999999999999997737e-07    0.0625    1.2539936203984446394e-05
28    31    0    1.9142135623730910043e-06    0.019914204143331955266    8.6168439698070317797e-06
29    36    0    6.5827625302982167136e-06    0.02967997433582067468    4.0311288741492672802e-06
30    41    0    3.4999999999999914772e-06    0.046401515151514929891    3.1878676258590151024e-05
31    44    0    4.1055512754639975407e-06    0.034540064089065694586    1.2658988901172159999e-05
32    45    0    3.3284271247461914545e-06    0.031119177316702811148    9.500000000000000523e-06
33    56    0    1.4999999999999970734e-06    0.0624999999999997502    1.3829316685939330902e-05
34    56    0    7.2082039324993692751e-06    0.036283661964035880676    1.7642278764377353277e-05
35    56    0    6.499999999999998753e-06    0.029422005571030630106    2.1266170318136736421e-05
36    60    0    4.9999999999999997737e-07    0.0089285714285714298105    1.8309833423600549137e-05
37    60    0    3.6622776601683832978e-06    0.028415842500356801315    1.1324751652906121048e-05
38    70    0    5.499999999999999857e-06    0.048477564102564110748    4.031128874149263045e-06
39    2    3    2.499999999999999781e-06    0.027901785714285712303    2.5207570743765675566e-05
40    2    4    3.0495097567963875862e-06    0.018163104993742896359    2.3878896996879362384e-05
41    2    12    1.2071067811865467085e-06    0.020237594183146467852    2.3548269643317689466e-05
42    2    26    1.2071067811865467085e-06    0.030356391274719698309    5.2128793479711162378e-05
43    4    8    3.5822070014844889429e-06    0.016040258751855617642    1.9344966864388031237e-05
44    4    9    1.7247448713915880021e-06    0.027543933994366536638    4.3008399082026992836e-05
45    4    17    1.500000000000000038e-06    0.020089285714285719242    6.4275127847001516709e-05
46    4    20    3.5822070014844859783e-06    0.027419245729667682254    3.0643089515191928272e-05
47    4    21    2.84520787991171554e-06    0.015448869999831527089    4.4836187047275911216e-05
48    4    26    1.4999999999999970734e-06    0.026785714285714180144    6.0880071663969097489e-05
49    5    9    3.0495097567963930919e-06    0.017221314364437769612    4.0603381830934767195e-05
50    5    10    2.4999999999999993575e-06    0.035511363636363618701    3.9259481256580266409e-05
51    5    16    2.4999999999999993575e-06    0.030637254901960769143    2.9099835484588556622e-05
52    5    16    3.0495097567963918214e-06    0.025831971546656638805    4.3139469218137822424e-05
53    7    17    4.9999999999999997737e-07    0.03125    3.2510963526032477921e-05
54    7    19    1.7247448713915888491e-06    0.01770681471066421972    3.82154874224294641e-05
55    8    11    1.500000000000000038e-06    0.024456521739130439308    4.9593260518901513404e-05
56    8    11    4.035533905932734268e-06    0.037352141986084205771    2.1917048545398543178e-05
57    8    14    3.6622776601683790626e-06    0.030482449227655410151    2.1372437314104211488e-05
58    9    14    4.6833001326703780495e-06    0.019375706830980901629    2.9156978678915730337e-05
59    9    19    5.1368092477478511851e-06    0.031714914961235393664    2.0833000759949878156e-05
60    9    21    3.7403703492039330522e-06    0.034629629577237502902    3.0958000854066984023e-05
61    9    21    4.9999999999999997737e-07    0.0625    3.7735291193131040148e-05
62    10    11    5.347679857416329978e-06    0.030166328963519350309    2.9528993835078922586e-05
63    10    14    2.370828693386969998e-06    0.018989286126307323294    3.5036120949826537649e-05
64    10    16    2.08113883008418862e-06    0.015923304522368328384    5.0323951585904643554e-05
65    10    27    1.2071067811865456497e-06    0.033116063208785066763    3.193614307693457791e-05
66    10    27    2.0811388300841937022e-06    0.033837022110032866085    3.2605595397566499165e-05
67    10    28    1.500000000000000038e-06    0.021634615384615391021    3.14349699423227121e-05
68    11    14    2.0811388300841903141e-06    0.03184660904473671228    4.1449704489858108154e-05
69    11    14    2.08113883008418862e-06    0.024608743352751052957    4.2538409112862942795e-05
70    11    14    3.049509756796393939e-06    0.016606267422850717191    3.4780679746336748697e-05
71    11    24    1.4999999999999970734e-06    0.026785714285714180144    4.2633821619396321365e-05
72    11    26    6.0226805085936286133e-06    0.010899242941284137398    3.1443159634015252339e-05
73    11    27    2.232050807568882304e-06    0.015968111562720835317    3.2783488152380904613e-05
74    12    17    4.035533905932734268e-06    0.042856668173507139752    5.3748669408445790105e-05
75    12    20    4.4370039370059091409e-06    0.03259437737914891442    2.4607019295775796048e-05
76    12    22    2.4999999999999942753e-06    0.015318627450980322122    3.4058434462494129968e-05
77    12    23    1.4999999999999970734e-06    0.016071428571428510862    2.4374406438622494463e-05
78    12    26    3.0495097567963867392e-06    0.024217473324990513445    6.6518314410437195342e-05
79    14    18    1.5000000000000004615e-06    0.028125000000000021511    4.0401438774457835935e-05
80    14    21    4.0355339059327385032e-06    0.014592772317144038843    4.6731213330497632479e-05
81    14    32    2.0811388300841915846e-06    0.023538797989588033238    5.0635778218561199298e-05
82    14    35    3.0495097567963918214e-06    0.017747156024420590592    4.0896521148732332572e-05
83    16    18    4.1055512754639873763e-06    0.023281148170530351765    1.8119869599598147861e-05
84    16    28    4.9999999999999997737e-07    0.0625    5.0275545853042699997e-05
85    16    28    4.9999999999999997737e-07    0.0625    4.9959880811285183261e-05
86    16    37    2.370828693386969998e-06    0.041329622745492407276    4.1049809640307067876e-05
87    17    19    1.724744871391587155e-06    0.039141379886731358928    4.7450007914818480563e-05
88    17    19    1.2071067811865456497e-06    0.045534586912079469401    2.9902893563121755983e-05
89    17    20    2.5000000000000010515e-06    0.043402777777777817869    3.7201047467165287898e-05
90    17    21    2.2320508075688763747e-06    0.023952167344081121136    2.3355046069996835957e-05
91    17    21    3.4154759474226485266e-06    0.034310223374772470806    2.7144294358213879583e-05
92    17    34    2.3708286933869670334e-06    0.021956362083542787372    4.8760570069239779858e-05
93    17    36    4.9999999999999997737e-07    0.015625    2.8585352897945679742e-05
94    17    36    2.3708286933869657629e-06    0.0319365266669712905    3.4524945729509411293e-05
95    18    19    3.0495097567963918214e-06    0.04305328591109439107    3.6104421307473153206e-05
96    18    33    2.8452078799117142695e-06    0.023809434940916800183    3.6993616057251561455e-05
97    19    21    6.4160797830996164787e-06    0.028118906955669143582    1.5447488588697508353e-05
98    19    33    3.5822070014844847077e-06    0.032404563135061778545    2.5432517156377559852e-05
99    19    34    3.0495097567963888568e-06    0.038112744904903163301    2.3928614694849110773e-05
100    20    21    3.5000000000000050297e-06    0.022854477611940364479    2.8321640344775663481e-05
101    20    25    4.8011626335213167591e-06    0.020879676298479480506    1.6973846204525160758e-05
102    21    30    3.415475947422656997e-06    0.027003416544959947532    3.0144080003297628247e-05
103    21    33    2.5000000000000010515e-06    0.035511363636363667273    4.1380377413719200805e-05
104    22    23    3.0495097567963918214e-06    0.015295246310520378696    2.4566431977893968123e-05
105    22    29    3.5822070014844825901e-06    0.018982554735923740791    2.1784741998367919847e-05
106    23    29    1.5000000000000038496e-06    0.020089285714285819856    2.5536964934081602833e-05
107    24    26    6.1568542494923783788e-06    0.02455107140511162897    2.4499605274795576007e-05
108    24    26    4.9999999999999997737e-07    0.020833333333333332177    3.9098886633459452116e-05
109    24    27    3.4999999999999948653e-06    0.026400862068965441631    2.765522949400434484e-05
110    24    46    1.4999999999999970734e-06    0.05113636363636343829    4.1494114809188394045e-05
111    25    26    1.7247448713915884256e-06    0.026560222065996313967    4.9520842390346802491e-05
112    25    32    2.0811388300841852319e-06    0.020822782836943134338    2.6627828476196460606e-05
113    25    33    4.0355339059327410443e-06    0.026610349519497984716    4.2688536011075296078e-05
114    25    42    2.3708286933869708451e-06    0.026513342893334772982    2.995554081935956179e-05
115    26    27    2.8452078799117151165e-06    0.013674337634986009904    2.6866879066484328654e-05
116    26    29    3.415475947422643868e-06    0.023710316966306117098    5.4737506287594951985e-05
117    26    29    3.0495097567963943625e-06    0.030998365855988019996    5.5953069763969962187e-05
118    26    29    4.9999999999999997737e-07    0.020833333333333332177    6.0477281344219484434e-05
119    26    32    4.7426406871192876695e-06    0.014605610835791760227    3.2433388493628054455e-05
120    26    43    4.9999999999999997737e-07    0.012500000000000000694    4.8086539854394355913e-05
121    26    46    1.724744871391585461e-06    0.022535945995390736785    4.6933985201331736119e-05
122    26    54    3.4154759474226468326e-06    0.022963535329572102445    5.4101007433023796782e-05
123    26    65    1.4999999999999970734e-06    0.026785714285714180144    5.7745846736848317478e-05
124    27    28    3.5000000000000050297e-06    0.028356481481481565776    1.8275458823716732179e-05
125    27    40    1.5000000000000106259e-06    0.024456521739130782783    2.0883581859491256018e-05
126    27    40    1.4999999999999970734e-06    0.04687499999999981265    2.059699673844995251e-05
127    28    35    2.7360679774997910844e-06    0.011139982109374698196    1.9237514007705653544e-05
128    29    31    2.0811388300841915846e-06    0.013204691555134749972    2.2638922940077671215e-05
129    29    32    4.5620192023179809271e-06    0.010750009918552679705    2.63362822486700536e-05
130    29    44    2.2320508075688763747e-06    0.037742809148249040208    2.0995633529830251703e-05
131    29    45    4.0355339059327410443e-06    0.031079263179261004679    2.4775236438704571979e-05
132    29    50    1.5000000000000038496e-06    0.035156250000000180411    5.1787368250522093866e-05
133    30    36    3.7403703492039347463e-06    0.019217541688466989458    2.228919791562347484e-05
134    30    38    4.9999999999999997737e-07    0.03125    1.9217378697926054481e-05
135    30    38    4.9999999999999997737e-07    0.03125    1.9162358175744675915e-05
136    30    38    4.9999999999999997737e-07    0.015625    2.0635039235064661569e-05
137    30    41    4.1742346141747651103e-06    0.015956258804189334122    1.8110000627491075064e-05
138    32    43    2.0811388300841852319e-06    0.045116029480043451372    2.8868774875799056229e-05
139    32    48    6.3309518948453026875e-06    0.020325026315844488961    2.1799426533731378677e-05
140    33    34    3.415475947422644715e-06    0.026273594476177056928    2.3275115493532235183e-05
141    33    39    3.3284271247461906075e-06    0.022889312241211146742    2.1799426533731385453e-05
142    33    42    4.8011626335213074417e-06    0.012950091367146773433    2.7561116294741343018e-05
143    33    43    2.5000000000000010515e-06    0.029481132075471722792    4.0039936203984454149e-05
144    33    47    4.035533905932734268e-06    0.016029068805051879809    3.1576533467912460676e-05
145    33    47    4.9999999999999997737e-07    0.03125    3.4165372278151897895e-05
146    33    67    2.0811388300841915846e-06    0.037337403707622396354    5.0382608331990812612e-05
147    34    38    3.0495097567963905508e-06    0.030998365855987943668    2.381906960644024411e-05
148    35    37    4.2416573867739413951e-06    0.020823677530988359691    3.8238120112722064222e-05
149    35    37    3.4999999999999999475e-06    0.026630434782608698036    4.7038715520283972359e-05
150    35    43    2.370828693386969151e-06    0.035130179333668520858    3.5286970832147475569e-05
151    35    43    3.4154759474226485266e-06    0.031358806310275912088    2.9896491161694235394e-05
152    35    47    5.9772255750516616485e-06    0.01600682149419877659    2.3725786663324291989e-05
153    35    49    4.4370039370059065998e-06    0.023891995069181937161    2.8541836398266750316e-05
154    35    49    4.9999999999999997737e-07    0.0625    4.267399090549351228e-05
155    35    49    1.4999999999999970734e-06    0.040178571428571271951    4.1767465109812448453e-05
156    35    54    2.4999999999999976634e-06    0.011160714285714265145    4.2009278065802314493e-05
157    35    55    2.2320508075688780688e-06    0.035586077196920584687    3.3790658502809721485e-05
158    35    55    3.4154759474226476796e-06    0.038884919824742111838    3.336340680930872509e-05
159    36    38    2.3708286933869725391e-06    0.025092985238334732101    1.8666480353058264127e-05
160    37    39    1.500000000000000038e-06    0.023437500000000003469    2.6011952054894643053e-05
161    37    39    1.9142135623730922749e-06    0.025445927516479751457    2.5786115128497338932e-05
162    37    47    4.8011626335213091358e-06    0.014929509477669218945    3.2645247311624057246e-05
163    38    41    3.0495097567963918214e-06    0.019870747343582028516    1.7824178716170853995e-05
164    39    47    4.4370039370059040587e-06    0.030954408705984110678    2.6416216103991539406e-05
165    40    46    2.4999999999999993575e-06    0.026483050847457619004    1.8590291261983874589e-05
166    40    49    3.0495097567963892803e-06    0.03811274490490317024    2.0365551530036809114e-05
167    41    42    3.7403703492039258524e-06    0.019008655365766170126    2.105614535999467734e-05
168    41    45    4.0355339059327410443e-06    0.019114476415414045213    3.5403840825599629792e-05
169    41    51    3.5822070014844897899e-06    0.023246751814283515142    2.9635930703016130443e-05
170    41    56    4.5620192023179809271e-06    0.030605910591644098356    3.3158988901172155154e-05
171    42    43    3.0495097567963850451e-06    0.028010571556615505157    2.8828903850814067706e-05
172    42    48    3.5822070014844936015e-06    0.035253315938144305641    3.2810993133710678591e-05
173    42    51    3.3284271247461965367e-06    0.030773408679850650094    3.1400653715163467017e-05
174    42    69    1.4999999999999970734e-06    0.037499999999999859834    4.4171491836127842808e-05
175    43    47    1.914213562373095663e-06    0.032716192521188368347    3.4536838952544909095e-05
176    43    48    4.6231056256176642752e-06    0.021632698001637345325    2.6427452305912297595e-05
177    43    54    3.6622776601683832978e-06    0.014452885409664233476    3.1960533272179953443e-05
178    43    54    1.2071067811865456497e-06    0.040475188366292859377    3.4039187450787595937e-05
179    44    45    5.0276925690687093991e-06    0.017313488061005972984    2.0896180048887953511e-05
180    44    48    4.6231056256176625811e-06    0.02496858133833841295    4.9328102818084977989e-05
181    44    50    4.1055512754639899174e-06    0.021499427647275505537    2.7996850551350129822e-05
182    44    58    1.724744871391585461e-06    0.017295028322044051633    3.6277759356585693345e-05
183    45    48    2.7360679774997953196e-06    0.02793308946828291367    4.4100599421130591701e-05
184    46    49    4.9999999999999997737e-07    0.0078125    3.4753885449134461704e-05
185    46    59    1.500000000000000038e-06    0.01081730769230769551    2.2082641181991144073e-05
186    47    61    1.7247448713915884256e-06    0.030986925743662362825    3.2289722758313330997e-05
187    47    64    1.5000000000000004615e-06    0.023437500000000013878    2.4468960545709307272e-05
188    47    67    3.3284271247461914545e-06    0.039565811159807860731    3.6295202707972007558e-05
189    48    52    3.4999999999999982534e-06    0.020416666666666652419    2.5028756052104387712e-05
190    48    58    2.2320508075688801864e-06    0.031137817547305563642    3.272597087228941925e-05
191    48    58    2.0811388300841852319e-06    0.031846609044736552685    2.9780121662506115453e-05
192    49    54    3.3284271247461914545e-06    0.015559588658351405574    2.0376405395314285262e-05
193    49    63    2.8452078799117138459e-06    0.024092880594975329966    3.794586674569671626e-05
194    50    52    3.6622776601683832978e-06    0.022503821577463774956    2.4272444855365889942e-05
195    50    60    3.7403703492039207702e-06    0.042653568137816642858    2.352800566215250858e-05
196    51    53    3.049509756796395633e-06    0.024472394096832668364    1.9561389743524466053e-05
197    51    56    4.9999999999999997737e-07    0.0625    2.8117665895805213881e-05
198    51    56    4.6833001326703772025e-06    0.013309041342639788691    1.9370019689099067913e-05
199    51    66    4.9999999999999997737e-07    0.020833333333333332177    4.3695588030119511807e-05
200    51    66    4.5000000000000026551e-06    0.0330882352941176891    1.9208243919473804747e-05
201    51    69    1.5000000000000038496e-06    0.024456521739130564208    2.3769308689447998345e-05
202    51    69    4.9999999999999997737e-07    0.0625    2.5023092564266789009e-05
203    51    69    1.2071067811865456497e-06    0.045534586912079469401    2.1324826011312830406e-05
204    52    58    1.4999999999999970734e-06    0.035156249999999861222    3.1715396339056657182e-05
205    52    58    1.2071067811865456497e-06    0.040475188366292859377    3.4784880029413196986e-05
206    52    65    3.4999999999999914772e-06    0.025102459016393321306    2.6990674314946264958e-05
207    53    62    2.5000000000000078278e-06    0.035511363636363861562    3.3567000292217353337e-05
208    53    66    4.9999999999999997737e-07    0.03125    2.8020455997408184331e-05
209    53    66    4.9721359549995827208e-06    0.019253999964952969032    1.1289919853631280122e-05
210    54    55    4.9999999999999997737e-07    0.012500000000000000694    2.8107794065928398529e-05
211    54    63    4.9999999999999997737e-07    0.020833333333333332177    3.5915367363699150674e-05
212    54    63    1.4999999999999970734e-06    0.01041666666666662619    4.9694273645530838489e-05
213    54    64    1.5000000000000004615e-06    0.025568181818181837106    3.9664403038566650945e-05
214    54    65    3.0495097567963850451e-06    0.022792916070579285343    2.7466624136311780171e-05
215    54    65    1.4999999999999970734e-06    0.037499999999999859834    3.3756615182017638498e-05
216    54    67    3.6622776601683854154e-06    0.018322783688754677028    3.1240632872271128649e-05
217    55    63    3.415475947422656997e-06    0.014879433606406500604    1.0648780760069139162e-05
218    55    64    2.0811388300841915846e-06    0.028494334408448677293    1.984077084613470213e-05
219    56    69    4.1055512754639941525e-06    0.014140563150557072108    2.8175332449249783785e-05
220    56    70    3.049509756796395633e-06    0.030193213496092250608    3.5289850210968177601e-05
221    57    61    1.500000000000000038e-06    0.028125000000000004163    2.5983160884165034716e-05
222    57    63    4.9999999999999997737e-07    0.0089285714285714298105    3.9185986992274109142e-05
223    58    60    2.5000000000000078278e-06    0.025614754098360816015    2.8226949068638013606e-05
224    58    68    3.4154759474226582675e-06    0.033911267289019497717    2.0060461224378853685e-05
225    59    63    4.9999999999999997737e-07    0.03125    6.0475873188615996605e-05
226    61    62    4.9999999999999997737e-07    0.0078125    3.9596065347847974008e-05
227    61    62    4.0355339059327427384e-06    0.021889158475716100766    1.7611874208078338188e-05
228    61    64    4.5000000000000026551e-06    0.046444954128440428531    1.4402711140232220374e-05
229    62    67    4.4370039370058981295e-06    0.035155364173224713797    3.8900915392095589823e-05
230    63    64    4.1742346141747676514e-06    0.014520195511812312647    2.0213128187785599698e-05
231    64    67    3.0495097567963981741e-06    0.01774715602442066345    2.6554747296348314017e-05
232    66    69    3.3284271247462011954e-06    0.033775692453494703116    3.2598547220467610764e-05
233    67    69    2.3708286933869818565e-06    0.016728656825556621063    4.192937259438490183e-05
234    68    69    3.4999999999999914772e-06    0.034027777777777615253    2.6674915778553113822e-05
