222    0.00014999999999999998686    0.00014999999999999998686    0.00014999999999999998686
1    9.9999999999999995475e-07    3.999999999999999819e-06    9.9999999999999995475e-07    1    -1    1    0    1    
2    0.00014699999999999999525    1.399999999999999979e-05    9.9999999999999995475e-07    1    -1    1    0    2    
3    8.299999999999999815e-05    0.00014899999999999998966    9.9999999999999995475e-07    1    -1    1    0    3    
4    4.2999999999999994878e-05    0.00012100000000000000024    3.000000000000000076e-06    3    -1    11    20    1    0    4    88    89    
5    0.00013500000000000000173    0.00010899999999999999316    3.999999999999999819e-06    4    -1    -1    24    43    1    0    5    6    90    91    
6    9.000000000000000228e-06    0.00011899999999999999229    3.999999999999999819e-06    5    -1    11    12    25    48    1    0    7    92    93    94    95    
7    6.20000000000000027e-05    0.00013500000000000000173    3.999999999999999819e-06    4    -1    -1    18    20    1    0    8    9    96    97    
8    0.00012100000000000000024    2.9999999999999997372e-05    4.999999999999999562e-06    4    -1    27    32    41    1    0    10    98    99    100    
9    4.999999999999999562e-06    4.3999999999999998856e-05    4.999999999999999562e-06    5    -1    13    16    26    42    1    0    11    101    102    103    104    
10    7.7999999999999998588e-05    5.399999999999999798e-05    4.999999999999999562e-06    4    -1    17    30    35    1    0    12    105    106    107    
11    3.6999999999999998114e-05    0.0001049999999999999908    4.999999999999999562e-06    7    -1    4    6    17    23    28    39    1    0    13    88    92    108    109    110    111    
12    1.8000000000000000456e-05    0.00013899999999999999053    4.999999999999999562e-06    4    -1    6    25    39    1    0    14    93    112    113    
13    1.29999999999999992e-05    1.29999999999999992e-05    6.000000000000000152e-06    10    -1    -1    9    15    29    33    42    42    52    52    1    0    15    16    101    114    115    116    117    118    119    120    
14    4.3999999999999998856e-05    1.0999999999999999714e-05    6.999999999999999895e-06    7    -1    -1    15    22    33    53    65    1    0    17    18    121    122    123    124    125    
15    4.6000000000000000036e-05    2.699999999999999899e-05    6.999999999999999895e-06    9    -1    13    14    16    17    32    33    34    37    1    0    19    114    121    126    127    128    129    130    131    
16    2.59999999999999984e-05    5.4999999999999995182e-05    6.999999999999999895e-06    6    -1    9    15    17    34    55    1    0    20    102    126    132    133    134    
17    4.4999999999999996058e-05    6.2999999999999999902e-05    6.999999999999999895e-06    10    -1    -1    10    11    15    16    23    28    35    49    1    0    21    22    105    108    127    132    135    136    137    138    
18    8.0999999999999990194e-05    0.00012199999999999999744    6.999999999999999895e-06    7    -1    7    20    24    30    54    54    1    0    23    96    139    140    141    142    143    
19    0.00012799999999999999421    0.00014199999999999998214    6.999999999999999895e-06    7    -1    24    40    40    54    68    68    1    0    24    144    145    146    147    148    149    
20    6.7000000000000002262e-05    0.00011199999999999999832    7.999999999999999638e-06    8    -1    -1    -1    4    7    18    30    47    1    0    25    26    27    89    97    139    150    151    
21    2.59999999999999984e-05    0.00012299999999999998109    7.999999999999999638e-06    0    0    0    
22    8.5999999999999989756e-05    9.000000000000000228e-06    9.000000000000000228e-06    4    -1    -1    14    32    1    0    28    29    122    152    
23    1.9999999999999998248e-05    8.3999999999999995352e-05    9.999999999999999124e-06    5    -1    11    17    26    46    1    0    30    109    135    153    154    
24    0.00011199999999999999832    0.0001250000000000000026    9.999999999999999124e-06    8    -1    5    18    19    30    30    54    61    1    0    31    90    140    144    155    156    157    158    
25    3.999999999999999819e-06    0.00014099999999999998494    1.2000000000000000304e-05    6    6    12    48    48    67    67    0    0    94    112    159    160    161    162    
26    6.999999999999999895e-06    7.2000000000000001824e-05    1.29999999999999992e-05    6    -1    9    23    46    48    78    1    0    32    103    153    163    164    165    
27    0.00013999999999999998774    7.099999999999999107e-05    1.399999999999999979e-05    3    8    56    59    0    0    98    166    167    
28    4.8999999999999998418e-05    8.2000000000000000948e-05    1.399999999999999979e-05    7    -1    11    17    30    45    46    47    1    0    33    110    136    168    169    170    171    
29    2.900000000000000017e-05    3.000000000000000076e-06    1.4999999999999998686e-05    2    13    33    0    0    115    172    
30    8.4999999999999992554e-05    9.4999999999999991678e-05    1.4999999999999998686e-05    22    -1    -1    -1    10    18    20    24    24    28    31    35    35    44    44    49    58    61    62    66    82    88    99    1    0    34    35    36    106    141    150    155    156    168    173    174    175    176    177    178    179    180    181    182    183    184    185    
31    0.00011499999999999998993    5.0999999999999999598e-05    1.5999999999999999276e-05    5    -1    30    44    44    56    1    0    37    173    186    187    188    
32    9.2999999999999997274e-05    1.5999999999999999276e-05    1.8000000000000000456e-05    6    -1    8    15    22    37    50    1    0    38    99    128    152    189    190    
33    3.3999999999999999732e-05    1.4999999999999998686e-05    1.9999999999999998248e-05    7    13    14    15    29    53    65    65    0    0    116    123    129    172    191    192    193    
34    3.2999999999999995754e-05    3.6999999999999998114e-05    1.9999999999999998248e-05    5    15    16    55    64    75    0    0    130    133    194    195    196    
35    8.7999999999999997712e-05    6.20000000000000027e-05    1.9999999999999998248e-05    6    10    17    30    30    44    49    0    0    107    137    174    175    197    198    
36    4.6000000000000000036e-05    0.00014799999999999999246    1.9999999999999998248e-05    1    60    0    0    199    
37    7.099999999999999107e-05    3.8999999999999999294e-05    2.0999999999999998838e-05    6    15    32    44    49    64    65    0    0    131    189    200    201    202    203    
38    2.59999999999999984e-05    6.7999999999999999464e-05    2.1999999999999999428e-05    1    46    0    0    204    
39    3.3999999999999999732e-05    0.00013300000000000000732    2.1999999999999999428e-05    11    11    12    47    47    48    48    48    60    60    67    83    0    0    111    113    205    206    207    208    209    210    211    212    213    
40    0.00014500000000000000085    0.00011699999999999999788    2.3000000000000000018e-05    5    19    19    43    76    80    0    0    145    146    214    215    216    
41    0.00013099999999999998581    9.000000000000000228e-06    2.4000000000000000608e-05    6    -1    -1    8    63    72    72    1    0    39    40    100    217    218    219    
42    3.999999999999999819e-06    2.9999999999999997372e-05    2.4000000000000000608e-05    4    9    13    13    52    0    0    104    117    118    220    
43    0.00013099999999999998581    9.999999999999999124e-05    2.4000000000000000608e-05    3    5    40    61    0    0    91    214    221    
44    9.0999999999999989318e-05    5.599999999999999916e-05    2.499999999999999781e-05    14    30    30    31    31    35    37    49    50    56    57    73    88    88    88    0    0    176    177    186    187    197    200    222    223    224    225    226    227    228    229    
45    4.4999999999999996058e-05    7.7999999999999998588e-05    2.499999999999999781e-05    2    28    58    0    0    169    230    
46    2.3000000000000000018e-05    9.0999999999999989318e-05    2.59999999999999984e-05    9    23    26    28    38    47    47    48    70    79    0    0    154    163    170    204    231    232    233    234    235    
47    6.2999999999999999902e-05    0.00010899999999999999316    2.59999999999999984e-05    11    20    28    39    39    46    46    60    66    70    70    74    0    0    151    171    205    206    231    232    236    237    238    239    240    
48    1.4999999999999998686e-05    0.00011699999999999999788    2.699999999999999899e-05    11    6    25    25    26    39    39    39    46    67    91    93    0    0    95    159    160    164    207    208    209    233    241    242    243    
49    7.2000000000000001824e-05    6.0999999999999998722e-05    2.900000000000000017e-05    7    17    30    35    37    44    64    85    0    0    138    178    198    201    222    244    245    
50    0.0001029999999999999964    2.499999999999999781e-05    2.9999999999999997372e-05    4    32    44    57    69    0    0    190    223    246    247    
51    7.5999999999999990632e-05    0.00014400000000000000365    2.9999999999999997372e-05    5    54    60    60    77    77    0    0    248    249    250    251    252    
52    6.999999999999999895e-06    1.8999999999999997658e-05    3.100000000000000135e-05    5    13    13    42    75    96    0    0    119    120    220    253    254    
53    4.6999999999999997238e-05    2.0999999999999998838e-05    3.100000000000000135e-05    5    14    33    65    65    75    0    0    124    191    255    256    257    
54    0.0001019999999999999992    0.00013199999999999998302    3.1999999999999998552e-05    10    18    18    19    24    51    66    77    77    80    82    0    0    142    143    147    157    248    258    259    260    261    262    
55    2.699999999999999899e-05    5.3000000000000000778e-05    3.2999999999999995754e-05    4    16    34    78    98    0    0    134    194    263    264    
56    0.00014300000000000000645    6.20000000000000027e-05    3.2999999999999995754e-05    12    27    31    44    57    57    59    63    63    81    87    88    88    0    0    166    188    224    265    266    267    268    269    270    271    272    273    
57    0.00011799999999999999508    3.7999999999999995316e-05    3.3999999999999999732e-05    6    44    50    56    56    63    81    0    0    225    246    265    266    274    275    
58    5.4999999999999995182e-05    6.7999999999999999464e-05    3.3999999999999999732e-05    4    30    45    85    85    0    0    179    230    276    277    
59    0.00014699999999999999525    8.299999999999999815e-05    3.3999999999999999732e-05    3    27    56    88    0    0    167    267    278    
60    4.999999999999999562e-05    0.00013999999999999998774    3.3999999999999999732e-05    7    36    39    39    47    51    51    74    0    0    199    210    211    236    249    250    279    
61    0.0001240000000000000054    0.00010100000000000000199    3.4999999999999996934e-05    6    24    30    43    62    80    88    0    0    158    180    221    280    281    282    
62    0.00011299999999999999552    8.3999999999999995352e-05    3.6000000000000000912e-05    3    30    61    88    0    0    181    280    283    
63    0.00013799999999999999333    2.1999999999999999428e-05    3.7999999999999995316e-05    8    41    56    56    57    81    87    112    118    0    0    217    268    269    274    284    285    286    287    
64    5.0999999999999999598e-05    4.4999999999999996058e-05    3.8999999999999999294e-05    7    34    37    49    65    75    84    85    0    0    195    202    244    288    289    290    291    
65    6.0999999999999998722e-05    2.4000000000000000608e-05    3.9999999999999996496e-05    14    14    33    33    37    53    53    64    71    71    75    75    84    86    89    0    0    125    192    193    203    255    256    288    292    293    294    295    296    297    298    
66    7.099999999999999107e-05    0.00010999999999999999036    3.9999999999999996496e-05    7    30    47    54    70    77    82    100    0    0    182    237    258    299    300    301    302    
67    4.999999999999999562e-06    0.00014400000000000000365    3.9999999999999996496e-05    4    25    25    39    48    0    0    161    162    212    241    
68    0.00013400000000000000452    0.00014500000000000000085    3.9999999999999996496e-05    4    19    19    76    101    0    0    148    149    303    304    
69    0.0001029999999999999964    2.3000000000000000018e-05    4.1000000000000000474e-05    5    50    72    81    86    111    0    0    247    305    306    307    308    
70    5.3000000000000000778e-05    0.00010100000000000000199    4.1999999999999997676e-05    6    46    47    47    66    74    100    0    0    234    238    239    299    309    310    
71    8.700000000000000051e-05    7.999999999999999638e-06    4.2999999999999994878e-05    7    65    65    72    86    89    107    107    0    0    292    293    311    312    313    314    315    
72    0.00010899999999999999316    1.29999999999999992e-05    4.2999999999999994878e-05    4    41    41    69    71    0    0    218    219    305    311    
73    0.0001019999999999999992    4.6999999999999997238e-05    4.2999999999999994878e-05    4    44    81    88    111    0    0    226    316    317    318    
74    4.1999999999999997676e-05    0.00012199999999999999744    4.2999999999999994878e-05    11    47    60    70    77    77    83    91    91    97    116    116    0    0    240    279    309    319    320    321    322    323    324    325    326    
75    1.6999999999999999866e-05    2.499999999999999781e-05    4.6000000000000000036e-05    15    34    52    53    64    65    65    78    92    96    96    96    103    109    132    155    0    0    196    253    257    289    294    295    327    328    329    330    331    332    333    334    335    
76    0.00013899999999999999053    0.00012799999999999999421    4.6000000000000000036e-05    3    40    68    80    0    0    215    303    336    
77    8.5999999999999989756e-05    0.00013899999999999999053    4.6000000000000000036e-05    11    51    51    54    54    66    74    74    82    101    114    116    0    0    251    252    259    260    300    319    320    337    338    339    340    
78    4.999999999999999562e-06    5.6999999999999996362e-05    4.6999999999999997238e-05    6    26    55    75    95    98    109    0    0    165    263    327    341    342    343    
79    2.1999999999999999428e-05    8.4999999999999992554e-05    4.6999999999999997238e-05    2    46    98    0    0    235    344    
80    0.00011899999999999999229    0.00011399999999999999272    4.6999999999999997238e-05    7    40    54    61    76    82    101    128    0    0    216    261    281    336    345    346    347    
81    0.00011499999999999998993    3.4999999999999996934e-05    4.999999999999999562e-05    7    56    57    63    69    73    87    111    0    0    270    275    284    306    316    348    349    
82    9.6000000000000002432e-05    0.00010899999999999999316    5.0999999999999999598e-05    8    30    54    66    77    80    99    121    122    0    0    183    262    301    337    345    350    351    352    
83    2.9999999999999997372e-05    0.00014400000000000000365    5.3000000000000000778e-05    6    39    74    91    94    97    117    0    0    213    321    353    354    355    356    
84    5.599999999999999916e-05    3.9999999999999996496e-05    5.4999999999999995182e-05    7    64    65    85    85    86    102    115    0    0    290    296    357    358    359    360    361    
85    6.3999999999999997104e-05    5.6999999999999996362e-05    5.599999999999999916e-05    13    49    58    58    64    84    84    86    98    100    111    115    115    120    0    0    245    276    277    291    357    358    362    363    364    365    366    367    368    
86    8.0999999999999990194e-05    2.9999999999999997372e-05    5.6999999999999996362e-05    10    65    69    71    84    85    89    102    111    111    135    0    0    297    307    312    359    362    369    370    371    372    373    
87    0.00012799999999999999421    3.2999999999999995754e-05    5.6999999999999996362e-05    8    56    63    81    104    125    125    125    125    0    0    271    285    348    374    375    376    377    378    
88    0.0001240000000000000054    7.5999999999999990632e-05    5.800000000000000034e-05    18    30    44    44    44    56    56    59    61    62    73    99    110    110    110    111    125    128    133    0    0    184    227    228    229    272    273    278    282    283    317    379    380    381    382    383    384    385    386    
89    6.4999999999999994306e-05    1.5999999999999999276e-05    5.8999999999999997542e-05    7    65    71    86    102    102    103    106    0    0    298    313    369    387    388    389    390    
90    0.00014899999999999998966    8.4999999999999992554e-05    5.8999999999999997542e-05    0    0    0    
91    1.2000000000000000304e-05    0.00012100000000000000024    5.8999999999999997542e-05    13    48    74    74    83    93    94    98    98    108    116    116    117    127    0    0    242    322    323    353    391    392    393    394    395    396    397    398    399    
92    3.4999999999999996934e-05    3.1999999999999998552e-05    5.9999999999999994744e-05    3    75    109    132    0    0    328    400    401    
93    6.000000000000000152e-06    0.00011399999999999999272    6.0999999999999998722e-05    5    48    91    113    127    139    0    0    243    391    402    403    404    
94    6.999999999999999895e-06    0.00014500000000000000085    6.0999999999999998722e-05    3    83    91    127    0    0    354    392    405    
95    9.9999999999999995475e-07    3.1999999999999998552e-05    6.20000000000000027e-05    2    78    96    0    0    341    406    
96    4.999999999999999562e-06    9.999999999999999124e-06    6.2999999999999999902e-05    6    52    75    75    75    95    155    0    0    254    329    330    331    406    407    
97    5.19999999999999968e-05    0.00014300000000000000645    6.2999999999999999902e-05    4    74    83    114    116    0    0    324    355    408    409    
98    1.5999999999999999276e-05    7.5999999999999990632e-05    6.3999999999999997104e-05    11    55    78    79    85    91    91    108    109    113    120    139    0    0    264    342    344    363    393    394    410    411    412    413    414    
99    0.0001049999999999999908    9.2999999999999997274e-05    6.3999999999999997104e-05    4    30    82    88    110    0    0    185    350    379    415    
100    6.7000000000000002262e-05    9.7999999999999996836e-05    6.4999999999999994306e-05    7    66    70    85    110    116    122    122    0    0    302    310    364    416    417    418    419    
101    0.00011600000000000000068    0.00013599999999999999893    6.7000000000000002262e-05    7    68    77    80    121    123    124    128    0    0    304    338    346    420    421    422    423    
102    5.4999999999999995182e-05    2.799999999999999958e-05    6.7999999999999999464e-05    7    84    86    89    89    119    132    132    0    0    360    370    387    388    424    425    426    
103    5.3000000000000000778e-05    9.999999999999999124e-06    6.8999999999999996666e-05    3    75    89    106    0    0    332    389    427    
104    0.00010899999999999999316    1.5999999999999999276e-05    6.8999999999999996666e-05    4    87    107    111    131    0    0    374    428    429    430    
105    0    3.7999999999999995316e-05    6.8999999999999996666e-05    0    0    0    
106    6.9999999999999993868e-05    6.000000000000000152e-06    6.9999999999999993868e-05    4    89    103    131    132    0    0    390    427    431    432    
107    9.999999999999999124e-05    3.999999999999999819e-06    7.099999999999999107e-05    4    71    71    104    131    0    0    314    315    428    433    
108    4.3999999999999998856e-05    9.2999999999999997274e-05    7.2999999999999999026e-05    4    91    98    116    139    0    0    395    410    434    435    
109    1.4999999999999998686e-05    5.8999999999999997542e-05    7.3999999999999996228e-05    16    75    78    92    98    113    115    115    120    129    137    139    148    153    156    162    205    0    0    333    343    400    411    436    437    438    439    440    441    442    443    444    445    446    447    
110    8.8999999999999994914e-05    8.299999999999999815e-05    7.3999999999999996228e-05    10    88    88    88    99    100    111    120    122    144    150    0    0    380    381    382    415    416    448    449    450    451    452    
111    0.00010699999999999999876    4.2999999999999994878e-05    7.499999999999999343e-05    15    69    73    81    85    86    86    88    104    110    115    125    130    131    133    133    0    0    308    318    349    365    371    372    383    429    448    453    454    455    456    457    458    
112    0.00013799999999999999333    1.399999999999999979e-05    7.5999999999999990632e-05    3    63    118    142    0    0    286    459    460    
113    7.999999999999999638e-06    9.2000000000000000072e-05    7.7000000000000001386e-05    5    93    98    109    148    148    0    0    402    412    436    461    462    
114    6.7999999999999999464e-05    0.00013699999999999999613    7.899999999999999579e-05    10    77    97    116    117    121    122    122    140    146    161    0    0    339    408    463    464    465    466    467    468    469    470    
115    5.3000000000000000778e-05    5.4999999999999995182e-05    7.9999999999999992992e-05    13    84    85    85    109    109    111    119    120    130    130    137    153    163    0    0    361    366    367    437    438    453    471    472    473    474    475    476    477    
116    6.0999999999999998722e-05    0.00010999999999999999036    7.9999999999999992992e-05    14    74    74    77    91    91    97    100    108    114    120    122    139    145    146    0    0    325    326    340    396    397    409    417    434    463    478    479    480    481    482    
117    3.1999999999999998552e-05    0.00013899999999999999053    7.9999999999999992992e-05    6    83    91    114    139    139    146    0    0    356    398    464    483    484    485    
118    0.00012799999999999999421    4.999999999999999562e-06    8.0999999999999990194e-05    4    63    112    134    142    0    0    287    459    486    487    
119    6.2999999999999999902e-05    3.3999999999999999732e-05    8.0999999999999990194e-05    4    102    115    132    135    0    0    424    471    488    489    
120    5.19999999999999968e-05    7.2999999999999999026e-05    8.0999999999999990194e-05    7    85    98    109    110    115    116    145    0    0    368    413    439    449    472    478    490    
121    9.8999999999999994038e-05    0.00012699999999999999701    8.0999999999999990194e-05    5    82    101    114    122    126    0    0    351    420    465    491    492    
122    7.3999999999999996228e-05    0.00011799999999999999508    8.2000000000000000948e-05    10    82    100    100    110    114    114    116    121    140    145    0    0    352    418    419    450    466    467    479    491    493    494    
123    0.00013899999999999999053    0.00013999999999999998774    8.2000000000000000948e-05    3    101    124    136    0    0    421    495    496    
124    0.00012199999999999999744    0.00014599999999999999805    8.299999999999999815e-05    3    101    123    136    0    0    422    495    497    
125    0.00013899999999999999053    5.4999999999999995182e-05    8.3999999999999995352e-05    12    87    87    87    87    88    111    128    128    133    149    152    196    0    0    375    376    377    378    384    454    498    499    500    501    502    503    
126    0.00010799999999999999596    0.00011399999999999999272    8.5999999999999989756e-05    5    121    128    144    145    160    0    0    492    504    505    506    507    
127    7.999999999999999638e-06    0.00014300000000000000645    8.5999999999999989756e-05    6    91    93    94    139    139    139    0    0    399    403    405    508    509    510    
128    0.00013500000000000000173    7.899999999999999579e-05    8.700000000000000051e-05    15    80    88    101    125    125    126    133    136    136    136    144    164    191    196    208    0    0    347    385    423    498    499    504    511    512    513    514    515    516    517    518    519    
129    6.999999999999999895e-06    1.8000000000000000456e-05    8.9999999999999992116e-05    3    109    137    155    0    0    440    520    521    
130    9.4999999999999991678e-05    4.6999999999999997238e-05    9.2000000000000000072e-05    9    111    115    115    133    135    135    150    168    169    0    0    455    473    474    522    523    524    525    526    527    
131    9.6000000000000002432e-05    6.999999999999999895e-06    9.3999999999999994476e-05    11    104    106    107    111    134    134    135    135    151    159    174    0    0    430    431    433    456    528    529    530    531    532    533    534    
132    3.9999999999999996496e-05    1.29999999999999992e-05    9.3999999999999994476e-05    10    75    92    102    102    106    119    135    137    138    155    0    0    334    401    425    426    432    488    535    536    537    538    
133    0.00011600000000000000068    6.20000000000000027e-05    9.3999999999999994476e-05    8    88    111    111    125    128    130    157    157    0    0    386    457    458    500    511    522    539    540    
134    0.00010799999999999999596    6.999999999999999895e-06    9.4999999999999991678e-05    5    118    131    131    142    159    0    0    486    528    529    541    542    
135    7.2999999999999999026e-05    1.9999999999999998248e-05    9.4999999999999991678e-05    14    86    119    130    130    131    131    132    151    155    163    169    171    174    178    0    0    373    489    523    524    530    531    535    543    544    545    546    547    548    549    
136    0.00012999999999999998861    0.00012699999999999999701    9.6000000000000002432e-05    10    123    124    128    128    128    141    144    165    166    177    0    0    496    497    512    513    514    550    551    552    553    554    
137    2.59999999999999984e-05    2.59999999999999984e-05    9.6999999999999999634e-05    8    109    115    129    132    155    155    162    163    0    0    441    475    520    536    555    556    557    558    
138    5.800000000000000034e-05    1.9999999999999999095e-06    9.7999999999999996836e-05    3    132    151    155    0    0    537    559    560    
139    2.4000000000000000608e-05    0.00012199999999999999744    9.7999999999999996836e-05    20    93    98    108    109    116    117    117    127    127    127    146    148    161    161    161    183    187    201    205    212    0    0    404    414    435    442    480    483    484    508    509    510    561    562    563    564    565    566    567    568    569    570    
140    8.4999999999999992554e-05    0.00013799999999999999333    9.7999999999999996836e-05    8    114    122    154    154    154    154    158    161    0    0    468    493    571    572    573    574    575    576    
141    0.00014599999999999999805    0.00014099999999999998494    9.7999999999999996836e-05    1    136    0    0    550    
142    0.00013500000000000000173    3.999999999999999819e-06    9.8999999999999994038e-05    6    112    118    134    147    147    147    0    0    460    487    541    577    578    579    
143    0.00012199999999999999744    2.4000000000000000608e-05    9.8999999999999994038e-05    3    168    168    168    0    0    580    581    582    
144    0.00012699999999999999701    0.0001019999999999999992    9.8999999999999994038e-05    6    110    126    128    136    164    173    0    0    451    505    515    551    583    584    
145    7.099999999999999107e-05    9.999999999999999124e-05    0.00010100000000000000199    11    116    120    122    126    146    156    160    164    172    172    211    0    0    481    490    494    506    585    586    587    588    589    590    591    
146    5.4999999999999995182e-05    0.00011600000000000000068    0.0001019999999999999992    7    114    116    117    139    145    154    161    0    0    469    482    485    561    585    592    593    
147    0.00014400000000000000365    1.5999999999999999276e-05    0.0001039999999999999936    5    142    142    142    152    170    0    0    577    578    579    594    595    
148    1.399999999999999979e-05    0.0001029999999999999964    0.0001039999999999999936    6    109    113    113    139    176    205    0    0    443    461    462    562    596    597    
149    0.00013699999999999999613    3.7999999999999995316e-05    0.0001049999999999999908    3    125    152    168    0    0    501    598    599    
150    9.0999999999999989318e-05    6.7000000000000002262e-05    0.0001049999999999999908    10    110    130    153    164    164    169    172    175    191    193    0    0    452    525    600    601    602    603    604    605    606    607    
151    6.8999999999999996666e-05    3.999999999999999819e-06    0.00010600000000000000156    6    131    135    138    171    179    202    0    0    532    543    559    608    609    610    
152    0.00014500000000000000085    2.699999999999999899e-05    0.00010600000000000000156    5    125    147    149    168    196    0    0    502    594    598    611    612    
153    5.4999999999999995182e-05    6.20000000000000027e-05    0.00010600000000000000156    8    109    115    150    156    163    163    172    172    0    0    444    476    600    613    614    615    616    617    
154    6.9999999999999993868e-05    0.00012999999999999998861    0.00010600000000000000156    6    140    140    140    140    146    158    0    0    571    572    573    574    592    618    
155    3.2999999999999995754e-05    1.5999999999999999276e-05    0.00010699999999999999876    14    75    96    129    132    135    137    137    138    162    167    171    171    182    182    0    0    335    407    521    538    544    555    556    560    619    620    621    622    623    624    
156    5.6999999999999996362e-05    8.4999999999999992554e-05    0.00010699999999999999876    4    109    145    153    172    0    0    445    586    613    625    
157    0.0001259999999999999998    5.9999999999999994744e-05    0.00010799999999999999596    4    133    133    175    196    0    0    539    540    626    627    
158    8.700000000000000051e-05    0.0001259999999999999998    0.00010799999999999999596    6    140    154    160    166    186    195    0    0    575    618    628    629    630    631    
159    0.00010899999999999999316    1.8000000000000000456e-05    0.00010899999999999999316    4    131    134    168    181    0    0    533    542    632    633    
160    9.2999999999999997274e-05    0.00011100000000000000112    0.00010899999999999999316    7    126    145    158    164    173    186    215    0    0    507    587    628    634    635    636    637    
161    3.6999999999999998114e-05    0.00014300000000000000645    0.00011100000000000000112    8    114    139    139    139    140    146    183    201    0    0    470    563    564    565    576    593    638    639    
162    1.4999999999999998686e-05    3.4999999999999996934e-05    0.00011199999999999999832    8    109    137    155    167    176    176    180    182    0    0    446    557    619    640    641    642    643    644    
163    6.20000000000000027e-05    4.999999999999999562e-05    0.00011199999999999999832    9    115    135    137    153    153    167    169    172    185    0    0    477    545    558    614    615    645    646    647    648    
164    0.00010600000000000000156    9.0999999999999989318e-05    0.00011299999999999999552    10    128    144    145    150    150    160    172    173    191    191    0    0    516    583    588    601    602    634    649    650    651    652    
165    0.00013099999999999998581    0.00013899999999999999053    0.00011299999999999999552    5    136    166    173    177    198    0    0    552    653    654    655    656    
166    0.00011799999999999999508    0.00013999999999999998774    0.00011299999999999999552    4    136    158    165    173    0    0    553    629    653    657    
167    2.900000000000000017e-05    3.7999999999999995316e-05    0.00011399999999999999272    6    155    162    163    180    185    190    0    0    620    640    645    658    659    660    
168    0.00011799999999999999508    3.100000000000000135e-05    0.00011600000000000000068    10    130    143    143    143    149    152    159    170    175    192    0    0    526    580    581    582    599    611    632    661    662    663    
169    7.7000000000000001386e-05    4.6000000000000000036e-05    0.00011600000000000000068    9    130    135    150    163    174    175    175    175    193    0    0    527    546    603    646    664    665    666    667    668    
170    0.00014199999999999998214    4.999999999999999562e-06    0.00011899999999999999229    4    147    168    181    213    0    0    595    661    669    670    
171    4.1999999999999997676e-05    6.999999999999999895e-06    0.00011899999999999999229    7    135    151    155    155    178    182    182    0    0    547    608    621    622    671    672    673    
172    7.7000000000000001386e-05    7.5999999999999990632e-05    0.00011999999999999998949    11    145    145    150    153    153    156    163    164    204    207    211    0    0    589    590    604    616    617    625    647    649    674    675    676    
173    0.00012299999999999998109    0.00010600000000000000156    0.00011999999999999998949    8    144    160    164    165    166    188    198    198    0    0    584    635    650    654    657    677    678    679    
174    7.499999999999999343e-05    3.100000000000000135e-05    0.00012100000000000000024    7    131    135    169    178    179    185    206    0    0    534    548    664    680    681    682    683    
175    0.00011299999999999999552    5.8999999999999997542e-05    0.00012100000000000000024    9    150    157    168    169    169    169    191    192    217    0    0    605    626    662    665    666    667    684    685    686    
176    3.999999999999999819e-06    8.9999999999999992116e-05    0.00012199999999999999744    6    148    162    162    180    194    205    0    0    596    641    642    687    688    689    
177    0.00014400000000000000365    0.0001250000000000000026    0.0001240000000000000054    4    136    165    188    199    0    0    554    655    690    691    
178    4.6999999999999997238e-05    2.59999999999999984e-05    0.0001250000000000000026    5    135    171    174    182    185    0    0    549    671    680    692    693    
179    6.9999999999999993868e-05    1.6999999999999999866e-05    0.00012799999999999999421    4    151    174    197    203    0    0    609    681    694    695    
180    3.6999999999999998114e-05    5.8999999999999997542e-05    0.00012799999999999999421    11    0    162    167    176    194    194    204    204    205    216    220    0    1    41    643    658    687    696    697    698    699    700    701    702    
181    0.0001259999999999999998    4.999999999999999562e-06    0.00012899999999999999141    4    159    170    210    213    0    0    633    669    703    704    
182    2.4000000000000000608e-05    1.9999999999999998248e-05    0.00012899999999999999141    9    155    155    162    171    171    178    184    185    190    0    0    623    624    644    672    673    692    705    706    707    
183    4.2999999999999994878e-05    0.00012199999999999999744    0.00012999999999999998861    5    139    161    189    209    212    0    0    566    638    708    709    710    
184    9.999999999999999124e-06    1.0999999999999999714e-05    0.00013099999999999998581    5    0    182    202    214    214    0    1    42    705    711    712    713    
185    4.8000000000000001216e-05    3.6000000000000000912e-05    0.00013099999999999998581    7    163    167    174    178    182    190    203    0    0    648    659    682    693    706    714    715    
186    7.7999999999999998588e-05    0.0001259999999999999998    0.00013099999999999998581    10    158    160    189    195    195    209    209    215    215    215    0    0    630    636    716    717    718    719    720    721    722    723    
187    4.999999999999999562e-06    0.00014500000000000000085    0.00013099999999999998581    2    139    201    0    0    567    724    
188    0.00014300000000000000645    0.0001029999999999999964    0.00013300000000000000732    6    0    173    177    198    198    208    0    1    43    677    690    725    726    727    
189    6.20000000000000027e-05    0.00011999999999999998949    0.00013300000000000000732    5    183    186    205    205    209    0    0    708    716    728    729    730    
190    2.4000000000000000608e-05    3.7999999999999995316e-05    0.00013400000000000000452    8    0    167    182    185    194    214    214    220    0    1    44    660    707    714    731    732    733    734    
191    0.00011699999999999999788    7.3999999999999996228e-05    0.00013400000000000000452    15    0    128    150    164    164    175    192    193    196    207    208    208    211    217    217    0    1    45    517    606    651    652    684    735    736    737    738    739    740    741    742    743    
192    0.00011899999999999999229    3.6999999999999998114e-05    0.00013500000000000000173    5    168    175    191    196    206    0    0    663    685    735    744    745    
193    9.3999999999999994476e-05    5.9999999999999994744e-05    0.00013599999999999999893    6    150    169    191    200    207    217    0    0    607    668    736    746    747    748    
194    1.0999999999999999714e-05    7.2000000000000001824e-05    0.00013599999999999999893    9    0    0    176    180    180    190    205    212    219    0    1    46    47    688    696    697    731    749    750    751    
195    8.7999999999999997712e-05    0.00013999999999999998774    0.00013599999999999999893    8    0    0    0    158    186    186    215    218    0    1    48    49    50    631    717    718    752    753    
196    0.00014199999999999998214    4.2999999999999994878e-05    0.00013699999999999999613    9    0    125    128    152    157    191    192    213    213    0    1    51    503    518    612    627    737    744    754    755    
197    8.9999999999999992116e-05    6.000000000000000152e-06    0.00013799999999999999333    5    0    179    203    206    210    0    1    52    694    756    757    758    
198    0.00011899999999999999229    0.00012100000000000000024    0.00013899999999999999053    8    0    165    173    173    188    188    199    215    0    1    53    656    678    679    725    726    759    760    
199    0.00013999999999999998774    0.00013899999999999999053    0.00013999999999999998774    4    0    0    177    198    0    1    54    55    691    759    
200    8.700000000000000051e-05    4.4999999999999996058e-05    0.00014099999999999998494    8    0    0    0    193    206    207    216    217    0    1    56    57    58    746    761    762    763    764    
201    3.1999999999999998552e-05    0.00014300000000000000645    0.00014099999999999998494    6    0    0    139    161    187    218    0    1    59    60    568    639    724    765    
202    4.6999999999999997238e-05    6.000000000000000152e-06    0.00014199999999999998214    5    0    151    184    203    221    0    1    61    610    711    766    767    
203    6.20000000000000027e-05    2.0999999999999998838e-05    0.00014199999999999998214    8    0    0    179    185    197    202    206    216    0    1    62    63    695    715    756    766    768    769    
204    6.4999999999999994306e-05    7.2999999999999999026e-05    0.00014199999999999998214    7    0    172    180    180    205    205    207    0    1    64    674    698    699    770    771    772    
205    5.800000000000000034e-05    8.8999999999999994914e-05    0.00014199999999999998214    16    0    0    109    139    148    176    180    189    189    194    204    204    211    212    212    222    0    1    65    66    447    569    597    689    700    728    729    749    770    771    773    774    775    776    
206    9.999999999999999124e-05    2.799999999999999958e-05    0.00014300000000000000645    9    0    0    174    192    197    200    203    210    216    0    1    67    68    683    745    757    761    768    777    778    
207    7.899999999999999579e-05    6.9999999999999993868e-05    0.00014300000000000000645    9    0    172    191    193    200    204    211    216    216    0    1    69    675    738    747    762    772    779    780    781    
208    0.00014099999999999998494    7.9999999999999992992e-05    0.00014300000000000000645    5    0    128    188    191    191    0    1    70    519    727    739    740    
209    6.5999999999999991508e-05    0.00012199999999999999744    0.00014300000000000000645    8    0    0    0    183    186    186    189    215    0    1    71    72    73    709    719    720    730    782    
210    0.00011399999999999999272    1.2000000000000000304e-05    0.00014400000000000000365    5    0    181    197    206    213    0    1    74    703    758    777    783    
211    9.4999999999999991678e-05    9.0999999999999989318e-05    0.00014400000000000000365    7    0    145    172    191    205    207    215    0    1    75    591    676    741    773    779    784    
212    2.4000000000000000608e-05    0.00011600000000000000068    0.00014400000000000000365    6    0    139    183    194    205    205    0    1    76    570    710    750    774    775    
213    0.00013400000000000000452    6.000000000000000152e-06    0.00014500000000000000085    6    0    170    181    196    196    210    0    1    77    670    704    754    755    783    
214    9.999999999999999124e-06    2.9999999999999997372e-05    0.00014500000000000000085    6    0    184    184    190    190    219    0    1    78    712    713    732    733    785    
215    9.6999999999999999634e-05    0.00012699999999999999701    0.00014500000000000000085    10    0    0    160    186    186    186    195    198    209    211    0    1    79    80    637    721    722    723    752    760    782    784    
216    6.9999999999999993868e-05    4.4999999999999996058e-05    0.00014599999999999999805    7    0    180    200    203    206    207    207    0    1    81    701    763    769    778    780    781    
217    0.0001019999999999999992    5.4999999999999995182e-05    0.00014599999999999999805    6    0    175    191    191    193    200    0    1    82    686    742    743    748    764    
218    5.4999999999999995182e-05    0.00014500000000000000085    0.00014699999999999999525    3    0    195    201    0    1    83    753    765    
219    4.999999999999999562e-06    5.3000000000000000778e-05    0.00014799999999999999246    3    0    194    214    0    1    84    751    785    
220    3.9999999999999996496e-05    5.399999999999999798e-05    0.00014799999999999999246    4    0    180    190    222    0    1    85    702    734    786    
221    3.1999999999999998552e-05    1.8000000000000000456e-05    0.00014899999999999998966    2    0    202    0    1    86    767    
222    4.6000000000000000036e-05    6.8999999999999996666e-05    0.00014899999999999998966    3    0    205    220    0    1    87    776    786    
