13    4.999999999999999562e-05    4.999999999999999562e-05    4.999999999999999562e-05
1    3.000000000000000076e-06    2.4000000000000000608e-05    1.9999999999999999095e-06    4    -1    -1    3    9    1    0    1    2    12    13    
2    4.3999999999999998856e-05    4.6999999999999997238e-05    3.999999999999999819e-06    4    0    4    6    6    0    1    7    14    15    16    
3    4.3999999999999998856e-05    9.999999999999999124e-06    6.000000000000000152e-06    4    -1    1    9    10    1    0    3    12    17    18    
4    2.1999999999999999428e-05    4.1000000000000000474e-05    7.999999999999999638e-06    4    0    2    6    8    0    1    8    14    19    20    
5    1.9999999999999999095e-06    4.8999999999999998418e-05    1.9999999999999998248e-05    1    0    0    1    9    
6    4.6000000000000000036e-05    3.9999999999999996496e-05    2.0999999999999998838e-05    6    0    2    2    4    10    11    0    1    10    15    16    19    21    22    
7    4.8000000000000001216e-05    9.9999999999999995475e-07    2.3000000000000000018e-05    1    -1    1    0    4    
8    1.399999999999999979e-05    3.6000000000000000912e-05    2.3000000000000000018e-05    4    4    9    9    11    0    0    20    23    24    25    
9    1.8999999999999997658e-05    6.000000000000000152e-06    2.799999999999999958e-05    7    -1    1    3    8    8    10    11    1    0    5    13    17    23    24    26    27    
10    4.3999999999999998856e-05    2.4000000000000000608e-05    3.2999999999999995754e-05    4    3    6    9    11    0    0    18    21    26    28    
11    3.3999999999999999732e-05    3.2999999999999995754e-05    3.3999999999999999732e-05    5    6    8    9    10    13    0    0    22    25    27    28    29    
12    4.6000000000000000036e-05    1.9999999999999999095e-06    4.3999999999999998856e-05    1    -1    1    0    6    
13    1.8000000000000000456e-05    4.6999999999999997238e-05    4.3999999999999998856e-05    2    0    11    0    1    11    29    
