741
1    -1    1    4.9999999999999997737e-07    0.012500000000000000694    1.1180339887498922183e-06
2    -1    2    1.4999999999999970734e-06    0.04326923076923060163    1.4999999999999962264e-06
3    -1    3    4.4999999999999891026e-06    0.037779850746268474337    3.7749172176353731179e-06
4    -1    4    3.4999999999999914772e-06    0.022685185185185075679    3.6400549446402583627e-06
5    -1    5    4.1055512754639941525e-06    0.018085355445776857275    5.0249378105604424125e-06
6    -1    6    5.4999999999999930807e-06    0.030129482071713075547    4.71699056602830253e-06
7    -1    7    7.5000000000000078133e-06    0.050951086956521847438    5.7662812973354000417e-06
8    -1    8    8.11577310586391477e-06    0.033131676612607657839    6.7268120235368543598e-06
9    -1    10    9.044003745317537901e-06    0.023667246454084970436    1.4671400751121204184e-05
10    -1    11    1.1680339887498947466e-05    0.026196301821716384134    1.7036725037400818485e-05
11    -1    12    8.9852813742385852084e-06    0.021426560874267211454    7.6974021591703358728e-06
12    -1    13    1.1500000000000000009e-05    0.040617321867321878881    1.0735455276791945243e-05
13    -1    15    9.500000000000000523e-06    0.039171006944444454467    7.2284161474004817602e-06
14    -1    15    4.9999999999999997737e-07    0.012500000000000000694    2.2787057730211677441e-05
15    -1    16    4.1055512754639899174e-06    0.022178356941399999386    9.500000000000000523e-06
16    -1    17    5.5990195135927841948e-06    0.032119897042615558336    1.2419742348374221438e-05
17    -1    19    5.499999999999999857e-06    0.050082781456953648358    1.1842719282327007643e-05
18    -1    23    4.6231056256176558049e-06    0.042073042570113419747    1.8145247311624050385e-05
19    -1    23    5.5000000000000015511e-06    0.052155172413793138286    2.182315284279519744e-05
20    -1    23    3.3284271247461867958e-06    0.055392135623730846816    1.3901438774457842323e-05
21    -1    24    2.4999999999999942753e-06    0.021701388888888790973    1.4396180048887973393e-05
22    -1    25    4.1055512754639941525e-06    0.044356713882800082038    2.0279299790673246609e-05
23    -1    27    5.499999999999999857e-06    0.038782051282051283048    1.8034688796871431633e-05
24    -1    30    4.5000000000000162076e-06    0.016174121405750918612    1.9678668654154428668e-05
25    -1    33    6.8245553203367671476e-06    0.017562049517472429205    2.0402205763103165996e-05
26    -1    34    4.9721359549995793327e-06    0.046123387975745486211    2.0934421415458322028e-05
27    -1    34    4.9999999999999997737e-07    0.010416666666666666088    2.315707235381882055e-05
28    -1    35    4.7426406871192986809e-06    0.032132343838742020992    2.9618406439239770676e-05
29    -1    37    4.9999999999999997737e-07    0.03125    2.5675864152935529757e-05
30    -1    38    8.9852813742385716559e-06    0.044069476732662989094    2.5204166322257119009e-05
31    -1    41    2.7360679774997847317e-06    0.035990711430287328221    3.0483602149352365595e-05
32    200    0    4.4999999999999958788e-06    0.046444954128440289753    3.1436443819236307865e-05
33    203    0    5.8851648071345036693e-06    0.01633734189015778604    3.1324910215354165679e-05
34    207    0    1.914213562373095663e-06    0.028626668456039821437    2.5792440753057860483e-05
35    213    0    1.4999999999999970734e-06    0.05113636363636343829    2.7681221071332831509e-05
36    213    0    4.9999999999999997737e-07    0.0078125    3.360431519909311607e-05
37    214    0    4.1055512754639831411e-06    0.046820975765177609562    2.2830900113661757307e-05
38    215    0    4.4999999999999891026e-06    0.049632352941176231809    2.0548722588034526405e-05
39    215    0    4.9999999999999997737e-07    0.03125    2.4356723917637202056e-05
40    216    0    2.499999999999999781e-06    0.017170329670329668309    1.9805302320338374287e-05
41    218    0    7.5000000000000078133e-06    0.018503289473684250699    1.7269916039170539788e-05
42    223    0    1.4999999999999970734e-06    0.025568181818181719145    1.2539936203984458252e-05
43    225    0    5.499999999999999857e-06    0.034850230414746545538    9.2330926563096856158e-06
44    226    0    8.9852813742385733499e-06    0.020786632691616541146    1.1884864324004708753e-05
45    226    0    4.9999999999999997737e-07    0.0625    3.4208916966194647638e-05
46    227    0    6.9031242374328412081e-06    0.041948172744218976959    1.0259142264341596272e-05
47    228    0    5.499999999999999857e-06    0.023781446540880504803    2.1100947846009180975e-05
48    229    0    5.8851648071345019752e-06    0.031951259047172039796    6.8007352543677191753e-06
49    230    0    3.4999999999999999475e-06    0.019140625000000001388    1.6918924315688637917e-05
50    231    0    9.5000000000000022171e-06    0.026638134592680058621    6.3442887702247577567e-06
51    231    0    4.9999999999999997737e-07    0.03125    2.0838665984174705115e-05
52    232    0    5.8851648071345045163e-06    0.04286530297912686388    5.5901699437494718913e-06
53    233    0    6.156854249492383461e-06    0.03096965216461799314    5.9371710435189522885e-06
54    234    0    4.6231056256176625811e-06    0.038719394249307391431    7.6974021591703274025e-06
55    235    0    8.1157731058638927471e-06    0.02613721154994590179    6.5764732189829449882e-06
56    235    0    1.4999999999999970734e-06    0.029605263157894624176    2.2522211259110413696e-05
57    236    0    8.9852813742385716559e-06    0.041616124419710617821    7.7620873481300119666e-06
58    237    0    7.4999999999999942608e-06    0.046564569536423780494    4.9244289008980506262e-06
59    238    0    3.6622776601683972738e-06    0.036054509839162668383    4.6097722286464444809e-06
60    239    0    1.1270329614269008738e-05    0.035205191134775229433    8.5000000000000050152e-06
61    240    0    9.9339811320565951907e-06    0.049243503558910405038    9.656603957913978051e-06
62    241    0    5.499999999999999857e-06    0.037253694581280784315    4.1533119314590417588e-06
63    242    0    5.8851648071345079045e-06    0.055863169043765412147    6.1032778078668545121e-06
64    243    0    3.6622776601683777921e-06    0.03529546752675886967    1.5000000000000093554e-06
65    244    0    1.914213562373094816e-06    0.045802669529663678216    5.0000000000001215347e-07
66    245    0    1.4999999999999970734e-06    0.0624999999999997502    5.0000000000001215347e-07
67    3    17    1.9142135623730926984e-06    0.024758199745764097877    2.5474858249775627527e-05
68    3    40    1.4999999999999970734e-06    0.04687499999999981265    2.8685471020497549225e-05
69    3    40    4.9999999999999997737e-07    0.0078125    3.1199432047684633564e-05
70    4    28    2.4999999999999942753e-06    0.02232142857142847131    3.2607777689348514693e-05
71    4    30    2.3708286933869657629e-06    0.020973241393234875324    3.2165702867711157547e-05
72    4    35    1.4999999999999970734e-06    0.028124999999999889672    4.2538905783629529875e-05
73    5    7    4.0355339059327410443e-06    0.02847121312226007922    1.4917536292690590879e-05
74    5    41    4.9999999999999997737e-07    0.0625    2.6454517224322237961e-05
75    6    18    2.9494897427831769797e-06    0.021322278781331301806    2.137197847177396115e-05
76    6    26    2.8452078799117129989e-06    0.030663666211786764354    2.1346240874228036204e-05
77    6    45    2.4999999999999993575e-06    0.034722222222222209886    3.6225453539211320303e-05
78    7    8    3.0495097567963943625e-06    0.02641906180908069543    2.2047206598726862704e-05
79    7    37    4.0355339059327376562e-06    0.025932378831103091582    2.7775115670259318006e-05
80    7    41    4.4370039370059049058e-06    0.022998836375006895261    2.6624404748406693829e-05
81    8    26    3.582207001484493178e-06    0.013768462447944770227    3.5514779883363461002e-05
82    8    34    2.5000000000000002045e-06    0.02561475409836065989    2.8504445426517247897e-05
83    8    34    3.3284271247461846782e-06    0.038466760849813035061    2.5807313063115929874e-05
84    8    45    2.7360679774997864257e-06    0.029706618958332424441    4.0297300282795723452e-05
85    10    11    3.6622776601683786391e-06    0.011975247910864621204    3.7789222583807749348e-05
86    10    16    4.623105625617659193e-06    0.017634575598694430393    1.9878873003090470698e-05
87    10    28    2.4999999999999993575e-06    0.045955882352941158919    4.6898112798191330351e-05
88    10    30    4.9999999999999997737e-07    0.0062500000000000003469    4.9588300972412377758e-05
89    10    30    2.0811388300841894671e-06    0.040103137315594346302    3.1316783650606641967e-05
90    10    30    4.9999999999999997737e-07    0.0078125    4.1557466339241997929e-05
91    10    43    5.1368092477478528792e-06    0.029849331728221569632    2.232666427040552997e-05
92    10    43    1.7247448713915867315e-06    0.030986925743662303845    3.6639420805676843076e-05
93    10    46    3.7403703492039250054e-06    0.018804261222048243574    5.7504629232781544722e-05
94    10    46    4.9999999999999997737e-07    0.0062500000000000003469    6.6728992939254380104e-05
95    10    53    2.0811388300841958198e-06    0.015692531993058752432    4.0476694726322188936e-05
96    11    12    4.9999999999999997737e-07    0.0016447368421052635003    4.9383772091249615761e-05
97    11    25    2.08113883008418862e-06    0.020051568657797155804    5.1784834701809262579e-05
98    11    43    2.0811388300841856554e-06    0.038670882411465837269    4.3991124703726192709e-05
99    11    46    3.8166247903554026874e-06    0.020691228395391225714    3.0218664899875037421e-05
100    12    20    3.3284271247462011954e-06    0.040729511488037738187    3.9697285732148373627e-05
101    12    20    2.0811388300841856554e-06    0.032811657803667980404    3.5628606768641331521e-05
102    12    33    1.500000000000000038e-06    0.018750000000000006245    5.8396314714286804565e-05
103    12    46    4.1055512754639865292e-06    0.010129538026120172428    4.3548554545987909622e-05
104    12    52    1.4999999999999970734e-06    0.026785714285714180144    3.4170051939213089197e-05
105    13    18    5.027692569068707705e-06    0.03631852380613319331    2.5400951370578956311e-05
106    13    27    3.4999999999999982534e-06    0.0082325268817204227956    5.3953817823758966907e-05
107    13    36    4.5620192023179817741e-06    0.021589231537674273553    1.7294575835317262211e-05
108    13    38    3.499999999999999524e-06    0.019506369426751591495    5.7772374781375999693e-05
109    13    93    1.2071067811865490378e-06    0.015838117186810340281    6.6972552254589086439e-05
110    15    16    3.2386127875258364775e-06    0.017837776849533793638    3.9708615689434690601e-05
111    15    19    4.24165738677393716e-06    0.015456750332279989985    3.5892945485473091191e-05
112    15    21    3.4999999999999999475e-06    0.030321782178217820958    3.2684320518926064387e-05
113    15    38    4.9999999999999997737e-07    0.0089285714285714298105    4.9203816015144022638e-05
114    15    38    4.1742346141747676514e-06    0.04148627289089232284    4.6831496357802976068e-05
115    15    51    1.724744871391585461e-06    0.027543933994366453372    5.3809677053794592789e-05
116    15    57    4.9999999999999997737e-07    0.0041666666666666674762    4.3016365954589585205e-05
117    16    19    4.6833001326703831317e-06    0.014940940144870865081    2.2064462990444340818e-05
118    16    22    1.2071067811865477672e-06    0.028021284253587463997    2.5383494324988891799e-05
119    16    50    2.3708286933869725391e-06    0.023817070734690595768    4.3937480606767006163e-05
120    17    40    1.4999999999999970734e-06    0.0312499999999998751    3.3069082514969925341e-05
121    17    42    2.5000000000000078278e-06    0.035511363636363861562    1.8176810487391484869e-05
122    18    23    3.4999999999999999475e-06    0.017600574712643677483    3.5529430546172503682e-05
123    18    27    3.4999999999999999475e-06    0.020553691275167786795    1.920973122097396023e-05
124    18    36    3.049509756796393939e-06    0.021329150818340372742    2.434168588810876313e-05
125    18    45    3.0495097567963918214e-06    0.031847636153412288429    3.5503636432712197221e-05
126    18    45    2.4999999999999976634e-06    0.03063725490196072751    3.2301727536973314739e-05
127    19    23    2.4999999999999993575e-06    0.019290123456790115447    3.6317605653821289355e-05
128    19    51    4.1742346141747617221e-06    0.017852699399769182687    2.6255193507489761281e-05
129    20    33    3.3284271247461867958e-06    0.025178243465332206252    3.2046502092670687569e-05
130    20    46    1.9142135623730935454e-06    0.027759193654341585838    5.662336418322677108e-05
131    20    56    4.9999999999999997737e-07    0.020833333333333332177    2.7029680200052602352e-05
132    20    56    4.9999999999999997737e-07    0.015625    2.6067679527243474804e-05
133    21    35    4.0355339059327418913e-06    0.016483333912887421224    1.8722122108133765997e-05
134    21    49    4.1742346141747659573e-06    0.02317052475289196542    3.9021266972678147588e-05
135    21    62    4.9999999999999997737e-07    0.020833333333333332177    3.1158708843567056723e-05
136    23    25    6.9420493633625642013e-06    0.018365872470793666305    2.6059205312155367959e-05
137    23    27    1.9142135623730926984e-06    0.033927903355306356092    4.0996613803281502079e-05
138    23    27    2.2320508075688780688e-06    0.011532525017520559724    3.1398131653745888392e-05
139    23    27    2.9494897427831807913e-06    0.021533390452433649048    2.9363302661618366192e-05
140    23    45    1.2071067811865456497e-06    0.036427669529663579684    2.7623276144916920091e-05
141    24    33    3.0495097567963918214e-06    0.032289964433320793302    3.6021715934097880366e-05
142    24    41    4.9999999999999997737e-07    0.0078125    4.9368458523201557049e-05
143    25    33    1.500000000000000038e-06    0.018145161290322581876    5.7380891435503291039e-05
144    25    33    4.1742346141747651103e-06    0.024750333258770951944    5.7444809703902113243e-05
145    25    34    2.0811388300841915846e-06    0.023037972500447864016    3.1632268979528379747e-05
146    25    43    4.0355339059327410443e-06    0.011939540986754228896    4.4421238400788964993e-05
147    25    45    1.9142135623730935454e-06    0.035232822715125858282    3.3978549256510159448e-05
148    25    45    4.035533905932732574e-06    0.013801299920281949116    3.6681762903439569276e-05
149    25    69    1.9142135623730910043e-06    0.048213336347014211503    3.2536896827971764222e-05
150    25    74    3.3284271247461914545e-06    0.034620084764831873803    4.525435418107571421e-05
151    25    76    4.0355339059327368091e-06    0.019860407202356988865    3.8535313979798916555e-05
152    25    79    1.914213562373095663e-06    0.041638790481512470698    7.7805869631196404438e-05
153    26    45    2.370828693386968304e-06    0.035130179333668500041    3.4613940370733846071e-05
154    26    70    2.3708286933869670334e-06    0.035130179333668465347    3.4045232009393566362e-05
155    27    44    4.9999999999999997737e-07    0.0069444444444444449263    1.9155276589277044042e-05
156    27    58    3.4154759474226502207e-06    0.019313701899706377935    3.0470372888903563512e-05
157    27    64    2.7360679774997893903e-06    0.029706618958332486891    2.6711457337985877432e-05
158    28    30    3.0495097567963880097e-06    0.021526642955547143493    3.4735026391448778403e-05
159    28    30    2.0811388300841983609e-06    0.024061882389356817336    3.3760264139286352803e-05
160    28    39    2.5000000000000010515e-06    0.011003521126760574741    2.9128657993172761553e-05
161    28    53    4.9999999999999997737e-07    0.0625    4.0490473149368155672e-05
162    28    53    2.7360679774997982842e-06    0.020342576025814778501    2.8515672130271402815e-05
163    30    50    1.914213562373095663e-06    0.033927903355306460176    2.0424607299109387085e-05
164    30    53    3.0495097567963867392e-06    0.012915985773328276034    3.2758152151754412222e-05
165    31    35    4.9999999999999997737e-07    0.0052083333333333330442    3.8895348781889755522e-05
166    31    35    4.9999999999999997737e-07    0.010416666666666666088    3.4455676937884254928e-05
167    33    34    2.0811388300841852319e-06    0.036092823584034768036    4.4387896424039978676e-05
168    33    34    1.2071067811865456497e-06    0.036427669529663579684    3.5746197838767151012e-05
169    33    34    4.035533905932734268e-06    0.020986512765377204892    5.1227103615889173281e-05
170    33    37    1.5000000000000004615e-06    0.020833333333333349524    3.9865454095769706222e-05
171    33    37    1.5000000000000004615e-06    0.033088235294117668284    3.4236172010000165183e-05
172    33    41    3.7403703492039351698e-06    0.036816764076852553922    5.2841450389115411646e-05
173    33    46    4.6231056256176574989e-06    0.022171271395868916848    3.2968552862866476656e-05
174    33    56    4.9999999999999997737e-07    0.020833333333333332177    3.2501192639859880613e-05
175    33    60    4.0355339059327224096e-06    0.029936643209434950913    3.8979792141607564953e-05
176    33    63    2.5000000000000010515e-06    0.018168604651162809094    6.2164262625446302358e-05
177    33    81    4.6231056256176752866e-06    0.015578065324794313287    3.5198393550871467819e-05
178    33    90    3.0495097567963892803e-06    0.024217473324990555078    4.2308693879223788475e-05
179    33    94    3.0495097567963918214e-06    0.024472394096832605914    5.1232119033842549811e-05
180    33    94    4.9999999999999997737e-07    0.015625    5.1500851377698590716e-05
181    34    37    2.5000000000000010515e-06    0.010850694444444454467    3.6153815194310334269e-05
182    34    45    2.621320343559636359e-06    0.034356601717798050666    4.2697293289712477519e-05
183    34    94    1.2071067811865456497e-06    0.052039527899519398557    3.8447319272607890074e-05
184    35    49    4.1742346141747608751e-06    0.013444625473900243678    2.1317980699047617906e-05
185    35    65    2.0811388300841992079e-06    0.041645565673886823788    3.0052495334752228845e-05
186    35    75    1.4999999999999970734e-06    0.037499999999999859834    4.1456138952211828608e-05
187    36    48    4.6833001326703763555e-06    0.02980067952808473572    2.4724986345117671866e-05
188    36    79    2.499999999999999781e-06    0.040064102564102560544    3.0709099265924900491e-05
189    36    79    4.9999999999999997737e-07    0.020833333333333332177    4.4498874840227827638e-05
190    37    41    4.5620192023179733038e-06    0.014177124797219291599    1.6807224542070284333e-05
191    38    66    4.1055512754639899174e-06    0.039753658668547159349    2.0076653301719473484e-05
192    38    66    1.2071067811865456497e-06    0.024285113019775719789    3.7318734724009955178e-05
193    38    67    2.2320508075688776453e-06    0.03558607719692056387    4.3874210866469054893e-05
194    39    42    4.0355339059327359621e-06    0.023398755611972302942    2.3719214798615222421e-05
195    39    46    3.0495097567963918214e-06    0.017349831635814157854    4.1053992950746421024e-05
196    39    46    3.0495097567963867392e-06    0.028352163892671821549    4.0034032927152185153e-05
197    40    52    4.9999999999999997737e-07    0.00390625    2.3033829153040783573e-05
198    40    55    2.3708286933869716921e-06    0.020074388190667771803    2.2234085732200788935e-05
199    41    63    5.6478150704935103883e-06    0.017721008372496457189    1.7028745699166390282e-05
200    41    68    4.9999999999999997737e-07    0.012500000000000000694    3.7855114696266193067e-05
201    42    55    3.4154759474226548794e-06    0.017054789396816788516    2.4123472557481195834e-05
202    43    51    2.0811388300841915846e-06    0.019335441205733029657    4.0509597905588810266e-05
203    43    53    1.5000000000000004615e-06    0.031250000000000020817    3.7848344148374939416e-05
204    43    69    2.8452078799117168106e-06    0.030205999551909425149    3.6656233725180027607e-05
205    43    78    4.1055512754639873763e-06    0.027012101402987140353    3.6473019086983886805e-05
206    44    71    1.5000000000000004615e-06    0.022500000000000016515    2.1970326893160216695e-05
207    45    48    5.1368092477478528792e-06    0.025082518296338274927    3.1106143268225757196e-05
208    45    64    2.8452078799117180811e-06    0.026628973289183340695    2.8667589004777241775e-05
209    45    70    3.5822070014844927545e-06    0.0091397485765559293575    4.1718169922225767907e-05
210    45    84    4.9999999999999997737e-07    0.03125    2.9600622481043050978e-05
211    46    52    2.5000000000000010515e-06    0.019290123456790139733    4.703753201758739135e-05
212    46    55    2.08113883008418862e-06    0.036092823584034885998    4.5822244938478255108e-05
213    46    56    3.0495097567963981741e-06    0.019373978659992560636    4.6169741433374749534e-05
214    46    61    7.0192024052026448007e-06    0.019427918929496291317    1.8439477654774014321e-05
215    46    61    4.9999999999999997737e-07    0.015625    2.6369252889923775602e-05
216    46    77    6.2879184513951235974e-06    0.033058460243641514531    2.6313902288876545694e-05
217    46    77    2.3708286933869653394e-06    0.03122682607437192448    4.9617975750713886436e-05
218    46    78    3.0495097567963850451e-06    0.036326209987485737207    4.2416325860236805999e-05
219    46    78    3.0495097567963930919e-06    0.016969908315321892422    3.6968686868853585601e-05
220    46    87    3.5000000000000007945e-06    0.021719858156028382795    3.4348889343090765395e-05
221    48    79    4.500000000000000114e-06    0.021634615384615387551    2.4155095344794066524e-05
222    49    50    3.7403703492039322052e-06    0.010728811617487687274    1.5132745950421541196e-05
223    49    62    4.6231056256176761336e-06    0.02293251676568434233    3.3556485728321830571e-05
224    49    65    3.0495097567963918214e-06    0.020042046889647387869    2.2070546462357380188e-05
225    49    85    2.0811388300841725264e-06    0.025780588274310227426    3.6875437837079873629e-05
226    50    53    4.9999999999999997737e-07    0.010416666666666666088    4.1158787636998836663e-05
227    50    59    3.0495097567963905508e-06    0.016606267422850682497    2.6868413239360510315e-05
228    50    78    1.7247448713915909667e-06    0.021248177652797115011    4.5673960884817996751e-05
229    51    59    4.4370039370059040587e-06    0.029649102314767913219    1.6203058856197077213e-05
230    51    67    4.562019202317979233e-06    0.02032423750226364581    2.0774678558988059543e-05
231    51    67    2.949489742783171474e-06    0.027882979944817757462    3.7693486432072017221e-05
232    51    74    3.5000000000000050297e-06    0.01720505617977533333    1.7079476052627741694e-05
233    52    55    3.9641016151377643129e-06    0.026365942307278244366    1.3603277807866853008e-05
234    52    88    4.9999999999999997737e-07    0.015625    2.4308786025713143833e-05
235    53    78    4.1742346141747668043e-06    0.028848070553269485744    5.4760502898122997214e-05
236    53    78    3.0495097567963888568e-06    0.031847636153412232918    3.1281401072672002605e-05
237    53    78    1.914213562373095663e-06    0.030535113019775815546    2.4345229366890895996e-05
238    53    85    2.0811388300841742205e-06    0.023538797989587637721    3.1439557731574528632e-05
239    55    73    4.9999999999999997737e-07    0.015625    3.0321112756006012457e-05
240    55    87    1.914213562373095663e-06    0.033927903355306460176    4.1304686216456890677e-05
241    55    100    1.7247448713915964724e-06    0.025644352339582884848    5.0311856580023864131e-05
242    55    100    1.2071067811865551788e-06    0.024285113019776104898    3.7364611772865049784e-05
243    56    72    1.9142135623730910043e-06    0.017961831188103329071    2.6322123129169799915e-05
244    56    81    3.2386127875258352069e-06    0.024737294310202502523    2.1235270158778847809e-05
245    57    59    3.0495097567963918214e-06    0.022141689897134261833    2.4991844658529458433e-05
246    57    62    2.08113883008418862e-06    0.024061882389356588352    3.6112306975751590362e-05
247    57    62    2.4999999999999993575e-06    0.033967391304347810399    2.7120770138594665736e-05
248    57    67    2.8452078799117129989e-06    0.030205999551909345352    2.8806416339033108932e-05
249    58    66    3.5822070014844897899e-06    0.02043345063930653363    1.6747734369227193106e-05
250    58    71    3.0495097567963952095e-06    0.020393661747360548875    1.5343655993343896304e-05
251    59    67    1.2071067811865551788e-06    0.036427669529664148673    3.7327054818974382479e-05
252    59    78    4.9999999999999997737e-07    0.0078125    5.4030633188478059009e-05
253    59    82    3.4154759474226510677e-06    0.028591852812310431659    2.2113614196561926482e-05
254    60    68    1.4999999999999970734e-06    0.014062499999999944836    2.0246547319420046449e-05
255    60    81    4.9999999999999997737e-07    0.0089285714285714298105    4.0383932896057383555e-05
256    60    89    3.0495097567963918214e-06    0.020216325558253020467    2.4844083239295381294e-05
257    61    72    2.0811388300841873495e-06    0.041645565673886351943    2.9936083290515935957e-05
258    61    81    4.0355339059327427384e-06    0.025932378831103154032    3.7639961470159154764e-05
259    61    87    6.5000000000000106114e-06    0.018024744027303814253    2.0712090087386553238e-05
260    62    86    4.4370039370059057528e-06    0.022891865043030125426    2.8570933552454371411e-05
261    62    106    4.9999999999999997737e-07    0.015625    4.1755119087360282628e-05
262    62    106    4.9999999999999997737e-07    0.012500000000000000694    4.9461748805093471966e-05
263    63    68    1.4999999999999970734e-06    0.04687499999999981265    3.1168452908488677544e-05
264    63    89    2.621320343559636359e-06    0.022309481634933799044    2.9536725037400810614e-05
265    63    89    1.5000000000000038496e-06    0.025568181818181951598    4.400783333723703284e-05
266    63    91    2.3708286933869755038e-06    0.021291017777981036119    3.0361541461658010893e-05
267    63    92    2.370828693386980586e-06    0.028104143466935089385    3.3365112279141045666e-05
268    63    94    1.4999999999999970734e-06    0.016544117647058757814    4.411038790643961806e-05
269    63    95    3.2386127875258250425e-06    0.024506104643751858152    3.6977931110982954668e-05
270    63    109    2.5000000000000078278e-06    0.032552083333333536874    4.6322782352169425304e-05
271    64    71    3.4999999999999982534e-06    0.027840909090909068957    1.921308909087071168e-05
272    64    79    3.6622776601683790626e-06    0.015103916283973400567    2.7016093687006059737e-05
273    64    79    4.9999999999999997737e-07    0.0625    3.1824673382706568413e-05
274    65    75    4.9999999999999997737e-07    0.0089285714285714298105    2.7644759722001361398e-05
275    65    96    1.4999999999999970734e-06    0.018749999999999929917    2.2231844012918953134e-05
276    65    106    2.4999999999999942753e-06    0.028409090909090783245    3.1434407738540709422e-05
277    66    67    3.3284271247461914545e-06    0.011637003282296429219    2.2683975302701365703e-05
278    66    107    4.1055512754639899174e-06    0.032665797045472858007    4.2825411418663179885e-05
279    67    74    1.7247448713915909667e-06    0.037184310892394947801    2.2883096296371393912e-05
280    67    82    3.3284271247461867958e-06    0.022701694927758541559    2.4400926450919625831e-05
281    67    107    4.2416573867739363129e-06    0.009799377661641557255    2.9454992685723958726e-05
282    68    91    4.9999999999999997737e-07    0.0078125    2.4785733838991256248e-05
283    70    84    3.2386127875258288542e-06    0.03361734867796737497    4.5373035997570932364e-05
284    70    92    4.9999999999999997737e-07    0.0056818181818181819759    3.9880849322098704975e-05
285    70    94    1.2071067811865503083e-06    0.03035639127471987872    4.9272952016393790149e-05
286    70    95    2.5000000000000010515e-06    0.021701388888888908935    2.4512737872024841895e-05
287    70    108    2.0811388300841920082e-06    0.013706135538241138658    4.1252093657098187535e-05
288    70    115    4.9999999999999997737e-07    0.015625    3.7929694380150149225e-05
289    71    79    4.9999999999999997737e-07    0.012500000000000000694    4.104385754604656999e-05
290    71    79    1.4999999999999970734e-06    0.029605263157894624176    2.947218747267849959e-05
291    71    79    4.9999999999999997737e-07    0.020833333333333332177    3.6459060577177223933e-05
292    71    79    1.7247448713915867315e-06    0.029747448713915814605    2.9940846104585464168e-05
293    71    98    3.8166247903553976052e-06    0.024440645621401652782    2.4372837804020078224e-05
294    73    100    2.4999999999999942753e-06    0.013469827586206834999    2.6414999165079919015e-05
295    74    76    3.4999999999999982534e-06    0.030934343434343408025    2.0918213655406001506e-05
296    74    80    4.035533905932732574e-06    0.023949314567548087712    1.0654161609547260748e-05
297    74    107    3.0495097567963850451e-06    0.016969908315321802217    3.0622525054472433394e-05
298    75    106    1.4999999999999970734e-06    0.01562499999999993755    3.079942528153562886e-05
299    76    105    1.7247448713915909667e-06    0.027543933994366630313    2.5248963046763713697e-05
300    77    78    4.8011626335213133709e-06    0.013886242550314044364    1.9941595622713169768e-05
301    77    87    6.2445626465380265637e-06    0.017013334488018328622    2.483442407965289763e-05
302    77    102    2.8452078799117138459e-06    0.018232450179981329191    5.0794005742823773503e-05
303    77    113    3.0495097567963850451e-06    0.036326209987485737207    3.6854403248840443682e-05
304    77    113    1.9142135623730910043e-06    0.026172954016950571166    3.307059080034152398e-05
305    78    80    2.3708286933869653394e-06    0.042582035555961711415    4.5442407118039722727e-05
306    78    85    1.2071067811865551788e-06    0.026019763949760108673    4.8745353303043926867e-05
307    78    85    3.4999999999999957123e-06    0.030321782178217748099    4.2081518109693527422e-05
308    78    87    3.0495097567963918214e-06    0.030193213496092170811    3.4391214799190698783e-05
309    78    100    3.2386127875258373245e-06    0.016701612718990246909    5.1445808186478412995e-05
310    78    102    3.0495097567963905508e-06    0.026722729186196499812    4.719361245338116916e-05
311    78    110    2.4999999999999942753e-06    0.031887755102040671318    2.8833338166775655483e-05
312    79    83    4.0355339059327376562e-06    0.021316143855932910556    2.8636156407649196855e-05
313    79    93    2.0811388300841915846e-06    0.036092823584034990081    3.8065403549301379273e-05
314    79    93    2.08113883008418862e-06    0.024608743352751052957    4.1057017712313532607e-05
315    79    108    1.9142135623730931219e-06    0.031588047951492129184    3.2023662357095415134e-05
316    79    126    4.500000000000000114e-06    0.026785714285714291166    3.6786522953736775312e-05
317    79    139    4.9999999999999997737e-07    0.0034722222222222224632    4.1934675665353285899e-05
318    80    102    2.5000000000000010515e-06    0.016801075268817220604    3.0954269725055653885e-05
319    80    113    1.914213562373095663e-06    0.033927903355306460176    3.8636278230364509343e-05
320    81    90    3.2386127875258216544e-06    0.025707384283151404891    2.2965258940668313104e-05
321    81    114    2.7360679774997830376e-06    0.025993291588540811538    2.2663153621723912813e-05
322    82    86    4.0355339059327376562e-06    0.018762135836328044242    2.5128999805962437287e-05
323    82    107    2.6213203435596397471e-06    0.018672066150977249116    3.5662949837217537317e-05
324    83    84    2.3708286933869661864e-06    0.039033532592964929886    2.2731563593321754506e-05
325    83    124    3.7403703492039351698e-06    0.03331040559334278589    2.6431476680000821845e-05
326    84    94    1.2071067811865456497e-06    0.030356391274719642798    2.5075306215429480928e-05
327    84    94    4.9999999999999997737e-07    0.0625    3.2081913500727190169e-05
328    85    99    4.8588989435406664802e-06    0.021462635403218736918    1.5312672474569002685e-05
329    85    100    1.2071067811865551788e-06    0.011750861138601338338    7.2266336688784195506e-05
330    85    100    2.4999999999999942753e-06    0.050403225806451373847    6.2033360120723382959e-05
331    85    100    4.9999999999999997737e-07    0.03125    6.5480309451388101372e-05
332    85    102    3.5822070014844902134e-06    0.014582053410777845101    4.3398530147663799206e-05
333    85    104    4.0355339059327274918e-06    0.013848243117289674164    3.4174862173760081055e-05
334    86    101    4.7426406871192859754e-06    0.026905072592247961105    1.5387152265274075923e-05
335    86    102    3.4999999999999914772e-06    0.034410112359550396044    4.0159272922298347051e-05
336    86    106    3.5000000000000016416e-06    0.036897590361445818663    4.1564157999571078807e-05
337    86    106    2.0811388300841920082e-06    0.018046411792017501979    3.7042974061143384785e-05
338    86    107    1.2071067811865456497e-06    0.020237594183146429688    5.0520424395046982025e-05
339    86    118    4.4370039370059074469e-06    0.017330109099477047918    2.4419387460195951089e-05
340    86    129    2.3708286933869674569e-06    0.039033532592964971519    2.8860828995536030531e-05
341    86    148    3.7403703492039250054e-06    0.017936372242569092322    4.3722680232478240855e-05
342    87    100    5.4497474683058300595e-06    0.011440580688869725692    2.7097618244637906523e-05
343    87    119    3.4999999999999914772e-06    0.038281249999999815425    4.9238700783028623812e-05
344    87    122    4.2416573867739490184e-06    0.013426609990129855648    3.2281119866849537455e-05
345    87    125    4.0355339059327393502e-06    0.018936667332479947129    3.855187699021127702e-05
346    87    141    2.4999999999999942753e-06    0.028409090909090783245    5.5712302861042388381e-05
347    87    149    3.0495097567963930919e-06    0.023018588506921771469    5.393253143728932137e-05
348    87    162    2.3708286933869653394e-06    0.041329622745492247682    6.141521223947541872e-05
349    88    100    2.8452078799117036815e-06    0.032123840793300204033    2.5883735050579491577e-05
350    88    100    1.9142135623731104861e-06    0.02617295401695110546    3.9005804753894914797e-05
351    88    103    3.0495097567963892803e-06    0.025548103727462568441    1.4625629946493562064e-05
352    88    138    4.9999999999999997737e-07    0.020833333333333332177    3.1376876582523391174e-05
353    89    90    3.0495097567963892803e-06    0.03369387593042164758    1.6155494421403514358e-05
354    89    111    3.6622776601683722864e-06    0.029673180664089224973    1.9868590621830492499e-05
355    89    143    1.2071067811865456497e-06    0.030356391274719642798    3.717539873871711603e-05
356    89    143    1.4999999999999970734e-06    0.0937499999999996253    3.8752373291855147478e-05
357    90    143    1.4999999999999970734e-06    0.028124999999999889672    3.1550113573290584511e-05
358    91    92    2.5000000000000010515e-06    0.019531250000000017347    3.2201945334283765647e-05
359    91    111    2.4999999999999976634e-06    0.012400793650793627554    2.133724385015652752e-05
360    91    142    1.7247448713915820728e-06    0.030986925743662133842    4.0853813063760941078e-05
361    92    120    1.5000000000000004615e-06    0.031250000000000020817    2.0589320226833818234e-05
362    92    151    3.0495097567963918214e-06    0.019870747343582028516    3.7509741330658348719e-05
363    93    107    1.7247448713915884256e-06    0.016901959496543109834    4.5828910434265137026e-05
364    93    140    4.9999999999999997737e-07    0.0089285714285714298105    3.9596025629864866941e-05
365    94    105    3.3284271247461867958e-06    0.034192676310944969398    2.462131813798756937e-05
366    94    109    1.5000000000000038496e-06    0.017578125000000090206    2.0720489986373169641e-05
367    94    119    4.9999999999999997737e-07    0.0625    2.6449345574333739991e-05
368    95    115    1.5000000000000038496e-06    0.020833333333333443199    2.835119475044436824e-05
369    95    115    2.499999999999999781e-06    0.031249999999999996531    3.2271378579081586426e-05
370    95    132    1.9142135623730931219e-06    0.015267556509887867874    2.674234024423231365e-05
371    95    151    1.724744871391586308e-06    0.032334183384691086993    3.7524027359346195107e-05
372    96    106    2.0811388300841809967e-06    0.03609282358403462232    2.510985561661507114e-05
373    96    130    2.0811388300841983609e-06    0.028494334408448864643    2.7810744228506200759e-05
374    97    118    4.9999999999999997737e-07    0.0036764705882352940666    2.4822959828911402941e-05
375    98    107    7.4641941385920567131e-06    0.010814090477211183924    1.3601680561575377453e-05
376    98    116    4.4370039370058998236e-06    0.023215806529488038773    2.642675939963587078e-05
377    98    126    2.4999999999999942753e-06    0.021404109589040997558    4.6604856594058193539e-05
378    98    179    1.2071067811865575081e-06    0.030356391274720239543    5.1788227963565165637e-05
379    99    102    2.0811388300841915846e-06    0.028494334408448677293    4.76428744367741856e-05
380    99    104    1.2071067811865456497e-06    0.028021284253587366853    3.3344247921262876351e-05
381    99    110    1.9142135623731054039e-06    0.031588047951492545518    2.7227791185505608481e-05
382    99    130    3.0495097567963719161e-06    0.020757834278563098984    3.0316432701497349694e-05
383    100    103    3.3284271247461867958e-06    0.035058313685905596879    2.3880758462765102419e-05
384    100    125    4.9999999999999997737e-07    0.0078125    4.0559656399944851409e-05
385    100    125    4.0355339059327410443e-06    0.026962804480021140829    3.0115881318717819062e-05
386    100    138    4.2416573867739413951e-06    0.023426637222361903351    3.7709909794360062002e-05
387    100    149    4.9999999999999997737e-07    0.0078125    3.9301375582821478029e-05
388    101    106    3.5822070014844864018e-06    0.014258007779427197756    2.3174514087804598886e-05
389    101    129    4.9999999999999997737e-07    0.010416666666666666088    2.3361579498894866628e-05
390    101    148    3.4999999999999982534e-06    0.032236842105263133207    3.2644693064782377668e-05
391    102    107    3.0495097567963850451e-06    0.021329150818340251311    4.034139769000967947e-05
392    102    113    1.4999999999999970734e-06    0.018749999999999929917    3.0016930368115568074e-05
393    102    117    2.0811388300841852319e-06    0.022097647092266182317    2.2831419716513689486e-05
394    102    137    3.662277660168376945e-06    0.012511453041201828912    3.3796840121946063683e-05
395    103    112    4.9999999999999997737e-07    0.0089285714285714298105    4.3906047857810145203e-05
396    103    112    4.9999999999999997737e-07    0.0625    4.4886011543124830882e-05
397    104    110    4.2416573867739422422e-06    0.027426306992033456372    1.9466227817807268637e-05
398    104    125    2.8452078799117282455e-06    0.031135414922737664201    2.7396991981551853021e-05
399    105    107    3.0495097567963918214e-06    0.017747156024420590592    4.6525731939353655591e-05
400    105    113    2.6213203435596524526e-06    0.017351819049393167604    3.1807785071982129987e-05
401    105    124    3.0495097567963850451e-06    0.040787323494720827133    3.4087827479098941307e-05
402    105    127    5.9772255750516599545e-06    0.022960941886279982033    1.7568096358212108174e-05
403    106    129    2.499999999999999781e-06    0.030637254901960779552    3.5306095391814202515e-05
404    106    130    4.8011626335213015125e-06    0.018065174477681193027    2.1967848264842152058e-05
405    106    146    4.0355339059327376562e-06    0.014437530058451011894    2.6554951305632104835e-05
406    106    157    1.2071067811865359088e-06    0.026019763949759279476    3.6981359654126071612e-05
407    106    191    1.500000000000000038e-06    0.025568181818181823228    7.0624826869473966706e-05
408    107    117    1.7247448713915909667e-06    0.015823111018040406789    4.1454979627745730596e-05
409    107    118    3.4154759474226468326e-06    0.037874921907216328731    3.5720612307230434996e-05
410    107    121    3.5000000000000050297e-06    0.016289893617021326128    2.6436616868926906523e-05
411    107    127    4.0355339059327410443e-06    0.028273496364466608327    6.6588378940891815132e-05
412    107    136    4.9999999999999997737e-07    0.0625    3.7258363226772140797e-05
413    107    140    2.5000000000000010515e-06    0.039062500000000034694    4.0216247581148808598e-05
414    107    155    4.1055512754639941525e-06    0.021609681122389777508    2.8549773052688757948e-05
415    107    160    4.0355339059327410443e-06    0.028078506734366837777    4.5610231261735549623e-05
416    107    163    2.5000000000000010515e-06    0.027901785714285740059    3.4882870906855688265e-05
417    107    174    1.724744871391585461e-06    0.026560222065996223761    5.251793606802183386e-05
418    107    174    2.0811388300841915846e-06    0.02578058827431070274    6.2892048102537869781e-05
419    108    115    3.4999999999999914772e-06    0.022354014598540038888    2.0517834423809094683e-05
420    108    115    1.500000000000000038e-06    0.03750000000000001249    2.2105878819698212548e-05
421    108    124    4.1742346141747701925e-06    0.034848469228349582272    2.3459832765576634194e-05
422    108    126    5.1368092477478520321e-06    0.025469893096281712164    1.8527235744742799085e-05
423    108    145    1.7247448713915880021e-06    0.015823111018040351278    2.1977213872503274545e-05
424    109    115    1.5000000000000106259e-06    0.02812500000000039968    3.153468879687142774e-05
425    109    143    3.0495097567963892803e-06    0.018451408247611853636    3.2287612716541441889e-05
426    110    128    5.0276925690687093991e-06    0.035107906345928779901    2.0418463487353043803e-05
427    110    178    2.0811388300841852319e-06    0.023037972500447721769    3.8670756338387055713e-05
428    111    134    2.0811388300841852319e-06    0.030936705929172657326    2.1215887105715714616e-05
429    112    114    3.6622776601683748275e-06    0.035295467526758814159    1.7900032952286462976e-05
430    112    141    1.7247448713915799553e-06    0.030986925743662057514    3.0764374387224651037e-05
431    113    117    4.9999999999999997737e-07    0.015625    2.0392059234705916517e-05
432    113    117    4.9999999999999997737e-07    0.0625    1.9414028048929404422e-05
433    113    127    3.4999999999999914772e-06    0.030624999999999853728    2.391393097170823863e-05
434    113    150    1.4999999999999970734e-06    0.04687499999999981265    2.3868181654726314836e-05
435    114    119    2.0811388300841852319e-06    0.040103137315594179768    4.5149340817109361284e-05
436    114    141    3.4999999999999914772e-06    0.023557692307692192774    3.0070445415885193696e-05
437    114    143    2.4999999999999942753e-06    0.032552083333333182991    3.7779177980599705326e-05
438    114    143    2.3708286933869801624e-06    0.019516766296482693926    3.1678426410793397651e-05
439    114    152    3.0495097567963981741e-06    0.020393661747360590508    2.3541493014765700956e-05
440    114    156    2.0811388300841983609e-06    0.027763710449257864021    3.9133869718759534747e-05
441    114    156    3.7403703492039355933e-06    0.017754277092898441276    3.2906754250089278579e-05
442    114    170    1.4999999999999970734e-06    0.037499999999999859834    3.3148426058756717632e-05
443    115    124    1.4999999999999970734e-06    0.0624999999999997502    2.7114299574622431253e-05
444    115    132    4.9999999999999997737e-07    0.0625    2.30997437565317351e-05
445    115    145    2.499999999999999781e-06    0.023320895522388054161    1.9070110641662802137e-05
446    116    126    3.5822070014844851312e-06    0.022124494830145634283    3.085234919152831523e-05
447    116    164    2.08113883008418862e-06    0.03093670592917275447    3.5790303241938241016e-05
448    118    148    1.2071067811865456497e-06    0.024285113019775719789    2.9886928690732115761e-05
449    118    148    4.7426406871192800462e-06    0.024555284592924934983    1.9933973350857901393e-05
450    119    127    5.8851648071345019752e-06    0.028482865795340862186    1.8318232032283408281e-05
451    119    141    2.8452078799117227398e-06    0.017006739243512102727    5.3193959496536724683e-05
452    119    143    5.5990195135927841948e-06    0.014731682102252246017    2.4592315675517319661e-05
453    119    165    3.0495097567963850451e-06    0.046497548783981740295    3.9374245561831989939e-05
454    119    166    1.9142135623731007452e-06    0.025445927516479976971    5.966227356650904447e-05
455    119    166    1.4999999999999970734e-06    0.037499999999999859834    6.8957951330583642678e-05
456    119    170    1.4999999999999970734e-06    0.0624999999999997502    4.8294340922270518853e-05
457    119    171    3.5000000000000050297e-06    0.011427238805970182239    4.9924945339101573405e-05
458    119    175    3.0495097567963875862e-06    0.015815492783667284282    4.360354941615307144e-05
459    119    178    2.6213203435596460998e-06    0.027267144220474846816    7.0610405463935121766e-05
460    119    229    2.0811388300841852319e-06    0.030936705929172657326    9.5190006939837988218e-05
461    120    142    1.4999999999999970734e-06    0.037499999999999859834    2.604923208909585048e-05
462    120    142    2.0811388300841894671e-06    0.037337403707622320026    2.5489412541219175624e-05
463    121    158    2.499999999999999781e-06    0.037202380952380945112    2.0043329015755372892e-05
464    124    126    6.1124860801609081336e-06    0.025109197634516713243    2.2119429464123961237e-05
465    124    127    1.5000000000000038496e-06    0.020833333333333443199    4.4661711695663243145e-05
466    125    178    4.2416573867739312307e-06    0.018136751397957513732    4.4887268182194007464e-05
467    126    139    4.9999999999999997737e-07    0.0625    3.2786042166863195891e-05
468    126    139    1.9142135623730935454e-06    0.030535113019775749627    2.8338661829164319902e-05
469    126    145    2.3708286933869670334e-06    0.027023214872052662983    2.4336882806459199824e-05
470    126    164    6.3309518948453026875e-06    0.020366337344941740084    2.8967263071870720244e-05
471    126    174    2.0811388300841915846e-06    0.016658226269554609472    4.2829970201404735748e-05
472    127    143    4.5000000000000026551e-06    0.021634615384615411837    3.4506726940070616501e-05
473    127    150    1.4999999999999970734e-06    0.028124999999999889672    2.6632051292906437341e-05
474    127    165    2.6213203435596507585e-06    0.012631103572720011469    3.4607893136553602063e-05
475    127    165    2.0811388300841915846e-06    0.040103137315594429568    4.0222902372649939004e-05
476    127    177    1.2071067811865551788e-06    0.030356391274720125051    4.6796261702669467446e-05
477    128    130    2.6213203435596333943e-06    0.030675537248033908633    2.7497212858792049263e-05
478    128    137    4.5620192023179809271e-06    0.037702933337532586189    1.8298348596487572801e-05
479    129    146    2.5000000000000010515e-06    0.032552083333333356463    2.1518745136138649708e-05
480    129    148    4.8011626335213125239e-06    0.01927354735244256323    1.6237739202857000081e-05
481    129    191    3.4154759474226531853e-06    0.0243030748904639049    4.830813534820216804e-05
482    130    146    4.1055512754639789059e-06    0.03216708258676317933    2.1025221602198382846e-05
483    130    146    1.4999999999999970734e-06    0.029605263157894624176    4.3278151291997648663e-05
484    130    154    1.2071067811865359088e-06    0.030356391274719157075    3.9779068959554442957e-05
485    130    154    3.8166247903554052285e-06    0.017677942706742041934    2.3558093796186997519e-05
486    130    159    3.2386127875258313953e-06    0.019715437570537286405    2.0512492197250394032e-05
487    132    151    2.6213203435596499115e-06    0.027706936869192257816    2.9885858175629797823e-05
488    133    143    1.4999999999999970734e-06    0.035156249999999861222    2.408405636310635318e-05
489    133    151    2.3708286933869678805e-06    0.025549221333577083054    2.3641003929726714947e-05
490    134    142    1.4999999999999970734e-06    0.029605263157894624176    2.1375715468718353349e-05
491    134    142    2.8452078799117210457e-06    0.033177081475048157688    2.2574721602812684331e-05
492    134    156    3.0495097567963981741e-06    0.015396539332444418233    2.3884221045195650168e-05
493    136    137    1.4999999999999970734e-06    0.023437499999999906325    3.0870856674286007955e-05
494    137    148    3.3284271247461821371e-06    0.03336875639983776648    3.9499416542043779791e-05
495    137    148    4.9999999999999997737e-07    0.015625    3.8122299458762134408e-05
496    137    153    2.4999999999999942753e-06    0.047348484848484632959    3.4062037521885026817e-05
497    137    159    4.1742346141747701925e-06    0.01735481535276373749    1.8785579243581096323e-05
498    137    180    3.0495097567963850451e-06    0.029428828344292241176    3.216582931126256721e-05
499    138    149    4.9999999999999997737e-07    0.0078125    3.9339726806505032888e-05
500    138    162    4.7426406871192986809e-06    0.01994028429709168021    2.3680222458875017883e-05
501    138    166    2.6213203435596333943e-06    0.026027728574089376706    4.4662166700217147716e-05
502    138    170    1.4999999999999970734e-06    0.023437499999999906325    7.2053298884709553445e-05
503    138    188    2.3708286933869619512e-06    0.029275149444723588127    3.8656688193329435065e-05
504    138    195    1.2071067811865359088e-06    0.030356391274719157075    4.5669277848212095434e-05
505    139    161    3.0495097567963905508e-06    0.029060967989988695237    2.4668024782022437351e-05
506    140    155    3.6622776601683773686e-06    0.036846916648814197204    1.7947657731272708402e-05
507    140    158    4.9999999999999997737e-07    0.0625    3.2349717148490126717e-05
508    140    161    3.4154759474226476796e-06    0.018114093086059990245    3.1266782967100559699e-05
509    140    189    1.500000000000000038e-06    0.020089285714285719242    4.5910770348424541929e-05
510    141    170    3.6622776601683832978e-06    0.024122801547065485933    2.9505207768315626734e-05
511    142    151    4.4999999999999891026e-06    0.029094827586206756936    2.3760188103485800181e-05
512    142    151    4.9999999999999997737e-07    0.03125    3.7613250177216583296e-05
513    142    156    2.2320508075688759512e-06    0.032776650049795214015    3.3901503237165615638e-05
514    142    196    2.08113883008418862e-06    0.027763710449257600343    3.7079334944419857891e-05
515    142    208    1.4999999999999970734e-06    0.010613207547169769066    4.8604676324479355364e-05
516    143    156    6.5415229867972817456e-06    0.011926288457858759753    1.7892116009274876721e-05
517    143    165    3.8166247903554026874e-06    0.031393587910248751949    3.5993716512289454436e-05
518    143    170    3.0495097567964011388e-06    0.026419061809080816861    3.8393207366087703605e-05
519    143    186    2.5000000000000078278e-06    0.034722222222222445809    3.6278511346150434211e-05
520    145    176    2.3708286933869670334e-06    0.031936526666971332133    2.2868148033521322227e-05
521    145    177    4.9999999999999997737e-07    0.0625    3.4933845214693331951e-05
522    145    177    4.9999999999999997737e-07    0.03125    3.4927488203652783138e-05
523    145    185    2.499999999999999781e-06    0.033967391304347824277    2.8466717891530850281e-05
524    146    148    1.4999999999999970734e-06    0.04326923076923060163    3.9844077207660424217e-05
525    146    159    2.3708286933869771978e-06    0.028677697415239802869    2.9509611831257686644e-05
526    146    191    6.1124860801609242272e-06    0.014944994432064423809    3.0416724242781650623e-05
527    148    153    1.724744871391586308e-06    0.028603316071072883847    3.4374586088176871347e-05
528    148    158    2.7360679774997876963e-06    0.04158926654166544834    3.7204428687652648527e-05
529    148    159    2.2320508075688759512e-06    0.0303783585827370195    4.0321078993968466559e-05
530    148    172    1.2071067811865456497e-06    0.018213834764831789842    2.8824751652906122903e-05
531    148    187    4.9999999999999997737e-07    0.0625    3.667441407977612512e-05
532    148    191    3.4999999999999999475e-06    0.027101769911504428739    5.6214066319743399001e-05
533    148    202    4.9999999999999997737e-07    0.0062500000000000003469    4.9104421602621706644e-05
534    148    203    1.2071067811865456497e-06    0.021428040899802103247    5.8883319309297046463e-05
535    148    213    4.9999999999999997737e-07    0.020833333333333332177    5.8206618832161774717e-05
536    150    160    3.6622776601683748275e-06    0.036846916648814141693    1.7940971508067062382e-05
537    150    175    2.8452078799117168106e-06    0.014772277153123588786    2.3966567453388091646e-05
538    150    180    3.4154759474226510677e-06    0.018002277696639902571    3.6775442694536328932e-05
539    151    156    4.9999999999999997737e-07    0.03125    3.3612108884077999092e-05
540    151    181    2.0811388300841928552e-06    0.033837022110032838329    2.3894690075520969095e-05
541    151    181    4.9999999999999997737e-07    0.0625    3.128425661177893901e-05
542    151    186    1.5000000000000038496e-06    0.024456521739130564208    3.9609356304911403713e-05
543    151    204    1.4999999999999970734e-06    0.035156249999999861222    3.5005717214060468078e-05
544    152    156    4.9999999999999997737e-07    0.0625    2.553824957100103005e-05
545    152    168    2.4999999999999942753e-06    0.027901785714285587403    1.3879518079228640335e-05
546    152    170    4.9999999999999997737e-07    0.0089285714285714298105    3.9880712454698851832e-05
547    153    169    1.4999999999999970734e-06    0.05113636363636343829    2.1737596104109248925e-05
548    153    172    3.0495097567963875862e-06    0.043053285911094273108    2.0575632607578658395e-05
549    153    180    3.0495097567963850451e-06    0.033693875930421550435    3.0580527845208319926e-05
550    154    178    3.8911649915626491162e-06    0.041596607119677893316    4.1199645341610102852e-05
551    155    158    2.6213203435596460998e-06    0.012448044100651561861    2.3701017008526655894e-05
552    155    163    3.5822070014844948721e-06    0.043352050680691006646    2.3973196075076140348e-05
553    155    174    3.4999999999999982534e-06    0.022685185185185162415    4.1266844264465325841e-05
554    155    179    3.3284271247461846782e-06    0.013126098489035729552    2.9359432621287685555e-05
555    156    170    3.049509756796395633e-06    0.02767711237141789668    4.3053639810702169939e-05
556    156    184    4.9999999999999997737e-07    0.03125    4.559220647751096499e-05
557    156    184    1.914213562373095663e-06    0.035232822715125934609    2.6056592218115105894e-05
558    156    186    4.5620192023179766919e-06    0.020403940394429363053    4.1712555014788823876e-05
559    156    186    1.2071067811865456497e-06    0.060712782549439285595    5.0145943326685884351e-05
560    156    205    1.724744871391585461e-06    0.029747448713915769503    3.4292133974467062089e-05
561    156    206    1.4999999999999970734e-06    0.035156249999999861222    4.2767227326748441345e-05
562    157    191    4.9999999999999997737e-07    0.0056818181818181819759    3.4057651877859325797e-05
563    158    197    2.5000000000000078278e-06    0.020833333333333467485    2.9834965260045036306e-05
564    159    178    1.5000000000000106259e-06    0.037500000000000539846    3.7240669042783213286e-05
565    159    203    4.0355339059327283388e-06    0.021656295087676413758    4.4304097136954541424e-05
566    159    214    4.9999999999999997737e-07    0.020833333333333332177    4.6951717214631019789e-05
567    160    163    3.500000000000000371e-06    0.039772727272727285974    2.4455718729265307635e-05
568    160    165    3.0495097567963892803e-06    0.01905637245245158512    2.490296506885929901e-05
569    160    169    2.7360679774997953196e-06    0.043523651031975710279    2.0574813431681333024e-05
570    160    175    2.0811388300841894671e-06    0.031846609044736684524    2.7974985087228687499e-05
571    160    180    2.6213203435596427117e-06    0.025262207145439866812    4.0670482297699501106e-05
572    160    182    2.8452078799117151165e-06    0.023262091608941715126    2.4302198629903532608e-05
573    160    193    3.7403703492039250054e-06    0.048577674823624628075    2.7758449024008771894e-05
574    161    173    1.7247448713915875786e-06    0.028603316071072925481    1.4641419569505673861e-05
575    161    179    2.7360679774997970136e-06    0.018529871231435221524    2.5315288280872444307e-05
576    161    189    4.1055512754639941525e-06    0.023541272731095012893    2.358528556385461176e-05
577    161    189    4.9999999999999997737e-07    0.015625    3.7735839410137336281e-05
578    162    166    3.3284271247461821371e-06    0.044671077115911839162    2.8892215675699647854e-05
579    162    188    3.4154759474226743611e-06    0.029458272594502059316    1.9566189825703118454e-05
580    162    188    3.0495097567963905508e-06    0.035225415745440843973    3.2318440351991305497e-05
581    163    169    3.0495097567963850451e-06    0.024472394096832498361    2.3935084820717541262e-05
582    163    172    3.0495097567963905508e-06    0.033212534845701364994    3.9398313491382963201e-05
583    163    182    3.8911649915626364107e-06    0.023222645692580756727    1.8888916801970020401e-05
584    163    202    3.0495097567963918214e-06    0.012432499674861484038    4.1156278231907664049e-05
585    164    174    3.0495097567963850451e-06    0.027033458595338222957    2.5123616596937350335e-05
586    164    179    4.5620192023179851622e-06    0.022140445959912796736    2.9782106158194597724e-05
587    164    185    5.027692569068707705e-06    0.028988179551684298274    1.888422497420921855e-05
588    164    190    4.9999999999999997737e-07    0.010416666666666666088    4.1378455259627721632e-05
589    165    186    2.0811388300841983609e-06    0.041645565673886796032    2.9865073791189900606e-05
590    166    170    3.0495097567963875862e-06    0.01198390432576850774    4.437099817060805528e-05
591    166    171    3.5000000000000050297e-06    0.025520833333333412668    2.5864812838230536406e-05
592    166    194    1.7247448713915799553e-06    0.046480388615493091475    3.123574369719296195e-05
593    166    198    1.4999999999999970734e-06    0.026785714285714180144    4.8809612344884711606e-05
594    166    198    2.5000000000000078278e-06    0.031250000000000201228    4.6408624460339035979e-05
595    168    170    2.5000000000000078278e-06    0.036337209302325812477    1.5869913827976261966e-05
596    168    170    4.9999999999999997737e-07    0.0089285714285714298105    2.6252018851048115129e-05
597    168    206    1.7247448713915799553e-06    0.023989877995093205482    2.6862311967116803488e-05
598    169    180    3.0495097567963850451e-06    0.013285013938280498466    2.8330670732608277012e-05
599    169    193    2.4999999999999942753e-06    0.062499999999999715505    1.6870684116427945269e-05
600    170    171    3.0495097567963850451e-06    0.026122218417967271037    2.3123769682020445184e-05
601    170    194    2.6213203435596621935e-06    0.034356601717798730677    2.7075616661651278331e-05
602    170    195    2.3708286933869653394e-06    0.015968263333485641781    4.7082099447680688829e-05
603    170    206    4.9999999999999997737e-07    0.03125    2.7184529549314435438e-05
604    170    206    3.5822070014844948721e-06    0.034128210110331215488    2.8429422051587148544e-05
605    172    180    4.4370039370059049058e-06    0.022680880111757950601    1.9986473657488530947e-05
606    172    203    4.1742346141747617221e-06    0.031338551464343028519    4.2439364772372814235e-05
607    173    207    4.9999999999999997737e-07    0.0056818181818181819759    2.4675673616085495193e-05
608    174    177    3.8911649915626245522e-06    0.013189168111117213766    3.3024210329426456731e-05
609    174    179    2.0811388300841915846e-06    0.037337403707622396354    3.4530520623949926217e-05
610    174    182    2.8452078799117108813e-06    0.017297452734854043555    2.065776323093768119e-05
611    174    190    4.4370039370059040587e-06    0.030569881889760706223    1.1087235258996256556e-05
612    175    178    1.9142135623730910043e-06    0.015794023975746029897    4.7183912079583231443e-05
613    175    180    4.9999999999999997737e-07    0.010416666666666666088    4.2231786797029352782e-05
614    176    177    2.2320508075688742572e-06    0.033662505456546379379    2.5022339964679680236e-05
615    176    185    2.08113883008418862e-06    0.024608743352751052957    2.2696971810135768938e-05
616    176    216    2.499999999999999781e-06    0.021404109589041094702    3.0329635994779648113e-05
617    177    185    1.4999999999999970734e-06    0.029605263157894624176    3.7782698775593390053e-05
618    177    186    6.7849025449882620898e-06    0.025631905648657124508    1.2749080475387644678e-05
619    177    190    2.9494897427831795208e-06    0.020912234958613429986    3.4890691849604678104e-05
620    177    200    4.9999999999999997737e-07    0.0625    2.0893803534502253347e-05
621    177    210    3.2386127875258263131e-06    0.036418794401131257543    2.8267250884646606842e-05
622    178    180    3.4154759474226417504e-06    0.019061235208206850356    4.082183011434313048e-05
623    178    198    6.8639610306789292392e-06    0.010678594975221883737    3.0259610647971563007e-05
624    178    198    2.3708286933869763508e-06    0.033457313651113082531    5.2442198548463718542e-05
625    178    214    3.0495097567963719161e-06    0.023967808651536769149    4.7523502100245155404e-05
626    178    215    4.9999999999999997737e-07    0.03125    4.395392542393773477e-05
627    178    215    4.9999999999999997737e-07    0.015625    3.5970146360340171155e-05
628    178    218    1.2071067811865456497e-06    0.033116063208785066763    3.1807530742178574765e-05
629    179    189    5.1904157598234324791e-06    0.016035961761799680247    1.2755345155691883707e-05
630    180    203    4.9999999999999997737e-07    0.0078125    4.8791633650269801599e-05
631    180    213    1.5000000000000106259e-06    0.0175781250000002498    5.2558973940583815086e-05
632    180    214    3.0495097567963918214e-06    0.035225415745440871729    4.2428548145000466777e-05
633    181    199    2.0811388300841852319e-06    0.027763710449257513607    2.1784491738007084438e-05
634    181    200    3.2386127875258288542e-06    0.031216109486683987079    3.5911318332723796826e-05
635    181    204    2.6213203435596270416e-06    0.02489608820130275943    2.5595320997278746906e-05
636    181    208    2.0811388300841937022e-06    0.029264451554623024943    3.1185996214821079119e-05
637    182    201    1.7247448713915884256e-06    0.026560222065996313967    3.2799737691403977127e-05
638    182    209    3.0495097567963918214e-06    0.029806121015373044508    3.7059542580670326334e-05
639    182    226    1.2071067811865359088e-06    0.036427669529662989878    5.1060803752051713044e-05
640    182    227    4.9999999999999997737e-07    0.03125    4.4996592826687412613e-05
641    184    196    2.0811388300841852319e-06    0.02460874335275097663    1.8861961786617505729e-05
642    185    216    3.4999999999999999475e-06    0.017600574712643677483    2.2513878188659954493e-05
643    186    200    6.4160797830996113965e-06    0.014373631209182806054    1.1445189643135664117e-05
644    186    200    1.4999999999999970734e-06    0.033088235294117515628    3.5267676356432110145e-05
645    186    205    3.0495097567963918214e-06    0.015396539332444354048    2.9885231170262141411e-05
646    187    202    2.7360679774997893903e-06    0.014071556348683809945    1.4577424397831855661e-05
647    188    195    2.4999999999999942753e-06    0.016801075268817130398    2.3381421414099137844e-05
648    188    198    3.4154759474226603851e-06    0.019705195857132973974    4.7152498171317713425e-05
649    189    201    2.9494897427831765562e-06    0.013592952723098700868    1.4696727138388246249e-05
650    189    207    4.6231056256176498756e-06    0.013391670191489702182    2.6784272079810951441e-05
651    189    226    1.2071067811865359088e-06    0.017346509299839520807    3.5044540808436402675e-05
652    190    227    4.9999999999999997737e-07    0.0625    3.658253565741855038e-05
653    190    227    1.7247448713915964724e-06    0.029747448713916151142    4.6713517011339737337e-05
654    190    241    2.5000000000000010515e-06    0.014602803738317769039    3.2669776141362125979e-05
655    191    203    8.0166481891864470235e-06    0.0099669119400102902662    3.2825980534808009664e-05
656    191    203    1.7247448713915799553e-06    0.030986925743662057514    4.8643204677238579018e-05
657    191    214    4.9999999999999997737e-07    0.0625    4.8274105661109248714e-05
658    193    202    1.4999999999999970734e-06    0.040178571428571271951    4.3953437952924933338e-05
659    193    209    3.5000000000000050297e-06    0.023026315789473748852    1.9840018952952522349e-05
660    193    220    1.4999999999999970734e-06    0.021634615384615300815    3.6179936108495495571e-05
661    193    239    1.2071067811865647079e-06    0.026019763949760521538    4.3737257854787697743e-05
662    194    195    3.049509756796382504e-06    0.038112744904903003706    2.8562391868188447095e-05
663    194    211    2.3708286933869581396e-06    0.020664811372745995471    1.4499356401774389882e-05
664    194    218    1.9142135623731007452e-06    0.026172954016950834844    5.176416756506521796e-05
665    196    204    1.4999999999999970734e-06    0.04326923076923060163    2.1040516208292283018e-05
666    196    206    4.9999999999999997737e-07    0.03125    3.6377541883890007843e-05
667    196    208    2.0811388300841725264e-06    0.026409383110269010753    1.8135339563692117691e-05
668    197    202    2.6213203435596558407e-06    0.013013864287044912132    2.1155672663692989198e-05
669    197    226    1.2071067811865359088e-06    0.033116063208784539407    3.3610314599076117782e-05
670    198    214    4.9999999999999997737e-07    0.0078125    6.1830558444556137435e-05
671    198    215    5.7440442408507666133e-06    0.024844912831966010219    3.6386010059146590501e-05
672    198    218    8.4686887252546100432e-06    0.013340529896810743998    2.5200440368921598163e-05
673    198    235    1.2071067811865263797e-06    0.033116063208784012051    3.1304951684997067663e-05
674    199    200    1.4999999999999970734e-06    0.05113636363636343829    2.9990398180550762635e-05
675    199    237    1.4999999999999970734e-06    0.04687499999999981265    3.9451991103111668402e-05
676    200    210    2.4999999999999942753e-06    0.055803571428571174806    2.7639375153020706555e-05
677    200    222    2.6213203435596427117e-06    0.031811668257220572509    2.9994825229774744069e-05
678    200    222    2.0811388300841983609e-06    0.029264451554623153312    2.5034512712284111931e-05
679    200    225    3.0495097567963981741e-06    0.028702190607396382144    3.3312616430528924495e-05
680    200    225    1.4999999999999970734e-06    0.010817307692307650407    4.5513581236733584778e-05
681    200    228    3.049509756796382504e-06    0.019870747343581907085    3.9020873082673285942e-05
682    200    237    2.621320343559637206e-06    0.016054486784017791418    3.9149915294403888992e-05
683    201    207    1.7247448713915841904e-06    0.041315900991549615873    4.1082107680282412628e-05
684    202    213    2.8452078799117002934e-06    0.0091990998635359463864    2.1410031836516258818e-05
685    203    213    2.736067977499807178e-06    0.020794633270833019073    5.1331750781697357605e-05
686    203    213    2.6213203435596558407e-06    0.019974768440580562001    6.4529443793361236648e-05
687    203    214    2.7360679774998076016e-06    0.023690088536392050339    5.4713947762675946675e-05
688    203    214    2.0811388300841725264e-06    0.030936705929172275686    6.0363285313319659854e-05
689    203    239    2.0811388300841809967e-06    0.032811657803667834687    5.7593859313935765799e-05
690    204    208    2.4999999999999942753e-06    0.04464285714285694262    2.3488607008436176966e-05
691    204    231    3.5822070014845041895e-06    0.017724042819730116    2.4943230305307364993e-05
692    205    206    2.3708286933869818565e-06    0.027553081830328549073    2.9289430592071411978e-05
693    205    231    1.7247448713915939313e-06    0.030986925743662560584    2.6599239285885072667e-05
694    206    217    4.0355339059327300329e-06    0.0138955067456763455    1.747189432472972959e-05
695    206    217    2.5000000000000078278e-06    0.028935185185185369194    2.9788657393483108471e-05
696    207    236    2.4999999999999976634e-06    0.035511363636363570129    4.3386198759180508665e-05
697    207    236    2.2320508075688751042e-06    0.034597575052561578557    4.1388835357883781759e-05
698    208    238    4.9999999999999997737e-07    0.010416666666666666088    2.3525217916585312329e-05
699    209    220    3.2386127875258352069e-06    0.031977478010749578463    2.4334803977983940424e-05
700    209    227    3.662277660168376945e-06    0.013855658739843349642    4.2412874748807798792e-05
701    209    229    3.3284271247462109362e-06    0.024728631974880198319    3.3636449012448039629e-05
702    209    229    3.2386127875258352069e-06    0.022604768938633321151    3.231070843517429384e-05
703    209    229    2.0811388300841809967e-06    0.03609282358403462232    4.4613821415900150322e-05
704    210    225    2.8452078799117210457e-06    0.035505297718911192628    1.911698258391206318e-05
705    211    218    2.0811388300841983609e-06    0.020822782836943398016    4.9833827960881342295e-05
706    214    215    6.0226805085936430128e-06    0.015164164092221479527    1.9002721245927817938e-05
707    214    239    2.5000000000000078278e-06    0.027901785714285892714    3.5199328630456777059e-05
708    215    218    3.8911649915626304815e-06    0.016898621642368980011    2.9843326524560108448e-05
709    215    235    2.4999999999999942753e-06    0.043402777777777581947    4.6364737861594420751e-05
710    216    237    2.4999999999999993575e-06    0.035511363636363618701    2.6217099119593185617e-05
711    216    241    4.9999999999999997737e-07    0.03125    3.3079313429039449422e-05
712    217    228    2.0811388300841983609e-06    0.047077595979176378727    5.2994930948024629815e-05
713    217    231    2.9494897427831735916e-06    0.029390168049943085626    4.1796300502108274814e-05
714    218    223    1.9142135623730910043e-06    0.035232822715125768076    3.8262241027182581385e-05
715    218    229    1.7247448713915909667e-06    0.028603316071073039972    6.6122716248108025661e-05
716    218    233    2.0811388300841809967e-06    0.037337403707622014715    5.0629375878241244385e-05
717    218    234    4.9999999999999997737e-07    0.0089285714285714298105    3.8763732979795912661e-05
718    218    235    4.7426406871192800462e-06    0.020447855170108403949    2.8323978504398594378e-05
719    218    235    4.3078865529319507562e-06    0.020171615818404264875    3.4152232527268416786e-05
720    218    240    3.4999999999999914772e-06    0.020148026315789380192    2.9202333259645874865e-05
721    220    239    2.8452078799117168106e-06    0.019459634326710880531    1.9689869160410057206e-05
722    220    240    3.0495097567963719161e-06    0.031417262691879284386    2.095409118539816006e-05
723    222    230    2.0811388300841987844e-06    0.031846609044736969019    3.2745115358673079612e-05
724    222    231    4.9999999999999997737e-07    0.012500000000000000694    4.2410523666326490559e-05
725    222    237    3.7403703492039343228e-06    0.017061427255126784819    1.3751031413637268262e-05
726    223    234    4.0355339059327393502e-06    0.026098612028738390339    1.518140300769392373e-05
727    223    235    2.4999999999999942753e-06    0.01816860465116270848    3.3453323392705619629e-05
728    225    232    5.0276925690687093991e-06    0.034913940012525859768    1.6046199900084504085e-05
729    225    241    1.9142135623730910043e-06    0.04163879048151226947    2.3454737529337043895e-05
730    226    227    4.0355339059327376562e-06    0.020255639186483508085    4.0397568299191966034e-05
731    226    236    3.8911649915626262463e-06    0.041596607119677407594    3.5199869578877905033e-05
732    226    241    1.4999999999999970734e-06    0.014062499999999944836    4.5282755129089470938e-05
733    227    229    2.5000000000000078278e-06    0.021404109589041230011    4.225687405079489291e-05
734    227    239    4.9999999999999997737e-07    0.0625    5.2814170995438721433e-05
735    228    229    2.6213203435596460998e-06    0.02120777883814710385    4.9793876283517443833e-05
736    228    229    6.3309518948452959112e-06    0.048879209627860055465    9.0560666847097215512e-06
737    229    232    4.5000000000000026551e-06    0.022500000000000030392    2.0484667437771740268e-05
738    229    240    2.0811388300841937022e-06    0.018996222938965821869    4.8431798034893055267e-05
739    231    238    3.4999999999999914772e-06    0.038765822784809937651    2.3558042732371833926e-05
740    231    242    1.4999999999999970734e-06    0.0092213114754097994658    2.5209447189658559183e-05
741    236    241    2.5000000000000010515e-06    0.020833333333333352994    3.4661856188554379687e-05
