81    9.999999999999999124e-05    9.999999999999999124e-05    9.999999999999999124e-05
1    5.800000000000000034e-05    4.6999999999999997238e-05    0    0    0    0    
2    8.7999999999999997712e-05    3.7999999999999995316e-05    3.999999999999999819e-06    5    8    10    10    15    21    0    0    40    41    42    43    44    
3    9.3999999999999994476e-05    9.6999999999999999634e-05    3.999999999999999819e-06    4    0    9    17    17    0    1    17    45    46    47    
4    3.999999999999999819e-06    9.7999999999999996836e-05    3.999999999999999819e-06    3    0    12    13    0    1    18    48    49    
5    5.3000000000000000778e-05    3.8999999999999999294e-05    4.999999999999999562e-06    0    0    0    
6    4.6000000000000000036e-05    5.3000000000000000778e-05    4.999999999999999562e-06    5    7    8    11    20    21    0    0    50    51    52    53    54    
7    1.0999999999999999714e-05    5.0999999999999999598e-05    6.000000000000000152e-06    10    6    12    13    13    13    20    20    21    21    23    0    0    50    55    56    57    58    59    60    61    62    63    
8    9.3999999999999994476e-05    5.9999999999999994744e-05    6.000000000000000152e-06    5    2    6    21    21    22    0    0    40    51    64    65    66    
9    7.2000000000000001824e-05    9.0999999999999989318e-05    7.999999999999999638e-06    4    0    3    17    19    0    1    19    45    67    68    
10    9.4999999999999991678e-05    2.499999999999999781e-05    9.999999999999999124e-06    6    2    2    15    21    26    26    0    0    41    42    69    70    71    72    
11    2.3000000000000000018e-05    7.999999999999999638e-06    1.29999999999999992e-05    10    -1    6    15    15    18    20    24    29    32    35    1    0    1    52    73    74    75    76    77    78    79    80    
12    2.900000000000000017e-05    9.2999999999999997274e-05    1.5999999999999999276e-05    9    0    4    7    13    13    14    16    23    23    0    1    20    48    55    81    82    83    84    85    86    
13    6.000000000000000152e-06    7.099999999999999107e-05    1.6999999999999999866e-05    7    4    7    7    7    12    12    23    0    0    49    56    57    58    81    82    87    
14    4.8000000000000001216e-05    9.8999999999999994038e-05    1.8000000000000000456e-05    2    0    12    0    1    21    83    
15    7.099999999999999107e-05    1.6999999999999999866e-05    1.8999999999999997658e-05    18    -1    -1    -1    -1    2    10    11    11    18    18    21    26    36    37    42    42    43    43    1    0    2    3    4    5    43    69    73    74    88    89    90    91    92    93    94    95    96    97    
16    5.0999999999999999598e-05    7.7000000000000001386e-05    2.0999999999999998838e-05    4    12    19    21    21    0    0    84    98    99    100    
17    9.6000000000000002432e-05    8.9999999999999992116e-05    2.0999999999999998838e-05    6    0    3    3    9    22    25    0    1    22    46    47    67    101    102    
18    4.8000000000000001216e-05    1.9999999999999999095e-06    2.1999999999999999428e-05    4    -1    11    15    15    1    0    6    75    88    89    
19    6.3999999999999997104e-05    8.5999999999999989756e-05    2.3000000000000000018e-05    3    9    16    25    0    0    68    98    103    
20    1.5999999999999999276e-05    4.3999999999999998856e-05    2.499999999999999781e-05    8    6    7    7    11    23    24    29    34    0    0    53    59    60    76    104    105    106    107    
21    5.8999999999999997542e-05    4.6000000000000000036e-05    2.59999999999999984e-05    20    2    6    7    7    8    8    10    15    16    16    22    25    26    28    28    33    33    34    34    40    0    0    44    54    61    62    64    65    70    90    99    100    108    109    110    111    112    113    114    115    116    117    
22    9.3999999999999994476e-05    7.3999999999999996228e-05    3.2999999999999995754e-05    5    8    17    21    25    41    0    0    66    101    108    118    119    
23    2.900000000000000017e-05    7.499999999999999343e-05    3.2999999999999995754e-05    9    7    12    12    13    20    34    34    34    38    0    0    63    85    86    87    104    120    121    122    123    
24    3.000000000000000076e-06    2.4000000000000000608e-05    3.3999999999999999732e-05    2    11    20    0    0    77    105    
25    8.3999999999999995352e-05    8.299999999999999815e-05    3.3999999999999999732e-05    8    17    19    21    22    31    40    46    48    0    0    102    103    109    118    124    125    126    127    
26    9.2999999999999997274e-05    2.499999999999999781e-05    3.4999999999999996934e-05    6    10    10    15    21    30    36    0    0    71    72    91    110    128    129    
27    6.999999999999999895e-06    8.4999999999999992554e-05    3.6000000000000000912e-05    2    0    39    0    1    23    130    
28    6.8999999999999996666e-05    5.3000000000000000778e-05    3.6999999999999998114e-05    5    21    21    30    36    40    0    0    111    112    131    132    133    
29    2.900000000000000017e-05    1.4999999999999998686e-05    4.1999999999999997676e-05    2    11    20    0    0    78    106    
30    9.6000000000000002432e-05    4.8999999999999998418e-05    4.3999999999999998856e-05    2    26    28    0    0    128    131    
31    6.7999999999999999464e-05    9.6999999999999999634e-05    4.3999999999999998856e-05    4    0    25    46    48    0    1    24    124    134    135    
32    6.000000000000000152e-06    4.999999999999999562e-06    4.6999999999999997238e-05    4    -1    11    35    51    1    0    7    79    136    137    
33    4.3999999999999998856e-05    4.8000000000000001216e-05    4.6999999999999997238e-05    7    21    21    34    40    49    54    54    0    0    113    114    138    139    140    141    142    
34    3.1999999999999998552e-05    5.6999999999999996362e-05    4.6999999999999997238e-05    15    20    21    21    23    23    23    33    35    38    39    40    44    46    49    52    0    0    107    115    116    120    121    122    138    143    144    145    146    147    148    149    150    
35    3.999999999999999819e-06    2.900000000000000017e-05    4.8000000000000001216e-05    5    11    32    34    49    54    0    0    80    136    143    151    152    
36    8.0999999999999990194e-05    2.1999999999999999428e-05    4.999999999999999562e-05    6    15    26    28    37    42    55    0    0    92    129    132    153    154    155    
37    9.6999999999999999634e-05    6.999999999999999895e-06    5.0999999999999999598e-05    3    -1    15    36    1    0    8    93    153    
38    3.7999999999999995316e-05    9.6999999999999999634e-05    5.19999999999999968e-05    8    0    23    34    39    46    46    46    50    0    1    25    123    144    156    157    158    159    160    
39    1.5999999999999999276e-05    8.2000000000000000948e-05    5.3000000000000000778e-05    6    27    34    38    44    45    50    0    0    130    145    156    161    162    163    
40    6.2999999999999999902e-05    6.0999999999999998722e-05    5.399999999999999798e-05    12    21    25    28    33    34    46    57    58    60    65    67    70    0    0    117    125    133    139    146    164    165    166    167    168    169    170    
41    9.3999999999999994476e-05    8.0999999999999990194e-05    5.399999999999999798e-05    5    22    46    47    48    65    0    0    119    171    172    173    174    
42    6.7999999999999999464e-05    4.999999999999999562e-06    5.4999999999999995182e-05    5    -1    15    15    36    69    1    0    9    94    95    154    175    
43    4.6999999999999997238e-05    3.999999999999999819e-06    5.800000000000000034e-05    5    -1    15    15    51    57    1    0    10    96    97    176    177    
44    3.000000000000000076e-06    6.4999999999999994306e-05    5.9999999999999994744e-05    3    34    39    49    0    0    147    161    178    
45    6.000000000000000152e-06    8.9999999999999992116e-05    5.9999999999999994744e-05    6    0    39    50    52    62    72    0    1    26    162    179    180    181    182    
46    6.9999999999999993868e-05    8.0999999999999990194e-05    6.0999999999999998722e-05    14    0    0    25    31    34    38    38    38    40    41    47    48    60    60    0    1    27    28    126    134    148    157    158    159    164    171    183    184    185    186    
47    8.8999999999999994914e-05    7.099999999999999107e-05    6.2999999999999999902e-05    4    41    46    53    53    0    0    172    183    187    188    
48    7.2000000000000001824e-05    9.6000000000000002432e-05    6.2999999999999999902e-05    7    0    25    31    41    46    65    70    0    1    29    127    135    173    184    189    190    
49    3.999999999999999819e-06    4.1999999999999997676e-05    6.3999999999999997104e-05    7    33    34    35    44    54    56    59    0    0    140    149    151    178    191    192    193    
50    3.2999999999999995754e-05    9.2000000000000000072e-05    6.3999999999999997104e-05    7    0    0    38    39    45    52    60    0    1    30    31    160    163    179    194    195    
51    2.3000000000000000018e-05    6.999999999999999895e-06    6.4999999999999994306e-05    6    -1    32    43    54    61    66    1    0    11    137    176    196    197    198    
52    2.499999999999999781e-05    7.5999999999999990632e-05    6.7000000000000002262e-05    5    34    45    50    62    75    0    0    150    180    194    199    200    
53    9.4999999999999991678e-05    2.9999999999999997372e-05    6.7999999999999999464e-05    4    47    47    55    67    0    0    187    188    201    202    
54    2.499999999999999781e-05    3.6000000000000000912e-05    6.8999999999999996666e-05    9    33    33    35    49    51    56    56    61    71    0    0    141    142    152    191    196    203    204    205    206    
55    8.299999999999999815e-05    1.8000000000000000456e-05    7.099999999999999107e-05    9    -1    36    53    57    67    69    69    69    73    1    0    12    155    201    207    208    209    210    211    212    
56    7.999999999999999638e-06    3.100000000000000135e-05    7.2000000000000001824e-05    4    49    54    54    66    0    0    192    203    204    213    
57    4.8999999999999998418e-05    1.9999999999999998248e-05    7.3999999999999996228e-05    12    40    43    55    61    67    69    69    69    71    74    75    80    0    0    165    177    207    214    215    216    217    218    219    220    221    222    
58    7.2999999999999999026e-05    6.2999999999999999902e-05    7.499999999999999343e-05    1    40    0    0    166    
59    3.999999999999999819e-06    5.19999999999999968e-05    7.5999999999999990632e-05    3    49    62    64    0    0    193    223    224    
60    4.8000000000000001216e-05    7.7999999999999998588e-05    7.5999999999999990632e-05    5    40    46    46    50    75    0    0    167    185    186    195    225    
61    3.1999999999999998552e-05    1.4999999999999998686e-05    7.7000000000000001386e-05    8    -1    51    54    57    66    69    69    71    1    0    13    197    205    214    226    227    228    229    
62    9.000000000000000228e-06    7.2000000000000001824e-05    7.7000000000000001386e-05    3    45    52    59    0    0    181    199    223    
63    3.6000000000000000912e-05    9.999999999999999124e-05    7.7999999999999998588e-05    1    0    0    1    32    
64    9.9999999999999995475e-07    3.1999999999999998552e-05    7.9999999999999992992e-05    1    59    0    0    224    
65    9.3999999999999994476e-05    9.0999999999999989318e-05    7.9999999999999992992e-05    8    0    0    0    40    41    48    70    74    0    1    33    34    35    168    174    189    230    231    
66    4.999999999999999562e-06    1.0999999999999999714e-05    8.299999999999999815e-05    5    -1    51    56    61    76    1    0    14    198    213    226    232    
67    8.2000000000000000948e-05    4.3999999999999998856e-05    8.3999999999999995352e-05    5    40    53    55    57    74    0    0    169    202    208    215    233    
68    2.699999999999999899e-05    8.5999999999999989756e-05    8.4999999999999992554e-05    0    0    0    
69    5.6999999999999996362e-05    7.999999999999999638e-06    8.700000000000000051e-05    15    -1    -1    42    55    55    55    57    57    57    61    61    73    73    74    76    1    0    15    16    175    209    210    211    216    217    218    227    228    234    235    236    237    
70    5.800000000000000034e-05    9.6999999999999999634e-05    8.700000000000000051e-05    4    0    40    48    65    0    1    36    170    190    230    
71    1.4999999999999998686e-05    3.100000000000000135e-05    8.7999999999999997712e-05    7    54    57    61    75    76    79    79    0    0    206    219    229    238    239    240    241    
72    6.000000000000000152e-06    9.4999999999999991678e-05    8.7999999999999997712e-05    3    0    45    78    0    1    37    182    242    
73    9.3999999999999994476e-05    1.6999999999999999866e-05    8.8999999999999994914e-05    4    55    69    69    74    0    0    212    234    235    243    
74    9.0999999999999989318e-05    4.999999999999999562e-05    9.2000000000000000072e-05    6    57    65    67    69    73    80    0    0    220    231    233    236    243    244    
75    3.6999999999999998114e-05    7.099999999999999107e-05    9.2999999999999997274e-05    8    52    57    60    71    77    78    79    80    0    0    200    221    225    238    245    246    247    248    
76    9.999999999999999124e-06    1.4999999999999998686e-05    9.3999999999999994476e-05    3    66    69    71    0    0    232    237    239    
77    1.9999999999999999095e-06    6.9999999999999993868e-05    9.4999999999999991678e-05    1    75    0    0    245    
78    1.8999999999999997658e-05    8.3999999999999995352e-05    9.4999999999999991678e-05    3    0    72    75    0    1    38    242    246    
79    3.000000000000000076e-06    5.19999999999999968e-05    9.6000000000000002432e-05    3    71    71    75    0    0    240    241    247    
80    6.9999999999999993868e-05    6.4999999999999994306e-05    9.6000000000000002432e-05    3    57    74    75    0    0    222    244    248    
81    3.6999999999999998114e-05    9.999999999999999124e-05    9.8999999999999994038e-05    1    0    0    1    39    
