15    4.999999999999999562e-05    4.999999999999999562e-05    4.999999999999999562e-05
1    3.000000000000000076e-06    2.3000000000000000018e-05    3.000000000000000076e-06    3    -1    3    5    1    0    1    10    11    
2    4.3999999999999998856e-05    4.4999999999999996058e-05    3.999999999999999819e-06    4    -1    4    7    7    1    0    2    12    13    14    
3    4.2999999999999994878e-05    9.000000000000000228e-06    6.000000000000000152e-06    4    -1    1    5    10    1    0    3    10    15    16    
4    2.1999999999999999428e-05    3.9999999999999996496e-05    9.000000000000000228e-06    4    -1    2    7    9    1    0    4    12    17    18    
5    1.0999999999999999714e-05    4.999999999999999562e-06    1.8999999999999997658e-05    5    1    3    9    9    12    0    0    11    15    19    20    21    
6    1.9999999999999999095e-06    4.8000000000000001216e-05    2.0999999999999998838e-05    0    0    0    
7    4.6000000000000000036e-05    3.8999999999999999294e-05    2.1999999999999999428e-05    5    2    2    4    10    11    0    0    13    14    17    22    23    
8    4.8000000000000001216e-05    9.9999999999999995475e-07    2.4000000000000000608e-05    0    0    0    
9    1.399999999999999979e-05    3.4999999999999996934e-05    2.4000000000000000608e-05    4    4    5    5    11    0    0    18    19    20    24    
10    4.3999999999999998856e-05    2.3000000000000000018e-05    3.3999999999999999732e-05    5    3    7    11    12    15    0    0    16    22    25    26    27    
11    3.3999999999999999732e-05    3.1999999999999998552e-05    3.4999999999999996934e-05    8    0    7    9    10    12    12    12    14    0    1    5    23    24    25    28    29    30    31    
12    1.399999999999999979e-05    6.000000000000000152e-06    4.2999999999999994878e-05    8    0    5    10    11    11    11    14    14    0    1    6    21    26    28    29    30    32    33    
13    4.6999999999999997238e-05    1.9999999999999999095e-06    4.4999999999999996058e-05    1    0    0    1    7    
14    1.8000000000000000456e-05    4.6000000000000000036e-05    4.4999999999999996058e-05    4    0    11    12    12    0    1    8    31    32    33    
15    4.1999999999999997676e-05    2.9999999999999997372e-05    4.999999999999999562e-05    2    0    10    0    1    9    27    
