1    1.6500000000000000795e-18    5.0128710269927978251e-07    0.047855339059327275941    0
2    4.2899999999999995134e-18    5.0165486335754389025e-07    0.049058449684467604623    0
3    6.1825651054326764932e-16    4.0994024276733400506e-06    0.040081862019119562923    0
4    8.5293216479808034447e-16    3.5134816169738766853e-06    0.034005621601234957418    0
5    8.6661377214554981274e-16    4.6182951927185056812e-06    0.013792879714395359786    0
6    8.4493169260043096299e-16    5.4392023086547851171e-06    0.019321145381920430684    0
7    1.3147199999999994015e-15    5.2668414115905756116e-06    0.03171367297944547442    0
8    1.9575261773931984666e-15    5.3532466888427730119e-06    0.026374197985026610891    0
9    9.9999999999999987895e-19    5.0009191036224366539e-07    0.027782883909013528917    0
10    4.3026014819892854063e-15    6.5290513038635254704e-06    0.023855204719558355253    0
11    2.7657658292459581687e-15    4.9051361083984374809e-06    0.02380371964284917416    0
12    3.1605732685587757814e-15    5.6892080307006836549e-06    0.02856677033091141113    0
13    4.5620464863937380385e-15    7.5331296920776361336e-06    0.010672021974280004181    0
14    3.9999999999999995158e-18    5.0027579069137566632e-07    0.061728395061728252857    0
15    6.1812383396831387712e-15    7.5334758758544917103e-06    0.0095649757721698487611    0
16    2.4310241950365217379e-15    6.8107786178588862374e-06    0.025061580080302438278    0
17    8.9867834162377111639e-16    4.5186309814453121884e-06    0.028385482056812193913    0
18    1.4435309981734351991e-15    5.849271774291992105e-06    0.034571194608401814574    0
19    2.5024548009886850829e-15    6.8791356086730950678e-06    0.023600974805193426082    0
20    1.2100930185030776183e-15    4.5176463127136227431e-06    0.037003558719913801078    0
21    1.9378520579545500824e-15    5.6885032653808591813e-06    0.024015718318382488911    0
22    5.4861840392773198409e-17    1.5034861564636229053e-06    0.034197721473587266994    0
23    3.0389372590187001593e-15    7.5330591201782223711e-06    0.022117616190871370457    0
24    9.5211344762786624145e-16    4.2080383300781245057e-06    0.037759668569973127428    0
25    9.8795781743918598597e-15    8.53814029693603419e-06    0.019626054971371650198    0
26    2.3880546835483304381e-15    5.6902570724487306261e-06    0.012210293225971734915    0
27    3.0563383710178638521e-15    4.9066329002380366681e-06    0.020261230501806649917    0
28    4.8582826875325843335e-15    5.9299225807189936789e-06    0.023243664052702207867    0
29    1.2999999999999998619e-17    5.0082743167877198675e-07    0.014224047541650366999    0
30    1.8883363069142898168e-15    4.5190815925598140231e-06    0.02295984793861971518    0
31    1.6165079083868492075e-16    1.504580855369567749e-06    0.011921154865607878556    0
32    5.9999999999999988885e-18    5.0055164098739619193e-07    0.02731339209093595552    0
33    1.0580767453241580745e-14    7.6581492424011218801e-06    0.013195153476909539034    0
34    2.9270341448549235483e-15    4.9052677154541013044e-06    0.019690560948136353464    0
35    3.4603343205205251108e-15    6.3100552558898919122e-06    0.017660798081741403698    0
36    1.7521513271736413814e-15    5.5246558189392090281e-06    0.010012918371572738716    0
37    1.5114885947063736353e-15    5.1784052848815914134e-06    0.027398706968913399268    0
38    4.1283094560963229171e-15    5.353731155395507342e-06    0.0081663683306082267971    0
39    1.5722194644804964732e-15    4.6186785697937012183e-06    0.030001598714582571048    0
40    1.2005581741970550295e-15    3.5140187740325924142e-06    0.033652745359958366467    0
41    3.9128846591154326564e-15    6.809403419494628479e-06    0.021481944207700252175    0
42    7.9603756431872321374e-16    4.9051513671874995726e-06    0.028220741181786863916    0
43    4.0919202438521280957e-15    5.8495554924011223879e-06    0.024605355276364631462    0
44    2.5671946520477868279e-16    1.9558966159820553862e-06    0.030798676748582234919    0
45    8.1456622342894630299e-15    6.8782486915588377977e-06    0.01948049945119069426    0
46    1.0529621434551989958e-14    9.3910503387451169067e-06    0.014890309661696013097    0
47    1.9999999999999997579e-18    5.0018388032913208418e-07    0.041666666666666761498    0
48    1.5225599981987038012e-15    6.3094553947448723898e-06    0.013251566055413709425    0
49    3.4289305080427053341e-15    5.4392642974853517177e-06    0.02171848408113368975    0
50    1.2528869856873156555e-15    5.2670812606811518513e-06    0.031199150403500526541    0
51    2.1213070391097833773e-15    5.5242838859558102715e-06    0.028271372796786858189    0
52    1.4224373176380942291e-15    5.5240416526794431065e-06    0.0327885122565589604    0
53    1.7307991313704992923e-15    4.5187344551086427538e-06    0.032484471335295493633    0
54    6.4999999999999996176e-17    9.1622036695480347584e-07    0.019959853168165259119    0
55    2.0299725238968956318e-15    4.9992570877075194355e-06    0.026229189143518995275    0
56    8.4747865422099301571e-16    3.874664306640624833e-06    0.02935726049428740575    0
57    1.8112194771257470022e-15    4.0993981361389160461e-06    0.016113433182681567712    0
58    1.2359850994550107975e-15    5.267181873321532798e-06    0.031871406791741267728    0
59    2.0574485075402064721e-15    5.5236177444458001441e-06    0.025285294735682549427    0
60    1.6353360846227089106e-15    4.5184864997863763514e-06    0.033414883524357424927    0
61    2.7102140317369868902e-15    7.4075827598571777064e-06    0.025807777960803704453    0
62    2.7807399841885416831e-15    5.6898298263549801988e-06    0.017429716984785660616    0
63    6.4050169580185768958e-15    6.0834951400756832597e-06    0.023562743049675306112    0
64    5.8566191725518992074e-16    4.5187125205993648852e-06    0.030378243954368524399    0
65    1.4682068352924003923e-15    3.87435507774352987e-06    0.02572894450478627193    0
66    1.3441085486984808041e-15    5.6883258819580073885e-06    0.014391694929378456153    0
67    2.7896819557382610452e-15    5.3535580635070795536e-06    0.021768088278644685124    0
68    4.7165135626056771341e-16    3.1174054145812987545e-06    0.037466940688171725127    0
69    7.1470032809011163792e-16    3.6373708248138425339e-06    0.028099084226047635338    0
70    4.9185615745557810927e-15    5.4393677711486814361e-06    0.014533300060649026464    0
71    1.1047448385189627542e-15    4.998522758483886471e-06    0.02440069178303049327    0
72    7.5073903587212983149e-16    3.1177754402160644319e-06    0.036843001831326743778    0
73    5.9524792454261108892e-16    3.5137457847595212955e-06    0.03453563298371427337    0
74    8.6356422279266769509e-16    4.7157402038574216491e-06    0.022613859154124255069    0
75    7.1771805293472547825e-16    3.1169905662536620708e-06    0.011058422096922256722    0
76    1.1958386591512309926e-15    4.9054126739501949876e-06    0.028892193007059110282    0
77    3.6662628193112148024e-15    7.5339441299438474092e-06    0.024268480877720991634    0
78    3.9659431737990871957e-15    5.689020156860351621e-06    0.019094588329216594103    0
79    4.9728645917505944386e-15    6.1601796150207516407e-06    0.0072041150116866651751    0
80    2.1425957690614745498e-15    4.9059839248657225586e-06    0.031272738928284471438    0
81    2.183206982641940119e-15    5.6892509460449220055e-06    0.02286342341339952372    0
82    8.594455395408739868e-16    4.51823139190673802e-06    0.02471461936831786943    0
83    1.6794345130690587503e-15    5.3539247512817377661e-06    0.025867450144648602289    0
84    1.1216822739791511762e-15    3.8750426769256591727e-06    0.027402197554035206267    0
85    2.7684434309488642317e-15    5.266613960266112692e-06    0.024702602239039445076    0
86    3.4307180111173372865e-15    6.599507808685302629e-06    0.016681128647410035232    0
87    7.5008361323494870422e-15    8.6489076614379880838e-06    0.02041146049674987667    0
88    9.5600690906182596002e-16    4.5191226005554192946e-06    0.030852055040790391655    0
89    1.6508172871290736253e-15    4.6184110641479487197e-06    0.020446955256246790444    0
90    8.4212501267004414495e-16    4.208214759826659759e-06    0.028522955711770638099    0
91    1.0047430924353495635e-15    4.099366664886474476e-06    0.023351340903033451779    0
92    2.908438717893975889e-15    5.5231065750122069417e-06    0.0074492536216789369263    0
93    5.7687788956128976275e-15    5.8501577377319336827e-06    0.015036118144315387124    0
94    1.4933351071681489144e-15    4.5184607505798340187e-06    0.0290026853727886752    0
95    1.4197925471054684522e-15    4.0992274284362791831e-06    0.020696212164970622521    0
96    4.4688403677448387493e-16    2.8271605968475339773e-06    0.031726559928690653556    0
97    9.9654367869314284642e-17    1.5034685134887694647e-06    0.010302547935587304251    0
98    3.6226904314478489033e-15    8.3127651214599611838e-06    0.025815614605724949981    0
99    2.1780695060996811741e-15    5.4398717880249018624e-06    0.028354511011468602755    0
100    8.0553920761800804477e-15    6.2356338500976559464e-06    0.017214910564275737181    0
101    4.6892999999999991067e-16    4.9059095382690426379e-06    0.032319091061707834467    0
102    5.6577178827031000765e-15    6.5280890464782708929e-06    0.020597450628090048508    0
103    1.2340188140562430015e-15    3.9890832901000970661e-06    0.043286137832808740944    0
104    1.613172599722452175e-15    4.7160124778747559984e-06    0.026602507039911422321    0
105    2.3201966160650718068e-15    6.5287432670593255465e-06    0.02422855280300099251    0
106    8.5722629530865678261e-15    6.5284481048583984831e-06    0.0083426558078407205693    0
107    1.0980820164144575789e-14    8.9749879837036130854e-06    0.015367897995859351734    0
108    1.9078157553819517397e-15    5.5235204696655275093e-06    0.0079590810334674386844    0
109    1.0859512671659039898e-15    3.7581031322479248442e-06    0.027227378325338200821    0
110    1.8576027279453008906e-15    5.8500256538391111658e-06    0.024692868208277648362    0
111    9.1071435135723377456e-16    4.6189665794372555057e-06    0.0329712560395887741    0
112    1.2891897941315996181e-15    4.4164609909057612691e-06    0.030866903339684788332    0
113    2.1429718143730313585e-15    4.7158255577087396571e-06    0.026738442995617946879    0
114    2.7801663899464657602e-15    5.2670655250549310662e-06    0.019712834011058544964    0
115    1.8030710613713606658e-15    4.6179361343383789381e-06    0.015575121163999257681    0
116    1.5822641942263018216e-15    5.4388327598571772859e-06    0.025479564760683554026    0
117    8.2319177460242982882e-16    4.4167208671569822983e-06    0.027919308956995257665    0
118    1.4022232574925810986e-15    5.3539948463439936824e-06    0.019375061989858825828    0
119    1.2198011931564906795e-14    7.6579008102416984785e-06    0.028071939502720539422    0
120    1.108800000000000263e-16    2.5094511508941647231e-06    0.035611721904711658715    0
121    7.9637632475867217121e-16    4.0991806983947755213e-06    0.020959578527932454239    0
122    9.1019833712848436176e-16    4.9057426452636719331e-06    0.029595728327693408832    0
123    1.9999999999999998349e-17    5.0137901306152336464e-07    0.010519292493271036396    0
124    2.8421692533085433103e-15    6.7405147552490229633e-06    0.024183509581966494695    0
125    2.0553446637539475921e-15    5.5236577987670897231e-06    0.027542122308990470841    0
126    4.6202012303001751732e-15    9.442696571350097119e-06    0.014302196458488040595    0
127    3.9435360422929189867e-15    7.8423070907592773259e-06    0.026280494027996988138    0
128    1.0708552119035107986e-15    5.266544342041015469e-06    0.02665078005150573956    0
129    8.1648602703319048066e-16    5.6063661575317378142e-06    0.014671510035340834879    0
130    2.0767229590754082884e-15    5.9292974472045896701e-06    0.02494452992222157342    0
131    1.9999999999999998349e-17    5.0137901306152336464e-07    0.03762104263754044442    0
132    5.9075977995379523269e-16    3.5139214992523193559e-06    0.010309912160144759502    0
133    2.2359968340007193471e-16    3.1170797348022458135e-06    0.036730879428304184786    0
134    5.0329997892856016243e-16    4.5186095237731930131e-06    0.028032111147280120572    0
135    9.9999999999999987895e-19    5.0009191036224366539e-07    0.027782883909013528917    0
136    2.7374435543425544633e-16    2.3353238105773923765e-06    0.034419692047747717234    0
137    2.4414282568805184095e-15    5.2669439315795896374e-06    0.025947097601257605032    0
138    3.5702492351415217678e-15    5.5232925415039058964e-06    0.020599940998068548559    0
139    9.2850110206541948482e-16    4.2076058387756343814e-06    0.01177872200473983888    0
140    2.0642711100509628915e-15    4.6188492774963380813e-06    0.0083019274446886788532    0
141    1.3811891853437248552e-15    4.6183233261108397864e-06    0.03429221043492792359    0
142    4.7959950843765678905e-15    7.3422508239746088205e-06    0.01690308438215847725    0
143    5.2218914668244079527e-15    8.9738988876342773822e-06    0.018658633971729950835    0
144    3.6999999999999997254e-17    1.2347122430801391173e-06    0.032460178608857206961    0
145    5.9492060851360520839e-16    3.5141022205352781901e-06    0.010409606859609973548    0
146    4.5142410551747425243e-15    7.3432178497314452487e-06    0.027462031875558481214    0
147    1.3999999999999999461e-17    5.0101131200790398768e-07    0.03620505830339978276    0
148    6.0458203767475391357e-15    6.7402706146240227192e-06    0.0093818449635990272539    0
149    2.027468066792228613e-15    4.4163703918457027171e-06    0.02750236702170948469    0
150    1.2350961066181306227e-15    5.6880636215209954339e-06    0.025705487190276932186    0
151    3.2534440072990490608e-15    7.0144839286804195187e-06    0.020968338940022403227    0
152    5.6774179085235888806e-16    3.637531280517578079e-06    0.043955957791780943256    0
153    1.1447385569917838593e-15    3.8745560646057124169e-06    0.02682977252186651701    0
154    3.9754078810293380831e-15    6.3098258972167967605e-06    0.029610274619342562274    0
155    3.3028234780823300792e-15    6.810061931610107137e-06    0.028075551315013064918    0
156    6.1095108872700845065e-15    7.3432745933532713053e-06    0.019457548862558664976    0
157    3.5405622477691685881e-16    2.5079591274261473866e-06    0.011574091665610552679    0
158    1.5180902430714647809e-15    4.5182790756225582214e-06    0.015095645916556510793    0
159    1.6204845564667081998e-15    5.3538727760314935603e-06    0.025119895011084941716    0
160    2.017072944308981236e-15    5.2666182518005366965e-06    0.024250530504724917419    0
161    2.2623484208191847769e-15    5.3527474403381344363e-06    0.013228945066453293156    0
162    9.0443660195895834834e-16    5.4394302368164058829e-06    0.03111874986275707175    0
163    2.0756922692726875968e-15    4.9058256149291990157e-06    0.03223519136662209017    0
164    4.4620077763469158108e-15    6.5289421081542965147e-06    0.015161351177370217466    0
165    2.6642657254521050422e-15    5.607015609741210617e-06    0.023139652726244307884    0
166    4.0951460602193982045e-15    5.5237269401550290998e-06    0.017459111828047105958    0
167    2.099999999999999611e-17    5.0147098302841188932e-07    0.039502094769417676889    0
168    2.9848498106168466407e-16    3.5130684375762937341e-06    0.031850364603062765456    0
169    5.1929761832181814561e-16    3.7578713893890379202e-06    0.036185964635615151808    0
170    6.8376724695645425519e-15    6.5996832847595213428e-06    0.025350814441158213419    0
171    5.4383205097430694743e-16    4.4170298576354979147e-06    0.03424890083404186214    0
172    1.1229478723449509898e-15    4.9059166908264154139e-06    0.028042763601442480953    0
173    3.334814193319588006e-16    2.5092911720275878712e-06    0.0087607613860514240572    0
174    1.7808284260967774513e-15    5.6066293716430663083e-06    0.022902624612540417592    0
175    2.1880722761239331832e-15    4.9062414169311518154e-06    0.030949611838626440996    0
176    1.2667643970600565091e-15    4.2072558403015134935e-06    0.013701972461408808493    0
177    3.6012606057055551801e-15    7.2129521369934081066e-06    0.024602947473653154903    0
178    1.4053815063631167925e-14    9.0281352996826164895e-06    0.020008361949463975005    0
179    3.052483570938143761e-15    6.5286879539489747228e-06    0.024669286261127860993    0
180    4.7579592262618010148e-15    6.1599683761596673524e-06    0.017808180360617285876    0
181    1.9461608688445975332e-15    5.1785869598388672107e-06    0.015242667246311944473    0
182    1.6351341787303725924e-15    4.9978222846984860018e-06    0.03470942613085011702    0
183    9.9999999999999987895e-19    5.0009191036224366539e-07    0.027782883909013528917    0
184    3.9543609296233829706e-16    2.8273801803588865043e-06    0.057300764469702142323    0
185    1.4686024308918881087e-15    5.9271926879882807978e-06    0.011537678937374840071    0
186    3.0663599999999992052e-15    7.4073185920715326727e-06    0.018091869934246922885    0
187    6.8565880733845785327e-16    3.6376345157623288743e-06    0.017074528294759624969    0
188    4.9489156816662051325e-15    6.0074291229248048048e-06    0.027403243843117951195    0
189    2.0139899999999986334e-15    6.2355489730834957846e-06    0.017029222072298524915    0
190    2.3442638509275190375e-15    5.2662954330444333741e-06    0.032215161715271174725    0
191    5.7426599999999985368e-15    9.544648170471190974e-06    0.022573182788379497765    0
192    5.9999999999999988885e-18    5.0055164098739619193e-07    0.039879449216106047094    0
193    2.9062657427979635784e-15    5.6883172988891602266e-06    0.023893199267096907473    0
194    1.6341438571570810407e-15    4.4163374900817867612e-06    0.026796556248438740955    0
195    9.716751641900772254e-16    3.7580606937408447634e-06    0.034282547839819460522    0
196    1.1632470201370445285e-15    4.5182456970214844192e-06    0.030903301142906843685    0
197    5.1652453941491047573e-16    3.6367549896240233034e-06    0.034454614392274880708    0
198    1.020223889477894865e-14    1.0547463417053221606e-05    0.018127674455081798505    0
199    5.0162588136713665447e-16    3.117604017257690376e-06    0.0096432225513292356422    0
200    4.5148974629371024273e-15    7.5962915420532220817e-06    0.024209704883130876013    0
201    8.4452555566110601603e-16    3.637302160263061427e-06    0.0248272686326491826    0
202    1.6891789633239454517e-15    4.6176638603210445888e-06    0.019069200409752937869    0
203    1.3448029375450454805e-14    8.8140830993652344874e-06    0.010419556846969598579    0
204    7.0290000000000004235e-16    4.4169945716857910334e-06    0.029034565981041721844    0
205    8.4187994021160355236e-16    3.758252620697021455e-06    0.025096111530674369838    0
206    2.0162966059507267479e-15    4.9064936637878413752e-06    0.02078922499011000985    0
207    4.5120410960817598801e-15    5.5242543220520017806e-06    0.0090483104597575067518    0
208    3.0573120623224928839e-15    5.2666292190551756308e-06    0.019054940903635620569    0
209    2.0983846232597645071e-15    4.6181864738464354188e-06    0.026868435803632392811    0
210    1.0551664626704657338e-15    4.5181193351745602927e-06    0.028493993171231957878    0
211    2.6089592534171181839e-16    3.5125629901885984985e-06    0.030907526178590331162    0
212    3.9999999999999995158e-18    5.0036776065826408512e-07    0.026586299477404099628    0
213    5.214948004731020155e-15    4.9058551788330075066e-06    0.017734099188043774692    0
214    4.7855808736896489785e-15    7.4069404602050776797e-06    0.015855733119426496797    0
215    3.1256131868805778761e-15    6.5995454788208004357e-06    0.023607918250396896231    0
216    2.9622679070732332462e-15    5.9288020133972164056e-06    0.01318195733729069126    0
217    3.4009932148822450398e-15    5.5245447158813469933e-06    0.021608959452467896983    0
218    8.3549684600810416915e-15    9.8891410827636709856e-06    0.02297353781269838302    0
219    1.0199999999999999343e-16    1.7412419319152831663e-06    0.035065197338860883136    0
220    8.4688874639715270381e-16    3.9879798889160158107e-06    0.037974948878315865908    0
221    2.7999999999999998922e-17    5.0147098302841188932e-07    0.039042211318103335616    0
222    1.6221164128112264073e-15    4.9049916267395016439e-06    0.032679708000218576913    0
223    6.2818241254247970928e-16    4.4173269271850580572e-06    0.032365496185909635452    0
224    1.2999999999999998619e-17    5.0082743167877198675e-07    0.040327532548182741523    0
225    1.6105792786388390107e-15    5.8496727943420406592e-06    0.027471901806120906098    0
226    5.5069048927747743678e-15    8.5383558273315433298e-06    0.011078228949935866807    0
227    2.8882904547030318908e-15    4.9059624671936033832e-06    0.021240881316491089931    0
228    2.5696195092742836846e-15    6.5991497039794915784e-06    0.029626404612449624282    0
229    5.9232805253001302021e-15    6.5998911857604981661e-06    0.022940917584407242991    0
230    7.3278273529985189523e-16    3.5135939121246337593e-06    0.010114876777925890447    0
231    3.3907317356000575595e-15    6.5283589363098143169e-06    0.019155120861120984721    0
232    6.468000000000000774e-16    5.9287071228027338492e-06    0.029404369140870516286    0
233    8.3629325164915921367e-16    4.9982609748840332097e-06    0.039150915735362577796    0
234    4.2458737777652034156e-16    4.4164752960205076683e-06    0.033081331637028935089    0
235    2.6426966871128356795e-15    6.5288586616516107388e-06    0.032967210356325722664    0
236    1.7141318564583953278e-15    4.9063491821289063853e-06    0.023814936285411144462    0
237    1.3094950179873162493e-15    5.5233607292175287336e-06    0.023024379798745622794    0
238    9.6297832328356550584e-16    4.5191063880920406633e-06    0.031573259309609975898    0
239    2.1092647266096578772e-15    5.523650646209716947e-06    0.030287053743261203864    0
240    1.5770793033947902399e-15    5.5232915878295893569e-06    0.031534772655843597289    0
241    1.0278044465261017557e-15    4.416629791259765053e-06    0.026680050324509631265    0
242    5.4511034179190034142e-16    3.6369721889495849051e-06    0.030778184765486008012    0
243    1.999249999999991022e-16    2.5087933540344236815e-06    0.021600052106091022913    0
244    4.4099999999999757637e-17    1.5037509202957152468e-06    0.018096749162607499162    0
245    7.5449999999998901339e-18    5.0183868408203126628e-07    0.037499999999999908407    0
