1    2.0199999999999992663e-18    5.0102406740188601013e-07    0.047264532404273910948    0
2    6.929999999999996251e-18    9.1607713699340814999e-07    0.042726572701964428413    0
3    1.6500000000000000795e-18    5.0110286474227907924e-07    0.047855339059327275941    0
4    4.2899999999999995134e-18    5.0141793489456178824e-07    0.049058449684467535234    0
5    5.0383171602384296459e-18    5.0157552957534792646e-07    0.045704903038995513265    0
6    1.5556648558786121574e-16    2.5070858001708984757e-06    0.012266369212291416274    0
7    6.7144213084102342699e-17    1.5041749477386474589e-06    0.011026460106603243674    0
8    2.7829020452905826785e-16    3.5114960670471191635e-06    0.031189195306589364426    0
9    8.0409645875464080676e-16    3.5134298801422118261e-06    0.032129230040060283158    0
10    6.7825091877506917028e-16    3.5117678642272948195e-06    0.034626819443833577183    0
11    2.3209257932535231871e-16    2.5084173679351806906e-06    0.0097037502102540144217    0
12    6.1825651054326774793e-16    4.0969939231872552589e-06    0.040081862019119562923    0
13    8.5408994373726428506e-16    3.5115516185760497574e-06    0.034005621601234957418    0
14    8.5733999999999964889e-16    5.4358925819396966561e-06    0.030032654896332437733    0
15    1.5320844151588231733e-15    5.2636523246765137338e-06    0.031713672979445481359    0
16    1.9738931671635307425e-15    5.3500552177429193618e-06    0.031625811136258598355    0
17    5.6065826211296742604e-16    4.5156717300415033086e-06    0.032675815006201418267    0
18    4.6649416632085743155e-15    5.5207443237304688126e-06    0.028331487274622143419    0
19    1.705088372614019353e-15    5.520359992980956736e-06    0.027943091412519174832    0
20    1.5070638843552475829e-15    4.7133502960205072611e-06    0.031539462353831829167    0
21    4.3110345145168693747e-15    5.9248228073120111993e-06    0.018234570714038295797    0
22    9.9999999999999987895e-19    5.0007879734039304648e-07    0.027782155407799605934    0
23    4.3026014819892838286e-15    6.5248928070068353921e-06    0.023855204719558355253    0
24    2.7657587593671083607e-15    4.9022774696350095478e-06    0.023803719642849160282    0
25    3.1605350858972101373e-15    5.6856589317321776475e-06    0.028566770330911404191    0
26    4.6836900000000017627e-15    7.528387069702148165e-06    0.02408762064476766343    0
27    3.9999999999999995158e-18    5.0023633241653445392e-07    0.061728395061728252857    0
28    3.3889070906774214937e-15    8.5332717895507816352e-06    0.036315180001117879083    0
29    3.3329916042844316257e-15    5.8469138145446771334e-06    0.013247437688884896104    0
30    2.3582404257829213342e-15    4.6153202056884760164e-06    0.017114593317920270832    0
31    2.6120524752189198087e-15    6.8063888549804687754e-06    0.025061580080302434809    0
32    8.90492213532406126e-16    4.5159640312194824474e-06    0.028385482056812173096    0
33    3.7959807668031755608e-16    3.5118286609649655339e-06    0.010908021465644230155    0
34    5.2191011927515915335e-15    6.6667776107788079883e-06    0.016781984534247871427    0
35    1.540505155523630234e-15    5.8457336425781250319e-06    0.034571194608401793757    0
36    2.7770510064492481689e-15    6.8747458457946776058e-06    0.023600974805193426082    0
37    5.3090286252553421064e-15    7.5913887023925774911e-06    0.024501705848972724078    0
38    1.3365071451554837146e-15    4.9032821655273437826e-06    0.025358241762509475814    0
39    1.2100961894127094019e-15    4.5151205062866205271e-06    0.037003558719913801078    0
40    2.1352195417895192271e-15    5.6850547790527341206e-06    0.024015718318382488911    0
41    5.4861840392773198409e-17    1.5029871463775634646e-06    0.034197721473587315566    0
42    4.7602717981383884617e-15    5.8466730117797852012e-06    0.013852261415974996897    0
43    3.039765511415670167e-15    7.5283265113830559503e-06    0.022117616190871370457    0
44    3.8616849267073292597e-15    6.8751735687255858794e-06    0.018632225372563433752    0
45    9.5211751401290626898e-16    4.2055158615112306017e-06    0.037759668569973106611    0
46    9.9220069709517372432e-15    8.5326805114746084277e-06    0.019626054971371646729    0
47    1.2380065912780514967e-15    4.5165586471557614257e-06    0.014173358848510545296    0
48    2.910084222469722114e-15    5.5199131965637202125e-06    0.0095858923119430342746    0
49    2.7263772612723340717e-15    5.6865572929382325452e-06    0.02889863347984813341    0
50    3.3395498922164088644e-15    4.9035601615905756751e-06    0.020231574126703785049    0
51    4.8880834657893859997e-15    5.9260864257812499237e-06    0.023243664052702211337    0
52    8.9725936216948568697e-15    8.3069353103637688971e-06    0.0093117057965560658811    0
53    1.4988188824388382047e-15    4.9026103019714352649e-06    0.010594025964618305341    0
54    3.469735517656722475e-15    6.2315797805786129731e-06    0.026941745079512691152    0
55    1.8883363069142902112e-15    4.5163502693176267561e-06    0.02295984793861971171    0
56    1.2844332583512103542e-15    4.5169396400451660375e-06    0.013672316329296795023    0
57    4.8258164811253633634e-16    2.670692920684814543e-06    0.012951182171693739406    0
58    8.298363361044574504e-15    8.6987543106079097291e-06    0.016534872326733396353    0
59    7.9999999999999990316e-18    5.0063019990921023203e-07    0.039065582905573423278    0
60    1.0616038865304229575e-14    7.653266429901122079e-06    0.013198596373210800745    0
61    4.2006588493233751831e-15    8.3071689605712880532e-06    0.02230524281518321203    0
62    6.1316839553965165486e-15    8.7536725997924805958e-06    0.023774292776438547825    0
63    5.1006155095324915044e-15    6.8741807937622071185e-06    0.0230720532292869214    0
64    2.9296305419793243302e-15    4.9023900032043451214e-06    0.019690560948136349995    0
65    3.3523696882103252051e-15    6.3060865402221677939e-06    0.022096247116529570131    0
66    3.3047913138676765162e-15    7.0769619941711423223e-06    0.015395814852037179379    0
67    1.5114885947063760019e-15    5.1753206253051757936e-06    0.027398706968913416615    0
68    4.8084122377071938852e-15    6.5962281227111813523e-06    0.014015580339568262103    0
69    1.6399773849161688899e-15    4.6158642768859860217e-06    0.030001598714582564109    0
70    1.1638281889407737345e-15    3.5120120048522946402e-06    0.033652745359958366467    0
71    3.84832956132066176e-16    3.6346721649169918762e-06    0.031703214715145346114    0
72    3.9159686367120820372e-15    6.8052101135253902127e-06    0.021481944207700252175    0
73    1.8125276230475620848e-15    5.6854567527770992144e-06    0.021590114353086147653    0
74    7.9603756431872370677e-16    4.9022903442382807142e-06    0.028220741181786825752    0
75    5.1598014309435641079e-15    6.0802302360534662284e-06    0.0084643630934296120588    0
76    4.0875243898033336275e-15    5.8459768295288087365e-06    0.024605355276364634931    0
77    2.119206006675792905e-15    4.9026880264282226505e-06    0.018397392131287694517    0
78    2.5847045724337891667e-16    1.9549795389175412585e-06    0.030798676748582214102    0
79    8.7203577490226376023e-15    6.8739857673645014615e-06    0.019480499451190690791    0
80    1.037123673703773015e-14    9.3850107192993164116e-06    0.014886098053014946985    0
81    1.1999999999999997777e-17    5.0070899724960330114e-07    0.015542161292306466008    0
82    1.0855306771497956403e-15    3.9855821132659914537e-06    0.029004525842806494484    0
83    1.0893299999999998943e-15    6.2318091392517089717e-06    0.02542420686752976805    0
84    2.0934208426185849744e-15    5.2637000083923339352e-06    0.025962485530447918652    0
85    6.3641130470323307449e-16    3.5114164352416991223e-06    0.016700840081952675331    0
86    1.2516523427968579315e-15    7.0097608566284176464e-06    0.028536011609673048173    0
87    3.4289305080427053341e-15    5.4359455108642574015e-06    0.021718484081133679342    0
88    2.5127895337389329115e-15    4.9022555351257325262e-06    0.034844290324156444727    0
89    7.1664129118190385981e-16    4.9030008316040035781e-06    0.02866575450491150312    0
90    1.2528869856873156555e-15    5.2638578414916987848e-06    0.031199150403500526541    0
91    6.2874298881400960483e-15    7.5908012390136712889e-06    0.018968238011586972813    0
92    2.2495138861850306323e-15    6.5960712432861321952e-06    0.020349134044497563245    0
93    2.1491403147847312913e-15    5.520807743072509799e-06    0.028271372796786865128    0
94    1.4224247794355448527e-15    5.5206003189086908219e-06    0.032788512256558988156    0
95    1.7116216870788773395e-15    4.5160527229309079203e-06    0.032484471335295486694    0
96    3.8858857051180069897e-15    7.1427326202392575689e-06    0.020912120211814943377    0
97    2.0299685085551996759e-15    4.996103286743163592e-06    0.026229189143518995275    0
98    2.2245430073378598021e-15    6.4516143798828124145e-06    0.017981339414111407321    0
99    3.0079095020575193311e-15    5.4363222122192380087e-06    0.025128207202277531157    0
100    8.4746925313327138375e-16    3.8724076747894288481e-06    0.029357260494287374525    0
101    1.3435005781422926531e-15    4.0969901084899899477e-06    0.02848492206213525807    0
102    1.5146223671065350292e-15    5.9253001213073727533e-06    0.025246674435546921644    0
103    1.1672665909308601633e-15    5.2639441490173333323e-06    0.031871406791741267728    0
104    2.0574485075402052888e-15    5.5202369689941400743e-06    0.025285294735682549427    0
105    1.5429497628294012949e-15    4.5158405303955079395e-06    0.033414883524357424927    0
106    2.7101533095930628141e-15    7.4027767181396479044e-06    0.025807777960803683637    0
107    2.1856738429247826388e-15    5.6861915588378900252e-06    0.025407342683437677405    0
108    6.4771179184216693891e-15    6.0797653198242188416e-06    0.023562743049675306112    0
109    8.0155185191522997391e-16    4.5160341262817383636e-06    0.03037824395436851399    0
110    7.8843985581160269525e-15    6.5244202613830565358e-06    0.021170554367970689791    0
111    1.5331025167675459469e-15    3.8721425533294672749e-06    0.02572894450478627193    0
112    2.1752706310565752785e-15    5.6849031448364255076e-06    0.024566693522119896487    0
113    2.8628147224066146534e-15    5.3503222465515131671e-06    0.021768088278644685124    0
114    4.7165135626056781202e-16    3.1157083511352537897e-06    0.037466940688171725127    0
115    1.270033665878678223e-15    4.5158948898315430707e-06    0.016171335522341324931    0
116    7.1470032809011173652e-16    3.6353287696838378786e-06    0.02809908422604761799    0
117    1.8802766873311250569e-15    5.9252042770385736573e-06    0.024004968068093070904    0
118    1.1925736501360437013e-15    4.995474338531494272e-06    0.02440069178303049327    0
119    7.507390358721300287e-16    3.1160254478454587218e-06    0.036843001831326722961    0
120    5.9524792454261108892e-16    3.5117781162261961374e-06    0.03453563298371427337    0
121    1.3783060594075737691e-15    4.2054061889648437997e-06    0.032850857136956138072    0
122    8.6356422279266799091e-16    4.7129364013671875405e-06    0.022613859154124237721    0
123    2.9004400699641895004e-15    5.5199232101440426072e-06    0.0080511780454230862797    0
124    2.409970688315822461e-15    6.5964922904968255389e-06    0.021561594218271262074    0
125    1.1958386591512311898e-15    4.9025139808654783226e-06    0.028892193007059103343    0
126    3.6662287333391707545e-15    7.5290851593017577088e-06    0.024268480877720998573    0
127    4.0057606557988215704e-15    5.6854977607727044859e-06    0.019094588329216580225    0
128    2.3155208256713688045e-15    5.8464565277099603689e-06    0.025783563430591901339    0
129    1.0895857738478881649e-15    4.5158367156982417813e-06    0.029410759553394380528    0
130    2.1425957690614725777e-15    4.9030036926269531967e-06    0.031272738928284471438    0
131    1.8526199999999997209e-15    7.0093951225280759734e-06    0.011998351449919033435    0
132    2.231840588693409965e-15    5.6856956481933589145e-06    0.022863423413399537598    0
133    8.594455395408739868e-16    4.5156216621398921818e-06    0.02471461936831786943    0
134    9.819857479102013445e-16    3.7550141811370847965e-06    0.0084226706605732282185    0
135    3.0047295471854076934e-15    6.4519033432006832413e-06    0.0240886723316401756    0
136    2.0635381603407207954e-15    5.3506364822387693275e-06    0.025867450144648591881    0
137    1.2330799738046086166e-15    3.8727316856384272096e-06    0.027402197554035175042    0
138    2.7684434309488634429e-15    5.2634572982788080769e-06    0.024702602239039441606    0
139    6.1436812153079218463e-15    7.8368396759033192472e-06    0.013192724101377544671    0
140    1.7655928616174534197e-15    6.2309999465942382402e-06    0.035290665293180582818    0
141    7.4618164819478806623e-15    8.4768352508544915589e-06    0.020973442951911155929    0
142    3.8714969260533837744e-15    6.5954370498657223312e-06    0.016681128647410031762    0
143    7.4976432481434216722e-15    8.6434001922607421202e-06    0.02041146049674987667    0
144    9.5600690906182615724e-16    4.5163850784301757911e-06    0.030852055040790391655    0
145    1.6508172871290734281e-15    4.6156349182128900231e-06    0.020446955256246790444    0
146    8.4219751102216534755e-16    4.2056670188903805214e-06    0.028522955711770672793    0
147    6.2134837352292992453e-15    6.1561045646667481853e-06    0.019543518147395147477    0
148    1.0589184284630754569e-15    4.0969629287719723821e-06    0.02335134090303344831    0
149    1.3933544416984029745e-14    9.0224542617797840442e-06    0.011187474958924525925    0
150    9.3200894883557792298e-16    6.1559901237487786856e-06    0.031181488392993613606    0
151    3.2182061275390772044e-15    7.5285215377807616072e-06    0.022532681659514323946    0
152    1.5080344212521746581e-15    4.5158181190490722246e-06    0.0290026853727886752    0
153    8.8693820510982077734e-16    4.9950394630432123753e-06    0.030754348404244173654    0
154    1.0909109883237331233e-15    4.0968437194824218787e-06    0.023357251592752998476    0
155    3.2728058840702007887e-15    6.2306103706359864666e-06    0.018853496971914619068    0
156    4.6368848300016791302e-16    2.8256525993347165091e-06    0.031726559928690660495    0
157    2.1955698648862053974e-14    1.1205708503723143534e-05    0.01096974797351462326    0
158    3.8112548477631064799e-15    8.3073539733886713154e-06    0.025815614605724949981    0
159    2.1780695060996807797e-15    5.4364662170410151524e-06    0.028354511011468592346    0
160    9.0122999999999985524e-16    4.9027247428894039176e-06    0.022929497649658681091    0
161    8.0557072756997399361e-15    6.2317075729370114854e-06    0.017214910564275733712    0
162    2.8007233719148995639e-15    4.9033317565917970631e-06    0.016416331577595904417    0
163    2.0325265177681532982e-15    4.5154914855957027441e-06    0.0076839294085390393366    0
164    4.9888465325019132178e-16    4.902939796447753517e-06    0.032319091061707834467    0
165    5.724319603915298082e-15    7.2089548110961911898e-06    0.027544345703029916861    0
166    5.6186618555543334792e-15    6.5240678787231438755e-06    0.020597450628090038099    0
167    1.2340188140562430015e-15    3.986657381057739451e-06    0.043286137832808727066    0
168    1.0034165327616719428e-15    3.6363260746002195672e-06    0.0058642513239936843242    0
169    6.4421321520166132802e-16    4.2047190666198731903e-06    0.036760476085629413545    0
170    1.6131725997224523722e-15    4.7131695747375488504e-06    0.026602507039911457015    0
171    3.2957606413872959326e-15    6.3057980537414548133e-06    0.010326851932633749481    0
172    4.7340558589738499431e-15    6.3058590888977048743e-06    0.024678167589876391641    0
173    3.0886213362828825238e-15    6.8057508468627927532e-06    0.028890554564210142729    0
174    2.3349081439238022778e-15    6.5246286392211912055e-06    0.024228552803000982102    0
175    7.2662016271668148554e-15    6.5243759155273437994e-06    0.018666456516517833386    0
176    9.5765999999999986697e-16    6.2312102317810059889e-06    0.024786501655145686679    0
177    1.0930797829686857367e-14    8.9691181182861329138e-06    0.016842859912445641568    0
178    1.1218615590391007252e-15    3.7558896541595457095e-06    0.027227378325338186943    0
179    1.8573730322728998547e-15    5.8463797569274903698e-06    0.02469286820827766224    0
180    7.0749548354905439182e-15    6.8743891716003417881e-06    0.019172774998452574158    0
181    9.1071435135723357734e-16    4.6161112785339350375e-06    0.0329712560395887741    0
182    1.2891897941315998153e-15    4.4139585494995113075e-06    0.030866903339684805679    0
183    3.7653167230190077754e-15    8.7538213729858387432e-06    0.020648366399410887639    0
184    2.1429718143730305696e-15    4.7130093574523922284e-06    0.026738442995617957287    0
185    2.7801663899464657602e-15    5.2638444900512689251e-06    0.019712834011058544964    0
186    4.7238958426232891612e-15    7.3386411666870114454e-06    0.021198050418528111005    0
187    1.6796883486418392682e-15    5.4355759620666504174e-06    0.025479564760683547087    0
188    8.2635753375368489917e-16    4.4141812324523923764e-06    0.027919308956995257665    0
189    1.4563802149411838839e-15    5.350696563720702849e-06    0.025890840054618703692    0
190    2.019836175740383035e-15    5.9252600669860840213e-06    0.025166061670880212481    0
191    4.620656434299243299e-15    7.4028816223144528556e-06    0.019139383350693432023    0
192    7.5496252678253917472e-16    4.4135537147521974421e-06    0.011617268138966338475    0
193    1.2198011931564911528e-14    7.6530532836914064057e-06    0.028071939502720539422    0
194    9.9999999999999987895e-19    5.0007879734039304648e-07    0.027782155407799605934    0
195    1.6711924508097241047e-16    2.5080981254577637564e-06    0.035611721904711658715    0
196    8.3030812353838650327e-16    4.0968036651611322997e-06    0.027506488809064831569    0
197    9.1019833712848337568e-16    4.9027972221374507592e-06    0.029595728327693499038    0
198    3.2821558886795040573e-15    6.7363042831420895262e-06    0.024183509581966498164    0
199    2.0440457150360932814e-15    5.5202713012695312631e-06    0.027542122308990470841    0
200    2.7579177344622146561e-15    5.2636518478393550405e-06    0.0087436645857226717032    0
201    6.3757453809424487297e-16    4.0971937179565427666e-06    0.025571754315849317546    0
202    5.1582364046543170433e-15    9.4365119934082029407e-06    0.019137614031110958268    0
203    3.9627211802151235654e-15    7.8371992111206046836e-06    0.026280494027996988138    0
204    1.070855211903511193e-15    5.2633976936340332487e-06    0.026650780051505743029    0
205    7.8105201872731075521e-16    5.6029877662658686698e-06    0.027645512510130816619    0
206    2.0767229590754106549e-15    5.9255509376525879273e-06    0.02494452992222157342    0
207    1.9999999999999998349e-17    5.0118160247802731169e-07    0.03762104263754044442    0
208    7.3147508764981040796e-16    3.6360251903533932664e-06    0.013336845662599169926    0
209    2.2359968340007188541e-16    3.1154294013977049341e-06    0.036730879428304212542    0
210    5.0329997892856016243e-16    4.515945911407470737e-06    0.028032111147280120572    0
211    6.3165172794496378117e-15    8.1919202804565424529e-06    0.01374517143983907709    0
212    2.7380686049934908058e-16    2.3343365192413330827e-06    0.034419692047747751928    0
213    2.6504711602499829633e-15    5.2637400627136226672e-06    0.025947097601257587685    0
214    3.5702492351415217678e-15    5.5199580192565916422e-06    0.020599940998068548559    0
215    1.1112464298565013833e-15    4.5158019065856927463e-06    0.019972245742863718038    0
216    1.2705850043915215635e-14    8.9155158996582019765e-06    0.013547553068842555293    0
217    1.5755084940986945767e-15    5.6856412887573237833e-06    0.025765515846685856094    0
218    7.1237589897502172518e-15    7.7761998176574710509e-06    0.01804693060586363626    0
219    1.3811891853437252496e-15    4.6155600547790522561e-06    0.034292210434927909712    0
220    9.9999999999999987895e-19    5.0007879734039304648e-07    0.027782155407799605934    0
221    7.2150571153826802376e-15    7.208334922790526878e-06    0.014171822682356944104    0
222    1.4889390303549927214e-14    8.9688558578491209592e-06    0.01186194448955277779    0
223    4.3938820542375240689e-15    7.3376698493957518598e-06    0.023261304726779088309    0
224    5.2275653409372124235e-15    8.9681854248046876743e-06    0.018658633971729940426    0
225    3.6999999999999997254e-17    1.2343312501907347173e-06    0.032460178608857144511    0
226    2.4738197391893729246e-15    5.3503422737121579566e-06    0.024737542357475720417    0
227    5.2785994643387692188e-15    7.7758574485778799383e-06    0.014489159488899007802    0
228    4.5748089440511258329e-15    7.3384985923767086875e-06    0.027462031875558488153    0
229    1.3999999999999999461e-17    5.008665323257446027e-07    0.03620505830339978276    0
230    3.8822058788315577461e-15    6.7360954284667961633e-06    0.017620844918243842164    0
231    2.027468066792228613e-15    4.4138808250427247689e-06    0.02750236702170948469    0
232    1.23509610661813082e-15    5.6846785545349122067e-06    0.025705487190276932186    0
233    4.6078450748776076597e-15    5.263912200927733916e-06    0.020245788624106295095    0
234    1.2312300000000002871e-15    7.0107836723327635915e-06    0.024604834087250747332    0
235    2.4203642494431385241e-15    6.2318067550659180464e-06    0.03085341775116377111    0
236    6.1028481862670459912e-15    6.2319626808166498169e-06    0.01811699969835113902    0
237    4.3408484647728733398e-15    7.0100221633911130614e-06    0.020968338940022399758    0
238    5.6774179085235839503e-16    3.6354663372039794391e-06    0.043955957791780943256    0
239    1.2229594582556581007e-15    3.8723149299621578703e-06    0.02682977252186651701    0
240    3.9747635668351776823e-15    6.3058900833129877511e-06    0.029610274619342562274    0
241    3.0137930424322670756e-15    5.6849360466003414635e-06    0.026458285203280650782    0
242    3.6024973450231800364e-15    6.8057742118835450076e-06    0.028075551315013061449    0
243    6.1095108872700852954e-15    7.3385472297668454284e-06    0.019457548862558664976    0
244    3.5248835020307105507e-15    4.9957056045532225027e-06    0.017333580426471806996    0
245    9.6372819035576020862e-16    6.2316656112670896743e-06    0.024684732254098267629    0
246    2.2766780599129942659e-15    4.9030117988586425124e-06    0.02125047333082481435    0
247    1.2161701040897992515e-15    4.2057929039001459547e-06    0.028392604209567288975    0
248    1.7150283664814276129e-15    5.3505916595458978977e-06    0.025119895011084952124    0
249    5.2121894513153917342e-15    8.1340541839599603339e-06    0.022230790544931804814    0
250    3.9377947270318946453e-15    5.263410568237304415e-06    0.01149551136554376532    0
251    5.3992824744771666517e-15    7.1423988342285153123e-06    0.010469428035631736518    0
252    3.478324008164160687e-15    6.8742074966430659908e-06    0.02237108648923855081    0
253    2.0231722678366086082e-15    5.2634611129760742351e-06    0.024250530504724917419    0
254    1.3402870749548271291e-15    6.0800085067749016991e-06    0.031290523123171785913    0
255    2.1736690555808373478e-15    4.9955430030822749554e-06    0.030155134139475535393    0
256    9.0443660195895874277e-16    5.4360876083374023131e-06    0.03111874986275707175    0
257    4.3634208667022538128e-15    8.8074636459350575654e-06    0.013437755709865920398    0
258    2.082641021922064397e-15    4.902868270874023215e-06    0.03223519136662209017    0
259    1.5222654158594975029e-15    4.6155953407287591373e-06    0.011763890375448570608    0
260    3.7145328165197629366e-15    6.5247993469238280685e-06    0.019745566447586217207    0
261    5.4851087783802412955e-15    7.6537289619445802346e-06    0.014011837496760265812    0
262    3.0133253807443025324e-15    6.5956640243530274045e-06    0.027490131927143609397    0
263    2.6930885519252426588e-15    5.603543758392334149e-06    0.023139652726244321762    0
264    4.0537025953719352027e-15    5.520330429077148245e-06    0.017459111828047116366    0
265    2.099999999999999611e-17    5.012603998184203808e-07    0.039502094769417531173    0
266    3.4103229281678386293e-15    5.3508667945861810187e-06    0.026220892856186204384    0
267    2.9848498106168446685e-16    3.5111978054046631348e-06    0.031850364603062730762    0
268    5.7433071480456530743e-16    3.7556912899017334347e-06    0.036185964635615179563    0
269    6.8286156781705015015e-15    6.5955867767333978651e-06    0.025350814441158213419    0
270    5.4383205097430694743e-16    4.4144458770751952563e-06    0.03424890083404186214    0
271    1.2084629667994717711e-15    4.9029459953308106006e-06    0.028042763601442491361    0
272    9.3489000000000009059e-16    5.1755485534667965594e-06    0.02263465005456636106    0
273    1.7880621293589184988e-15    5.603212833404540664e-06    0.02286095327622383877    0
274    2.1880722761239331832e-15    4.9032244682312011865e-06    0.030949611838626437527    0
275    1.1552766991413173239e-15    4.2048449516296386235e-06    0.028596502058486447662    0
276    3.6021987786039389156e-15    7.2083992958068844039e-06    0.024637909152626449177    0
277    1.4066832078079653284e-14    9.0222225189208979672e-06    0.02003985669918899315    0
278    1.0986806821816605187e-15    4.5157546997070312382e-06    0.018082251595750133827    0
279    3.1998560560011739571e-15    6.5245814323425288503e-06    0.024669286261127854054    0
280    4.5166388542819221775e-15    6.1561436653137203778e-06    0.017808180360617275467    0
281    2.1645553835265307493e-15    5.1754755973815918716e-06    0.023501494756553505117    0
282    1.6438247600420933093e-15    4.9948740005493160563e-06    0.034709426130850130898    0
283    9.9999999999999987895e-19    5.0007879734039304648e-07    0.027782155407799605934    0
284    3.9650752491973045443e-16    2.8258407115936278896e-06    0.057300764469702135384    0
285    3.1428418732715971422e-15    6.5240340232849122271e-06    0.027532305430329619134    0
286    1.3701734349608254727e-15    5.9237470626831053558e-06    0.027100738364877342834    0
287    3.1039331926658920724e-15    7.4025502204895015244e-06    0.018091869934246929824    0
288    1.7943893617530209743e-15    4.6151199340820306624e-06    0.023487241383371128961    0
289    4.9479660662738846699e-15    6.0036087036132809876e-06    0.027403243843117951195    0
290    2.004136831835903403e-15    6.2316346168518059505e-06    0.021064919946282373298    0
291    5.8838575682196195929e-15    8.2496480941772458185e-06    0.018739170836891774069    0
292    1.3124099999999989754e-15    6.8743352890014645031e-06    0.017796353181613239203    0
293    2.5733339190195946263e-15    5.2631845474243158813e-06    0.032215161715271188603    0
294    5.2265400000000022908e-15    9.5382575988769530514e-06    0.028507916609384655049    0
295    1.690286032305373642e-15    6.0028152465820310411e-06    0.026435020102906738731    0
296    3.0331403724196171943e-15    6.0805521011352538582e-06    0.021148345483140238571    0
297    5.9999999999999988885e-18    5.0047266483306882459e-07    0.039879449216106456488    0
298    6.5137011138507605276e-15    6.6666002273559570425e-06    0.010848963911861662229    0
299    2.850538027427528857e-15    5.6848959922790527315e-06    0.023920310620112069516    0
300    1.6314072439724872935e-15    4.4138526916503906638e-06    0.026796556248438751363    0
301    9.7167516419007761983e-16    3.7558534145355222887e-06    0.034282547839819460522    0
302    1.4489625450481592842e-15    5.5198626518249512395e-06    0.009732338581066490163    0
303    1.3040571680582248476e-15    4.515634059906005502e-06    0.030903301142906843685    0
304    5.8647517557079775901e-16    3.6348011493682858512e-06    0.034454614392274880708    0
305    1.0947161725291470561e-14    1.0540668487548826817e-05    0.01812188881361946266    0
306    1.4722269369012765247e-14    8.015790939331054183e-06    0.012842162241586029675    0
307    3.7949311789418504818e-15    7.5914196968078612149e-06    0.020598579958577931115    0
308    8.719350035733045612e-16    3.6352698802947998198e-06    0.024827268632649189539    0
309    4.5787847104903643843e-15    6.5968508720397944358e-06    0.0081198989761461590892    0
310    5.4017757429533311112e-16    3.8720903396606445694e-06    0.030596540220938425736    0
311    1.6038294196703843089e-15    4.6149950027465817687e-06    0.024964239839962931722    0
312    1.5522096939379479729e-14    8.8082914352416987006e-06    0.016450126745972380032    0
313    7.8959190819460803029e-16    4.414415836334228072e-06    0.029034565981041721844    0
314    8.1102857741983136613e-16    3.756017684936523145e-06    0.025096111530674369838    0
315    2.0162966059507283256e-15    4.9034404754638673255e-06    0.02078922499011000985    0
316    2.3456444321723959071e-15    5.9252800941467279638e-06    0.011782528699898381017    0
317    2.0548957056047375223e-15    6.5241537094116205768e-06    0.0083314176228487923231    0
318    5.4147780296904355593e-16    3.6358540058135985572e-06    0.012854985418389299964    0
319    2.8707960892723538542e-15    5.2634706497192379365e-06    0.027643056446720205149    0
320    1.438610464361896957e-15    3.7562508583068844549e-06    0.02549279668317038991    0
321    1.0811636223363925939e-14    8.5336112976074222821e-06    0.013803561101259159694    0
322    2.6310979939530120363e-14    1.1206451416015623661e-05    0.010266653271561357319    0
323    2.0527315510895362702e-15    4.6154427528381348318e-06    0.026843064161284294761    0
324    2.6784897711974615739e-15    5.5203170776367183853e-06    0.016170369399126582888    0
325    1.0774371119795396877e-15    4.5155253410339352396e-06    0.028493993171231933592    0
326    2.6194831660676841275e-16    3.5107645988464353941e-06    0.030907526178590348509    0
327    4.9313883841632790459e-15    4.9028935432434077015e-06    0.020718285853420979198    0
328    4.6084348871528729319e-15    7.4022264480590816625e-06    0.016995324786164146824    0
329    2.9603972427012733707e-15    6.5954689979553217475e-06    0.025093348777821291445    0
330    6.9120970871001510343e-16    6.0797109603881837104e-06    0.031339427314076115372    0
331    9.6837820335903822569e-15    7.4017786979675285995e-06    0.020482197316362631134    0
332    3.8470932603099096925e-15    5.9251265525817871187e-06    0.020669685831356188893    0
333    8.9402397300452955548e-16    4.0971846580505369114e-06    0.02952082300014792493    0
334    2.9132819430281387519e-15    5.5206036567687982868e-06    0.0075172853899393961633    0
335    3.0686595682127730333e-15    5.5210309028625487141e-06    0.021608959452467903922    0
336    2.5933456019146764774e-15    5.3507452011108395899e-06    0.027783470282548194258    0
337    9.5134691781213803104e-15    9.8826904296875003886e-06    0.019361466095879412835    0
338    1.0199999999999999343e-16    1.7405012845993040801e-06    0.035065197338860806808    0
339    1.1121879695470463276e-15    4.515700340270996107e-06    0.025413280203161164872    0
340    9.4595866997449764068e-16    3.63551497459411618e-06    0.011675139648017139257    0
341    6.889804028571364933e-16    3.9857120513916015448e-06    0.037974948878315886724    0
342    2.7999999999999998922e-17    5.012603998184203808e-07    0.039042211318103439699    0
343    2.3838013423044476501e-15    5.350963115692138808e-06    0.024516607591420196827    0
344    1.7415989391857846448e-15    4.9021534919738763466e-06    0.032679708000218556097    0
345    7.9150766063142738648e-16    4.4147005081176757415e-06    0.031004474017404911462    0
346    6.042989365198949264e-15    6.8742294311523438594e-06    0.024265454397071239273    0
347    4.4999999999999991664e-17    9.1577553749084465635e-07    0.011508433922173268507    0
348    8.6924147024343718174e-16    3.2522153854370115903e-06    0.015810818764783803048    0
349    1.0962850728711509812e-15    4.0965890884399413935e-06    0.024037282746321945309    0
350    1.2999999999999998619e-17    5.0070899724960330114e-07    0.040327532548182741523    0
351    7.8336763328589524109e-15    6.5969996452331542772e-06    0.017109891271450957534    0
352    1.403396192508033544e-15    5.84607696533203099e-06    0.025812599386172970645    0
353    3.3513098750474448977e-15    6.5951299667358397939e-06    0.025200899560785656323    0
354    8.9806690624205950558e-16    3.5111527442932127819e-06    0.0098307247077887207481    0
355    5.3877181541842123612e-15    7.5911297798156738485e-06    0.017286162746312713767    0
356    6.2254141791243229387e-15    6.5957651138305661975e-06    0.02172444909749323555    0
357    1.3948219489612205614e-15    5.2642755508422846636e-06    0.023868630772670988011    0
358    9.9440214865381327691e-15    8.5327272415161129366e-06    0.016075332907930610371    0
359    1.9999999999999997579e-18    5.0015753507614138481e-07    0.041666666666666574148    0
360    9.706941426060477996e-16    4.5160484313964839158e-06    0.029454807847845231039    0
361    1.5136549080351576738e-15    5.9254941940307618708e-06    0.031536494069001136387    0
362    1.0735037313897530486e-14    8.5334873199462890809e-06    0.012211701197423433657    0
363    2.6186655302579890968e-15    7.5287795066833495573e-06    0.024573040214855731284    0
364    5.7933455231822429766e-15    7.2084579467773435396e-06    0.031320372728285063302    0
365    2.6793986108340322315e-15    6.080292224884032829e-06    0.025856807839085126782    0
366    6.6901809118033470852e-15    6.5960507392883295594e-06    0.022468570327150150928    0
367    1.2690171077412056485e-14    7.4027242660522458523e-06    0.01523236898496148177    0
368    3.786539717186311675e-15    5.6851606369018556114e-06    0.033049780263493221122    0
369    6.6552870322279702497e-15    7.1433906555175775337e-06    0.021280262681161971755    0
370    3.4558910576862209131e-15    4.7130479812622065746e-06    0.024893173752072825233    0
371    1.9170341275947480705e-15    5.2638812065124510392e-06    0.011485593396167613142    0
372    1.1207071376303139984e-16    1.5029871463775634646e-06    0.032397840110031939087    0
373    1.098588075359220357e-15    5.1758036613464348909e-06    0.028932149580632397085    0
374    2.0720880519779970002e-15    4.7138042449951165607e-06    0.035477124568006480898    0
375    1.0965475464816199036e-15    4.6161274909973145158e-06    0.027732060521195887881    0
376    2.001727208812090648e-15    4.9955744743347165254e-06    0.027053757272410522416    0
377    7.5149437922451453705e-16    5.6848835945129394114e-06    0.02491972826041419925    0
378    2.3162700000000008553e-15    5.6851558685302729137e-06    0.023308965763463897203    0
379    1.622598106559368887e-15    5.4359030723571777441e-06    0.024601054821696437258    0
380    1.2880934662869442093e-14    9.0745058059692385093e-06    0.0094548220011854734735    0
381    1.2373268311614137507e-14    8.5329923629760736628e-06    0.0081208173798026205698    0
382    2.044615339615254917e-15    5.5196037292480467498e-06    0.012403825236394086864    0
383    1.1173634723878918635e-15    5.3504924774169921838e-06    0.028851589936934561587    0
384    3.9925855571569181507e-15    5.4363403320312497191e-06    0.019829946895588670269    0
385    7.907662098260313222e-15    7.3377594947814938722e-06    0.014993878239611702421    0
386    5.4845139724978433794e-15    6.5961079597473143093e-06    0.029058851202898763888    0
387    5.8415406606698933217e-15    7.836894989013671765e-06    0.019186781674650401491    0
388    6.3941596031438211607e-15    5.5202317237854003773e-06    0.0088797163499047988833    0
389    1.9299323616343337763e-15    6.0796151161193846143e-06    0.029251465245021143063    0
390    1.4999999999999997221e-17    5.0102406740188601013e-07    0.045704903038995589593    0
391    1.0724860612892356917e-15    5.2631320953369138292e-06    0.02788373661416049254    0
392    4.2787921434831031752e-15    6.5245914459228512451e-06    0.017639330371656793822    0
393    5.7428775396239377761e-15    7.4023566246032711002e-06    0.016749172018372286003    0
394    1.7856433898323573371e-15    6.3058757781982421989e-06    0.028077695265968191651    0
395    4.6632402948516315998e-16    3.6352388858795165195e-06    0.032857384216626921158    0
396    5.0825473251031524506e-15    5.9243760108947755228e-06    0.035342124569438373993    0
397    2.4776990260344098241e-15    4.9021949768066403114e-06    0.027212064339765418275    0
398    2.1147354927648239067e-15    5.1757259368896483523e-06    0.023155096224393358073    0
399    2.5952966158323003252e-15    6.155997753143310155e-06    0.023643387813748233811    0
400    3.0550290553125964261e-15    6.525227069854736342e-06    0.01036723578026547965    0
401    1.630152458642115209e-15    5.3501458168029779138e-06    0.027135938427044658389    0
402    1.4977936837379973977e-14    8.7530803680419916958e-06    0.016954185003733530934    0
403    4.0698621163569739209e-15    6.8751645088195800242e-06    0.0089088945790174230849    0
404    3.6917655116304789086e-15    7.5286641120910643651e-06    0.015486344286446599924    0
405    4.055168416974592675e-16    3.7553372383117674654e-06    0.038494263068339515388    0
406    3.0885432889890156749e-15    6.2316002845764156088e-06    0.033363609797518338496    0
407    4.0111095959823431295e-15    5.9245457649230958463e-06    0.034164203280058598466    0
408    3.0146835513594598365e-15    7.836950778961181282e-06    0.022879713103737240459    0
409    6.6567544474268090249e-16    3.7557201385498043092e-06    0.023719167549026719255    0
410    1.0560169732832654189e-15    4.0964694023132321968e-06    0.025241560899455936506    0
411    8.8967697969860567683e-16    5.8459906578063964425e-06    0.029547316929715367745    0
412    3.6849926155244370695e-16    1.5042171478271484049e-06    0.03486963532137204308    0
413    5.6429634891866022232e-15    7.0769920349121086595e-06    0.018982588675321682148    0
414    2.059245278473073087e-15    4.6154532432556150728e-06    0.020298028273523848614    0
415    6.3351173312747554122e-16    3.7557697296142575897e-06    0.030870645631508188134    0
416    2.859162961440299045e-15    4.9033231735229490541e-06    0.019639414167451886561    0
417    8.7648805718593221215e-16    3.9862327575683592957e-06    0.036857276215578806122    0
418    2.0327852981075358052e-15    4.9028296470642088688e-06    0.029546962145895552115    0
419    1.7517171076781785556e-15    7.2085118293762199775e-06    0.031878152045656540925    0
420    1.0573043572032849267e-14    8.0158052444457997352e-06    0.020582672414104420666    0
421    3.2328984127334428984e-15    6.0031309127807615873e-06    0.027022151533785968014    0
422    3.7057000027822160193e-16    3.1150693893432616514e-06    0.034875082381707236956    0
423    1.3280240804422242682e-15    4.7132887840270993538e-06    0.014846097835947865556    0
424    7.5793366349315691059e-15    6.8055324554443356888e-06    0.017338092319236556721    0
425    4.9803193146065167354e-15    7.4020290374755859272e-06    0.024697082687272036566    0
426    6.7219213418405646755e-15    7.4022741317749018639e-06    0.016917626844538617703    0
427    3.4824384727236417918e-15    6.3060522079467774522e-06    0.028116455512893601121    0
428    1.8863122713893056015e-15    4.9023218154907222843e-06    0.024624618558655286121    0
429    4.7299858481383759537e-15    6.5249738693237302426e-06    0.011498485608944562439    0
430    8.1007000842724691394e-15    8.6988563537597650616e-06    0.019903932667573034226    0
431    1.2714113277524948938e-15    3.7559108734130859617e-06    0.007389110105026166532    0
432    2.3045529892104443058e-15    5.6857237815856930197e-06    0.024317279637704004858    0
433    1.0014430045818916998e-15    3.985960721969604293e-06    0.028174403679025680075    0
434    9.3417020676459025288e-16    5.5202269554138185266e-06    0.02810409917196298249    0
435    2.2491604284814344438e-15    5.3507328033447262698e-06    0.031446260858131659666    0
436    1.6258120679164378061e-15    5.9255418777465820721e-06    0.02207515228828011572    0
437    1.1241890385631510044e-15    5.6852970123291012857e-06    0.027415127589291630322    0
438    2.1230324181747329129e-15    6.8742661476135251265e-06    0.012922377659038215142    0
439    6.2798877500800401762e-15    6.8054661750793450837e-06    0.025022921101627054047    0
440    1.8636663747858333666e-15    4.9018487930297847347e-06    0.02732353559002467791    0
441    3.6863654156556649186e-15    6.2313146591186522469e-06    0.023550118484291164556    0
442    1.481268751575315248e-14    1.0403542518615721668e-05    0.010599207445858143187    0
443    2.2123191827470796898e-15    4.9030036926269531967e-06    0.025110050562544391356    0
444    3.1058424543522690207e-15    5.6855034828186028762e-06    0.023123015114659018626    0
445    1.1332041005894530451e-15    3.6346223354339596726e-06    0.033598281272629114402    0
446    8.8964222421637948787e-16    2.5085413455963134683e-06    0.02999519156361782346    0
447    2.9800492009209640688e-15    5.6852312088012693739e-06    0.025966809323112825109    0
448    5.6559626398544425663e-15    7.0099573135375976892e-06    0.020578406922248423938    0
449    6.860771819452219053e-15    6.2321605682373042455e-06    0.014983887396678540263    0
450    9.8700530274535023332e-16    4.7128181457519527296e-06    0.026185237556286548172    0
451    1.1441818674675769942e-14    8.8083534240722644542e-06    0.01070360370260277881    0
452    1.0407926494294747043e-15    4.0967202186584473708e-06    0.0077298509137493217822    0
453    4.2294213377218302105e-15    6.8744955062866211251e-06    0.021155475311720909476    0
454    5.7039257783560234843e-16    3.5119071006774901125e-06    0.011810292153997713899    0
455    1.7300541651390475998e-15    5.1754217147827145866e-06    0.023400690653553747611    0
456    9.8628559646639529742e-16    4.9023871421813963498e-06    0.029100362203780580361    0
457    6.1233722806902812252e-15    6.0031824111938470999e-06    0.02212491038053097242    0
458    2.5107623819080357823e-15    6.5248475074768061161e-06    0.026996581229724200129    0
459    1.7743507187126941741e-15    4.5156421661376948176e-06    0.032782759587470108875    0
460    1.6804313295887391316e-15    5.6855497360229486918e-06    0.040181258330933944389    0
461    8.5582235705621874487e-16    5.1750621795654291502e-06    0.029819939326346547176    0
462    5.0646421394473980099e-15    8.6451816558837889768e-06    0.012399217127837265651    0
463    2.045489851962194926e-15    5.9251675605773923902e-06    0.031192327932819351871    0
464    2.4037406267642418308e-15    6.5961499214172361204e-06    0.022573994001011652571    0
465    2.1841125228348882619e-15    4.903662681579589701e-06    0.030089637397707150873    0
466    2.1450588076473245168e-15    5.8464818000793457024e-06    0.032067863875976307386    0
467    6.8524025042644195708e-16    3.98608613014221188e-06    0.038007504751878432026    0
468    1.8345924573437259143e-15    4.9032387733459467386e-06    0.021171905640877064503    0
469    7.6149852701511887182e-16    4.4141378402709961795e-06    0.022846708085570023583    0
470    3.1018787369551488181e-15    7.528561115264892493e-06    0.029708133071018189009    0
471    2.5527307227964584996e-15    7.1426811218261712094e-06    0.035394545749996175754    0
472    1.8715863294717053518e-15    5.8457412719726556543e-06    0.012967227118965420421    0
473    2.2051230459211178435e-15    6.1558628082275388665e-06    0.025040821367636960371    0
474    3.4899446603093735126e-15    6.5250520706176754745e-06    0.025006483343145275572    0
475    1.2731399999999992267e-15    6.5234613418579102704e-06    0.040101627552825681866    0
476    2.2284568961608976609e-15    6.2312631607055658873e-06    0.028240042771980698039    0
477    1.0241364108185180995e-15    4.7129392623901363122e-06    0.024016853681508538304    0
478    6.6594000000000002948e-16    4.902687072753906111e-06    0.026489596873988590503    0
479    1.7969281872415487795e-15    5.5212898254394532038e-06    0.026944853647850815909    0
480    1.3778501830841697053e-15    4.9028515815734858904e-06    0.025276028087621093404    0
481    1.160939999999999494e-15    5.3504948616027831092e-06    0.031390314632342652956    0
482    8.1514407373995319051e-16    4.9027180671691889877e-06    0.040859223788622708873    0
483    1.9999999999999997579e-18    5.0031512975692741715e-07    0.059999999999999879818    0
484    9.0664759110272784387e-16    4.5155715942382810551e-06    0.034004431767835137379    0
485    9.25403903597355313e-16    3.6361114978790282375e-06    0.029597916614317178879    0
486    9.8517837398352793691e-16    3.6354770660400390268e-06    0.020765564731996685732    0
487    3.8049000000000004538e-16    3.7554342746734616006e-06    0.031377193838005558446    0
488    1.9999999999999997579e-18    5.0031512975692741715e-07    0.059999999999999879818    0
489    5.1034514302114763205e-16    3.5126802921295163463e-06    0.037111203880638606034    0
490    4.771799999999997982e-16    3.5127356052398680171e-06    0.032646024141008284092    0
491    2.2094373192978418643e-16    3.1158328056335448372e-06    0.03408966593048689403    0
492    1.484348645257509638e-16    3.5109534263610839675e-06    0.036122399938940688569    0
493    5.3823949003358582815e-17    2.3347589969635008123e-06    0.041000301174376314883    0
494    1.650122624919035311e-16    2.50788331031799308e-06    0.036457163982435557281    0
495    1.7827810202750035319e-16    1.955265164375305044e-06    0.011693280086547255814    0
