20    4.999999999999999562e-05    4.999999999999999562e-05    4.999999999999999562e-05
1    4.3999999999999998856e-05    3.2999999999999995754e-05    9.9999999999999995475e-07    1    -1    1    0    1    
2    1.9999999999999999095e-06    1.4999999999999998686e-05    1.9999999999999999095e-06    3    -1    6    10    1    0    2    12    13    
3    4.4999999999999996058e-05    3.3999999999999999732e-05    3.000000000000000076e-06    0    0    0    
4    6.000000000000000152e-06    3.1999999999999998552e-05    3.999999999999999819e-06    5    -1    6    7    8    10    1    0    3    14    15    16    17    
5    4.8000000000000001216e-05    3.6000000000000000912e-05    6.999999999999999895e-06    0    0    0    
6    1.6999999999999999866e-05    1.0999999999999999714e-05    9.000000000000000228e-06    7    -1    -1    -1    2    4    7    10    1    0    4    5    6    12    14    18    19    
7    3.3999999999999999732e-05    2.1999999999999999428e-05    9.000000000000000228e-06    8    -1    -1    4    6    9    17    17    18    1    0    7    8    15    18    20    21    22    23    
8    3.000000000000000076e-06    4.6000000000000000036e-05    9.999999999999999124e-06    2    4    9    0    0    16    24    
9    2.59999999999999984e-05    4.3999999999999998856e-05    1.399999999999999979e-05    2    7    8    0    0    20    24    
10    7.999999999999999638e-06    1.29999999999999992e-05    2.3000000000000000018e-05    5    2    4    6    15    18    0    0    13    17    19    25    26    
11    0    4.8999999999999998418e-05    2.3000000000000000018e-05    0    0    0    
12    3.6999999999999998114e-05    4.6999999999999997238e-05    2.59999999999999984e-05    0    0    0    
13    4.8000000000000001216e-05    0    3.3999999999999999732e-05    0    0    0    
14    3.6000000000000000912e-05    3.8999999999999999294e-05    3.4999999999999996934e-05    0    0    0    
15    3.999999999999999819e-06    2.1999999999999999428e-05    3.6000000000000000912e-05    3    10    16    18    0    0    25    27    28    
16    3.999999999999999819e-06    3.6000000000000000912e-05    3.8999999999999999294e-05    2    15    17    0    0    27    29    
17    2.9999999999999997372e-05    2.799999999999999958e-05    3.9999999999999996496e-05    5    0    7    7    16    18    0    1    9    21    22    29    30    
18    2.0999999999999998838e-05    6.999999999999999895e-06    4.1000000000000000474e-05    6    0    7    10    15    17    19    0    1    10    23    26    28    30    31    
19    3.000000000000000076e-06    3.000000000000000076e-06    4.1999999999999997676e-05    1    18    0    0    31    
20    9.9999999999999995475e-07    2.3000000000000000018e-05    4.999999999999999562e-05    1    0    0    1    11    
