19    4.999999999999999562e-05    4.999999999999999562e-05    4.999999999999999562e-05
1    4.3999999999999998856e-05    3.3999999999999999732e-05    0    0    0    0    
2    4.4999999999999996058e-05    3.4999999999999996934e-05    1.9999999999999999095e-06    0    0    0    
3    4.8000000000000001216e-05    3.6999999999999998114e-05    6.000000000000000152e-06    0    0    0    
4    1.6999999999999999866e-05    1.2000000000000000304e-05    7.999999999999999638e-06    5    -1    5    6    9    9    1    0    1    12    13    14    15    
5    3.3999999999999999732e-05    2.3000000000000000018e-05    7.999999999999999638e-06    8    -1    0    4    6    8    16    16    17    1    1    2    7    12    16    17    18    19    20    
6    3.999999999999999819e-06    3.6999999999999998114e-05    9.000000000000000228e-06    4    4    5    7    9    0    0    13    16    21    22    
7    3.000000000000000076e-06    4.6999999999999997238e-05    9.000000000000000228e-06    3    0    6    8    0    1    8    21    23    
8    2.59999999999999984e-05    4.4999999999999996058e-05    1.29999999999999992e-05    3    0    5    7    0    1    9    17    23    
9    7.999999999999999638e-06    1.399999999999999979e-05    2.1999999999999999428e-05    6    -1    4    4    6    14    17    1    0    3    14    15    22    24    25    
10    9.9999999999999995475e-07    4.999999999999999562e-05    2.1999999999999999428e-05    1    0    0    1    10    
11    3.6999999999999998114e-05    4.8000000000000001216e-05    2.499999999999999781e-05    0    0    0    
12    4.8000000000000001216e-05    9.9999999999999995475e-07    3.2999999999999995754e-05    1    -1    1    0    4    
13    3.6000000000000000912e-05    3.9999999999999996496e-05    3.3999999999999999732e-05    0    0    0    
14    3.999999999999999819e-06    2.3000000000000000018e-05    3.4999999999999996934e-05    3    9    15    17    0    0    24    26    27    
15    3.999999999999999819e-06    3.6999999999999998114e-05    3.7999999999999995316e-05    2    14    16    0    0    26    28    
16    2.9999999999999997372e-05    2.900000000000000017e-05    3.8999999999999999294e-05    5    0    5    5    15    17    0    1    11    18    19    28    29    
17    2.3000000000000000018e-05    6.999999999999999895e-06    3.9999999999999996496e-05    6    -1    5    9    14    16    18    1    0    5    20    25    27    29    30    
18    3.000000000000000076e-06    3.000000000000000076e-06    4.1999999999999997676e-05    2    -1    17    1    0    6    30    
19    9.9999999999999995475e-07    2.3000000000000000018e-05    4.8000000000000001216e-05    0    0    0    
