795
1    -1    2    4.9999999999999997737e-07    0.0048076923076923079592    3.2015621187164229977e-06
2    -1    5    3.4999999999999999475e-06    0.034410112359550562577    1.5000000000000002498e-06
3    -1    14    5.499999999999999857e-06    0.035338785046728972417    1.073545527679194016e-05
4    -1    17    7.2082039324993650399e-06    0.050740433527831363403    6.8738635424337609617e-06
5    -1    22    8.4999999999999779101e-06    0.03527832031249981265    1.3200378782444084307e-05
6    -1    23    2.4999999999999942753e-06    0.065104166666666365981    1.4150971698084905049e-05
7    -1    23    1.4999999999999970734e-06    0.070312499999999722444    1.7867568385205638234e-05
8    -1    41    4.499999999999999267e-06    0.034438775510204078234    1.1146748404803976754e-05
9    -1    41    3.4999999999999999475e-06    0.034027777777777781787    1.1715374513859981405e-05
10    -1    51    6.5827625302982234899e-06    0.045138294302394042778    1.6560495161679197402e-05
11    -1    59    1.4999999999999970734e-06    0.035156249999999861222    1.2539936203984451476e-05
12    -1    60    1.500000000000000038e-06    0.013081395348837213458    2.0615528128088315666e-06
13    -1    65    1.914213562373095663e-06    0.057253336912079642873    2.1960191255997746763e-05
14    -1    66    2.4999999999999942753e-06    0.039062499999999819589    8.7321245982864922506e-06
15    -1    66    4.7426406871192783521e-06    0.04498528137423844081    2.2299103120977768218e-05
16    -1    67    4.5000000000000026551e-06    0.037779850746268703321    4.7169905660282999889e-06
17    -1    79    3.6622776601683803332e-06    0.030762104725156853152    3.2237400639629737833e-05
18    -1    79    8.4999999999999982389e-06    0.01735110470701247895    1.3793114224133721995e-05
19    -1    79    5.499999999999999857e-06    0.050755033557046982939    3.0842341026582272305e-05
20    -1    88    4.1055512754639831411e-06    0.041312625675156706972    1.7356554957709782223e-05
21    -1    92    4.1055512754639899174e-06    0.02407935896494856759    5.5000000000000091744e-06
22    -1    101    4.5000000000000026551e-06    0.022301762114537476006    1.096585609973065274e-05
23    -1    105    1.4999999999999835209e-06    0.051136363636362515417    4.9999999999999997737e-07
24    -1    110    5.4999999999999956218e-06    0.026258680555555517777    3.7749172176353739649e-06
25    -1    114    6.9031242374328496785e-06    0.028569019326998120606    1.3009611831257690461e-05
26    -1    125    4.9999999999999997737e-07    0.0625    1.6560495161679197402e-05
27    -1    125    3.5000000000000050297e-06    0.04861111111111125066    1.1412712210513323191e-05
28    -1    125    1.4999999999999970734e-06    0.023437499999999906325    1.297112177107284958e-05
29    -1    125    4.9999999999999997737e-07    0.0625    1.6224980739587946101e-05
30    -1    125    1.4999999999999970734e-06    0.05113636363636343829    1.5041608956491325691e-05
31    -1    132    2.5000000000000078278e-06    0.044642857142857428343    1.0828203913853852458e-05
32    -1    141    1.4999999999999970734e-06    0.026785714285714180144    1.3756816492197603731e-05
33    -1    146    7.2082039324993658869e-06    0.040091206738039605884    9.233092656309692392e-06
34    -1    146    1.9142135623730910043e-06    0.03053511301977566636    1.2499999999999997211e-05
35    -1    155    7.2082039324993743573e-06    0.018990571612755646064    2.5243811122728657484e-05
36    -1    161    4.9999999999999997737e-07    0.0625    1.3720422734012243491e-05
37    -1    161    1.9142135623730910043e-06    0.03053511301977566636    9.0138781886599719383e-06
38    -1    168    6.3309518948453026875e-06    0.036437228995313944435    5.7662812973353983476e-06
39    -1    182    5.5990195135927841948e-06    0.045041694703437905323    5.5901699437494735854e-06
40    -1    186    5.499999999999999857e-06    0.040441176470588237335    5.4083269131959865511e-06
41    -1    186    4.9999999999999997737e-07    0.03125    1.3162446581088185296e-05
42    -1    206    9.0440037453175362069e-06    0.043507448800700870839    7.3654599313281258005e-06
43    -1    206    4.9999999999999997737e-07    0.020833333333333332177    1.4326548781894392885e-05
44    -1    208    5.5000000000000074803e-06    0.040658602150537750952    1.6977926846349645758e-05
45    -1    208    5.4999999999999863045e-06    0.03689024390243884205    1.5976545308670459482e-05
46    -1    209    5.4999999999999939278e-06    0.029198841698841637021    1.0062305898749056011e-05
47    -1    215    1.4999999999999970734e-06    0.025568181818181719145    1.9474342094150448785e-05
48    -1    216    5.5000000000000023981e-06    0.041100543478260906372    4.9244289008980421558e-06
49    -1    222    6.4999999999999835064e-06    0.03592687074829913757    1.2419742348374223132e-05
50    -1    222    4.9999999999999997737e-07    0.020833333333333332177    9.0691785736085275436e-06
51    3    0    2.499999999999999781e-06    0.037202380952380945112    5.0000000000001215347e-07
52    10    0    4.1055512754639890703e-06    0.030758305247197061105    5.0249378105604458006e-06
53    15    0    4.1055512754639941525e-06    0.022178356941400041019    3.5933967217661902209e-05
54    15    0    2.4999999999999976634e-06    0.04111842105263151248    3.8474017206421269675e-05
55    27    0    8.3102496759066551296e-06    0.016396070673292184594    1.1056672193748004403e-05
56    29    0    5.500000000000000704e-06    0.034219457013574670901    8.3216584885466086377e-06
57    34    0    4.499999999999999267e-06    0.051658163265306110412    1.1800423721205944726e-05
58    34    0    1.4999999999999970734e-06    0.080357142857142543901    6.5764732189829483764e-06
59    34    0    2.4999999999999942753e-06    0.052083333333333106663    1.2619429464123960714e-05
60    49    0    4.1055512754640051639e-06    0.030984469256367865031    1.0965856099730664599e-05
61    50    0    2.5000000000000010515e-06    0.026041666666666692109    1.7585505395068977072e-05
62    56    0    3.662277660168376945e-06    0.026824555320336722353    2.1569654610123004237e-05
63    58    0    4.7426406871192783521e-06    0.036752680861305918325    3.6400549446402617508e-06
64    74    0    4.6231056256176507227e-06    0.028271303737589383032    8.9022469073824219104e-06
65    76    0    3.3284271247461855253e-06    0.038466760849813055878    2.8587584717845613359e-05
66    78    0    3.5000000000000016416e-06    0.042534722222222265398    3.4759890678769410138e-05
67    78    0    2.5000000000000010515e-06    0.023674242424242444849    2.3157072353818827326e-05
68    80    0    3.4999999999999982534e-06    0.030321782178217793202    2.6612966764342532624e-05
69    80    0    4.9999999999999997737e-07    0.0625    3.0020826104556158051e-05
70    80    0    4.9999999999999997737e-07    0.0625    3.0170349683091186188e-05
71    80    0    1.9142135623731007452e-06    0.028626668456039974092    2.3350588857671240807e-05
72    81    0    4.9999999999999997737e-07    0.03125    5.0000000000001215347e-07
73    83    0    3.3284271247461867958e-06    0.047751841054940381837    2.5000000000000116395e-06
74    91    0    4.9999999999999997737e-07    0.015625    5.0000000000001215347e-07
75    94    0    4.499999999999999267e-06    0.031058282208588947754    6.0207972893961495076e-06
76    99    0    5.5000000000000015511e-06    0.045014880952380979806    4.7169905660283042241e-06
77    106    0    4.1055512754639865292e-06    0.028472214992337784023    9.0691785736085275436e-06
78    116    0    4.9999999999999997737e-07    0.0625    5.0000000000001215347e-07
79    117    0    1.4999999999999970734e-06    0.04687499999999981265    5.0000000000001215347e-07
80    123    0    1.3652946437965908906e-05    0.042134481563735538823    7.433034373659245626e-06
81    127    0    2.4999999999999942753e-06    0.040064102564102387072    1.2338962679253077115e-05
82    127    0    2.4999999999999942753e-06    0.027901785714285587403    9.8615414616580259025e-06
83    127    0    1.4999999999999970734e-06    0.0937499999999996253    1.8472953201911179554e-05
84    139    0    1.4999999999999970734e-06    0.056249999999999779343    2.0548722588034526405e-05
85    142    0    1.4999999999999970734e-06    0.024456521739130338694    2.7427176303804949673e-05
86    149    0    4.7426406871192732699e-06    0.023236199056941294477    1.7124543789543719376e-05
87    160    0    2.5000000000000010515e-06    0.041118421052631623502    1.8027756377320009522e-06
88    162    0    6.9031242374328496785e-06    0.032909616186072424004    1.4500000000000008555e-05
89    162    0    4.9999999999999997737e-07    0.0089285714285714298105    2.4804233509624927295e-05
90    165    0    4.1055512754639933055e-06    0.022901564232967422385    1.9189841062395488722e-05
91    165    0    2.7360679774997834611e-06    0.025637219101026561402    2.5714781741247579679e-05
92    174    0    4.6231056256176507227e-06    0.04770782505718208083    2.2522211259110420473e-05
93    174    0    2.4999999999999942753e-06    0.053879310344827339996    1.3865424623862051171e-05
94    176    0    7.5000000000000078133e-06    0.022041536050156785437    4.6097722286464495631e-06
95    195    0    3.5000000000000050297e-06    0.036029411764705990273    5.0249378105604432595e-06
96    200    0    4.6231056256176625811e-06    0.02217127139586896542    6.5764732189829475293e-06
97    201    0    5.5000000000000134095e-06    0.029541015625000145717    3.3541019662497014307e-06
98    203    0    4.9999999999999997737e-07    0.03125    5.0000000000001215347e-07
99    205    0    2.7360679774997830376e-06    0.049250447220393123171    2.4804233509624927295e-05
100    213    0    4.9721359549995945793e-06    0.022806398482472081679    2.0130822139197407356e-05
101    214    0    4.5000000000000162076e-06    0.019852941176470736279    8.2006097334283516956e-06
102    217    0    2.7360679774997876963e-06    0.038194224374998878013    2.8535066146760551292e-05
103    217    0    1.4999999999999970734e-06    0.0624999999999997502    3.0203476621077913859e-05
104    236    0    4.7426406871193020691e-06    0.035816306826623324489    3.3541019662496849135e-06
105    3    15    4.9999999999999997737e-07    0.010416666666666666088    3.5843215686440674478e-05
106    4    15    3.0495097567963892803e-06    0.026722729186196475526    3.5763782195952699037e-05
107    4    26    4.9999999999999997737e-07    0.0089285714285714298105    2.3977135675151110968e-05
108    4    38    2.4999999999999942753e-06    0.038109756097560801291    2.9939282222773592546e-05
109    6    27    2.499999999999999781e-06    0.027901785714285712303    3.0258143465847509452e-05
110    6    27    4.9999999999999997737e-07    0.03125    2.8428297373997936837e-05
111    6    40    4.9999999999999997737e-07    0.020833333333333332177    4.2252092561974742124e-05
112    6    40    2.8452078799117151165e-06    0.024092880594975347314    3.8589799956246493868e-05
113    7    16    3.0495097567963892803e-06    0.037498023212888600963    2.0616843986396362091e-05
114    7    52    3.582207001484493178e-06    0.020050323439819571492    3.2792780848761213762e-05
115    8    12    4.500000000000000961e-06    0.021542553191489371978    2.3180827317612273463e-05
116    9    20    1.9142135623731024393e-06    0.043621590028251479298    2.7542636716473377215e-05
117    9    25    3.0495097567963918214e-06    0.040787323494721007544    3.079871237500493152e-05
118    9    30    4.6231056256176659693e-06    0.019789912616312695104    2.8646156600520660527e-05
119    10    27    4.4370039370059091409e-06    0.020679625984249938586    3.6998367440608877937e-05
120    10    50    1.9142135623730943924e-06    0.026942746782155090751    3.2347305520154572488e-05
121    11    14    4.9999999999999997737e-07    0.0078125    4.4861355380373176428e-05
122    11    17    4.6231056256176608871e-06    0.030018406777552901488    2.8054622881028402041e-05
123    11    36    1.9142135623731054039e-06    0.021303567223099624528    3.831398858754468163e-05
124    11    54    1.2071067811865560258e-06    0.036427669529664204184    4.7935950544744160761e-05
125    11    54    3.4154759474226476796e-06    0.024926230656885969839    3.5659749014488201246e-05
126    12    35    4.9999999999999997737e-07    0.015625    2.547327029898765498e-05
127    12    43    2.0811388300841894671e-06    0.032811657803668105304    3.1594786923907278566e-05
128    12    43    1.2071067811865456497e-06    0.040475188366292859377    5.1019148506660047418e-05
129    12    55    2.0811388300841894671e-06    0.015038676493347878996    5.1051277682019613469e-05
130    13    25    4.9999999999999997737e-07    0.0044642857142857149053    4.0620502586470963002e-05
131    13    32    2.2320508075688759512e-06    0.021851100033196808187    4.0922664284203496274e-05
132    13    32    3.582207001484491484e-06    0.024677321156700984112    3.2659703413552137194e-05
133    13    48    4.1055512754639848352e-06    0.022655310854118218544    2.5969669092000603771e-05
134    14    17    4.499999999999999267e-06    0.020413306451612895503    2.2820189617622949096e-05
135    14    23    2.4999999999999993575e-06    0.052083333333333321769    3.1108050679329806538e-05
136    14    51    1.2071067811865456497e-06    0.036427669529663579684    3.602437575177379087e-05
137    14    54    3.0495097567963888568e-06    0.034699663271628246319    4.1914596669390537069e-05
138    15    21    6.9420493633625582721e-06    0.028685743668668158696    1.5877921355002384097e-05
139    15    26    1.4999999999999970734e-06    0.033088235294117515628    3.7913610687910038815e-05
140    15    28    5.1368092477478452559e-06    0.017925821499828659134    2.8048178115663507741e-05
141    15    29    4.6231056256176507227e-06    0.015051482834941950356    3.7507995430167478327e-05
142    15    34    1.4999999999999970734e-06    0.035156249999999861222    5.4083376244859687006e-05
143    15    37    3.0495097567963850451e-06    0.020757834278563279395    2.6160868832848152007e-05
144    15    38    4.4999999999999891026e-06    0.017396907216494762738    4.6330032679706846359e-05
145    15    44    2.8452078799117011405e-06    0.022997749658839879844    3.3199782803950131837e-05
146    15    78    3.4999999999999914772e-06    0.038281249999999815425    6.7241180273964324104e-05
147    15    78    5.0276925690686975407e-06    0.011724347202721984579    4.9945253290872024601e-05
148    16    24    2.4999999999999942753e-06    0.03472222222222206417    2.5036113339586504346e-05
149    16    38    3.4999999999999999475e-06    0.0097843450479233231437    4.7446606940743919453e-05
150    16    46    2.7360679774997893903e-06    0.021761825515987757995    3.1611331910904257622e-05
151    16    52    1.4999999999999970734e-06    0.035156249999999861222    5.5084695176851410342e-05
152    16    52    1.2071067811865456497e-06    0.045534586912079469401    4.0024375751773786454e-05
153    16    53    1.9142135623730935454e-06    0.023488548476750574501    3.2925845918586162727e-05
154    18    32    4.9999999999999997737e-07    0.0625    3.1174180046201109627e-05
155    18    41    1.500000000000000038e-06    0.0089285714285714298105    3.3149374780734845323e-05
156    18    47    3.0495097567963926684e-06    0.035225415745440892545    2.7840690904716106362e-05
157    19    21    4.9999999999999997737e-07    0.0048076923076923079592    3.458905953329885377e-05
158    19    21    2.7360679774997876963e-06    0.012818609550513322334    2.9577747210701747842e-05
159    19    34    2.4999999999999976634e-06    0.037202380952380882662    2.2800045101606052333e-05
160    20    28    3.5822070014844808961e-06    0.026081721547732601013    4.1469557012734404341e-05
161    20    45    3.3284271247461821371e-06    0.024728631974879775046    2.5894080183256647362e-05
162    20    52    4.9999999999999997737e-07    0.0048076923076923079592    6.3226935945241442144e-05
163    20    54    2.370828693386969998e-06    0.024227709885288651465    4.815179109807239254e-05
164    21    28    3.0495097567963850451e-06    0.017747156024420514264    4.0588378940891806567e-05
165    21    37    3.582207001484480049e-06    0.012730364088774235448    2.0149751076384157984e-05
166    21    40    2.7360679774997893903e-06    0.021511689590516632625    4.3771056413264418535e-05
167    22    36    3.3284271247461846782e-06    0.012419761350612281911    2.1359487199344503604e-05
168    22    59    4.0355339059327241036e-06    0.030158396122097461123    3.2865863268752317753e-05
169    23    30    3.0495097567963918214e-06    0.013438597914445647719    2.6217278366857037453e-05
170    23    41    2.08113883008418862e-06    0.025780588274310626412    4.5944460058432633144e-05
171    23    79    3.0495097567963892803e-06    0.03228996443332074473    4.3783197446694062805e-05
172    24    46    1.4999999999999970734e-06    0.033088235294117515628    2.2890460772880085919e-05
173    25    30    2.3708286933869712686e-06    0.039033532592965096419    4.1921692442344891439e-05
174    25    30    1.9142135623730982041e-06    0.033927903355306550381    3.9747043311948873439e-05
175    25    40    3.0495097567963918214e-06    0.029806121015373044508    5.032428410785957446e-05
176    25    45    2.5000000000000010515e-06    0.036337209302325618188    3.6162684173795766576e-05
177    25    48    3.4999999999999914772e-06    0.032236842105263008307    2.5116843969807039821e-05
178    27    34    1.9142135623731032863e-06    0.030535113019776065346    4.3275700143222961005e-05
179    27    40    4.241657386773938007e-06    0.01288800672405008424    5.3050497364800225787e-05
180    27    40    4.9999999999999997737e-07    0.012500000000000000694    5.193734341927585998e-05
181    27    43    2.3708286933869661864e-06    0.041329622745492275437    5.4541190355686303734e-05
182    27    50    3.0495097567963727632e-06    0.019056372452451376953    4.6600421317686950042e-05
183    27    56    5.136809247747849491e-06    0.015857457480617686424    3.5727588863720289583e-05
184    27    80    2.5000000000000010515e-06    0.040064102564102602178    4.576304545672645204e-05
185    27    80    3.238612787525822925e-06    0.02167068757753260605    4.7804640090079821881e-05
186    28    37    3.0495097567963985977e-06    0.014005285778307877478    4.5868343042494789377e-05
187    28    37    3.2386127875258233485e-06    0.023623001773706721329    2.8591541845617376733e-05
188    28    38    3.5000000000000050297e-06    0.030321782178217907694    3.2259707874567655262e-05
189    28    45    4.1055512754639848352e-06    0.02754175045010450254    4.3623231503350722266e-05
190    28    52    2.499999999999999781e-06    0.026939655172413787959    6.3302858027521250839e-05
191    28    54    4.9999999999999997737e-07    0.0625    6.5682132683913483631e-05
192    28    54    3.0495097567963918214e-06    0.025548103727462610074    6.4666963795055436032e-05
193    28    63    3.5000000000000050297e-06    0.041385135135135260598    3.40735522441374338e-05
194    29    49    3.5000000000000185822e-06    0.019886363636363851154    2.7799727749392638481e-05
195    30    32    4.0355339059327376562e-06    0.01628553390593273989    1.627993955373773985e-05
196    30    41    2.3708286933869721156e-06    0.025549221333577176729    4.6585297581196367413e-05
197    30    54    3.0495097567963922449e-06    0.031417262691879707659    4.298993889286496198e-05
198    30    62    2.0811388300841852319e-06    0.032811657803667966526    3.4539783541572867398e-05
199    30    79    3.3284271247461914545e-06    0.017868430846364840442    4.2273341362088728932e-05
200    32    42    3.3284271247461889134e-06    0.009356779666170763482    1.1699948601962755439e-05
201    32    42    4.9999999999999997737e-07    0.0625    1.3352349955359816305e-05
202    32    48    1.4999999999999970734e-06    0.04687499999999981265    3.826679212656399745e-05
203    32    55    3.3284271247461906075e-06    0.030435239353698340797    5.0093566921345517311e-05
204    32    61    3.4999999999999982534e-06    0.028096330275229335072    2.9131250482129052908e-05
205    32    79    4.1055512754639941525e-06    0.02667017606877219657    4.2312050616946951238e-05
206    35    55    4.9999999999999997737e-07    0.015625    3.2375900033519583476e-05
207    36    52    4.0355339059327410443e-06    0.016685997854439308524    3.2540072691738076234e-05
208    36    52    3.3284271247461770549e-06    0.058927803855032476199    5.3617310527687722676e-05
209    36    59    3.0495097567963892803e-06    0.016144982216660372365    2.8640896217747899408e-05
210    36    66    3.0495097567963918214e-06    0.020042046889647387869    4.1055684127820819308e-05
211    36    66    1.2071067811865405675e-06    0.024285113019775515092    6.2475593427810730256e-05
212    36    92    1.4999999999999970734e-06    0.02083333333333325238    4.7614941700108356362e-05
213    37    40    2.5000000000000078278e-06    0.023320895522388203347    4.3379990894782126431e-05
214    37    40    2.6213203435596490645e-06    0.017351819049393125971    4.4985221810918858958e-05
215    37    57    4.9999999999999997737e-07    0.020833333333333332177    4.8278655837982318211e-05
216    37    57    4.9999999999999997737e-07    0.0625    4.7807027833891175552e-05
217    37    63    3.7403703492039258524e-06    0.010862088780437810509    3.1621299808033807735e-05
218    37    64    2.3708286933869653394e-06    0.0401487763813353285    3.1628538376600607294e-05
219    38    44    4.9999999999999997737e-07    0.012500000000000000694    2.985897886006132337e-05
220    38    52    3.0495097567963977506e-06    0.030590492621040878823    4.6246944269777005051e-05
221    38    52    2.0811388300841809967e-06    0.033837022110032449751    4.3148137807159700334e-05
222    38    53    4.9999999999999997737e-07    0.03125    3.7724256722910501274e-05
223    38    53    2.6213203435596333943e-06    0.024540429798427125518    3.4456261942963471322e-05
224    38    75    4.1055512754639789059e-06    0.019876829334273472122    3.4233109458039443244e-05
225    38    75    1.4999999999999970734e-06    0.0312499999999998751    5.1147418242279456475e-05
226    39    42    1.5000000000000004615e-06    0.040178571428571459301    2.513216876123686703e-05
227    39    47    1.2071067811865464967e-06    0.036427669529663628256    1.877798492420358647e-05
228    39    47    4.9999999999999997737e-07    0.0625    2.2365424623862046021e-05
229    39    55    2.0811388300841856554e-06    0.016918511055016301203    2.7884195709876814822e-05
230    39    82    4.9999999999999997737e-07    0.015625    4.3527650848700053681e-05
231    40    43    3.7403703492039250054e-06    0.046020955096065442602    2.970928216989217758e-05
232    40    45    2.5000000000000010515e-06    0.033967391304347858971    2.5421986335508012201e-05
233    40    56    3.0495097567963918214e-06    0.033693875930421696152    4.876383777030344124e-05
234    40    57    6.0226805085936336955e-06    0.020894401214627694036    1.8163307740461120433e-05
235    40    63    4.9999999999999997737e-07    0.012500000000000000694    3.9263884994079572654e-05
236    40    72    2.4999999999999942753e-06    0.021701388888888790973    3.1067729860305506341e-05
237    40    72    1.2071067811865456497e-06    0.024285113019775719789    3.6055512754639894529e-05
238    41    60    4.9999999999999997737e-07    0.020833333333333332177    2.2108697785992018395e-05
239    41    79    4.1742346141747668043e-06    0.022000296230018645538    3.6880749394768143031e-05
240    42    47    3.0495097567963922449e-06    0.038747957319984975555    1.7233687939614087276e-05
241    42    61    1.4999999999999970734e-06    0.037499999999999859834    2.3162857311725014908e-05
242    42    61    1.2071067811865456497e-06    0.045534586912079469401    2.1230664461918414545e-05
243    43    48    2.370828693386969151e-06    0.037978572252614618832    3.4305988069330595777e-05
244    43    55    4.4370039370059082939e-06    0.033710623179804673211    3.2001879771724750783e-05
245    43    85    4.1742346141747634162e-06    0.036000484740030445907    3.0322704841432508894e-05
246    45    48    5.1368092477478528792e-06    0.018530062673980243065    2.6199845662603329823e-05
247    45    57    6.1568542494923741436e-06    0.024614840421748253319    1.4816345025308418336e-05
248    45    62    2.5000000000000010515e-06    0.022644927536231904824    3.7437434759845394407e-05
249    45    69    3.740370349203926276e-06    0.03268778118972874569    3.3384864324004699416e-05
250    46    53    1.4999999999999970734e-06    0.04326923076923060163    2.0481890784121852429e-05
251    46    89    1.4999999999999970734e-06    0.026785714285714180144    3.1215374513859979358e-05
252    47    82    3.5000000000000020651e-06    0.015545685279187836103    2.5877683872314832358e-05
253    48    55    3.3284271247461867958e-06    0.01391762201601277546    3.0292339469002689734e-05
254    48    57    4.5000000000000026551e-06    0.023879716981132104864    3.1266782967100559699e-05
255    48    61    2.9494897427831765562e-06    0.029792773091723182693    2.3972495629293371288e-05
256    48    85    3.8911649915626245522e-06    0.018464835355564097885    3.9372452576744555817e-05
257    48    86    3.7403703492039343228e-06    0.025162536599287705502    2.5941212460484841453e-05
258    49    74    4.9999999999999997737e-07    0.03125    2.8462125799677708395e-05
259    49    74    4.9999999999999997737e-07    0.03125    2.545460668766940209e-05
260    49    74    4.9999999999999997737e-07    0.03125    2.5677901890717481914e-05
261    49    74    4.9999999999999997737e-07    0.03125    2.8361916508467170477e-05
262    49    74    1.7247448713915829199e-06    0.021873124054349765005    3.6888246703765980358e-05
263    49    75    1.4999999999999970734e-06    0.04326923076923060163    4.1851072664267299653e-05
264    49    78    1.2071067811865600492e-06    0.024285113019776299187    3.7972432413378841168e-05
265    50    76    3.4154759474226527618e-06    0.022784132709809896966    2.5176135335450675089e-05
266    50    76    3.0495097567963901273e-06    0.02942882834429233832    3.1046295623536664262e-05
267    51    52    5.1368092477478393266e-06    0.025768368406003636789    4.275357118565015121e-05
268    51    54    4.9999999999999997737e-07    0.03125    2.9057494314430106771e-05
269    51    65    5.744044240850758143e-06    0.022849061108622413518    2.1780482018035198324e-05
270    51    66    5.0825756949558423479e-06    0.016267365047201425704    1.9155276589277037266e-05
271    52    53    2.0811388300841983609e-06    0.029264451554623153312    3.0181036589636784989e-05
272    52    54    5.1368092477478469499e-06    0.011452608180446095104    5.3969512026813320962e-05
273    52    54    4.9999999999999997737e-07    0.03125    4.4218326239663785634e-05
274    52    65    1.7247448713915909667e-06    0.02478954059492996867    4.8952182531498896227e-05
275    52    66    4.9999999999999997737e-07    0.03125    4.9986716866483145373e-05
276    52    66    1.5000000000000038496e-06    0.01875000000000009992    5.3459426110240900604e-05
277    52    77    4.5620192023179809271e-06    0.018256157195015776384    4.3263660385202450456e-05
278    52    77    2.3708286933869801624e-06    0.030547982029277262472    6.1994362921157552594e-05
279    52    89    2.0811388300841725264e-06    0.024061882389356213652    4.0753003462611146323e-05
280    52    96    4.9999999999999997737e-07    0.015625    4.1543106156967959898e-05
281    52    97    4.7426406871192868225e-06    0.014915544222227654012    4.803390621284653599e-05
282    52    97    4.9999999999999997737e-07    0.03125    6.5522287838310763275e-05
283    52    97    4.9999999999999997737e-07    0.0625    6.9511843141750975675e-05
284    52    103    4.9999999999999997737e-07    0.020833333333333332177    6.7213898011931046757e-05
285    52    109    4.9999999999999997737e-07    0.03125    5.6283353312580536646e-05
286    52    109    3.0495097567963850451e-06    0.044709181523059367269    6.1867392337000434938e-05
287    52    109    2.3708286933869619512e-06    0.037978572252614389848    6.948638442986029189e-05
288    52    113    2.5000000000000010515e-06    0.035511363636363667273    4.3555763769222887371e-05
289    52    118    3.7403703492039228878e-06    0.014946976868807563057    5.7267748418219405931e-05
290    52    130    4.9999999999999997737e-07    0.0052083333333333330442    5.875284916129124642e-05
291    54    62    2.2320508075688725631e-06    0.019770042887177999291    3.2769580723336711793e-05
292    54    65    5.499999999999999857e-06    0.0147705078125    1.7870314474296863466e-05
293    54    69    1.914213562373095663e-06    0.027759193654341648289    2.3256002087763615694e-05
294    54    79    1.4999999999999970734e-06    0.080357142857142543901    5.4095764782280476358e-05
295    55    61    4.0355339059327427384e-06    0.012300252194813279458    2.1761639980216089876e-05
296    55    82    4.035533905932734268e-06    0.018936667332479898557    5.3573893170427385781e-05
297    55    85    4.9999999999999997737e-07    0.0625    4.0012529346348217488e-05
298    55    85    4.9999999999999997737e-07    0.020833333333333332177    4.0370254939082060217e-05
299    55    86    3.0495097567963918214e-06    0.047446478351001984686    4.0088182540502339591e-05
300    55    95    2.0811388300841852319e-06    0.043311388300841718868    3.1354519994326343721e-05
301    55    98    4.1742346141747710395e-06    0.0099909602145497721642    3.5020750868469276e-05
302    55    98    4.9999999999999997737e-07    0.0625    3.5965476141489427888e-05
303    56    76    4.7426406871192783521e-06    0.023527866827530569821    3.0767362558617641487e-05
304    56    76    2.0811388300841937022e-06    0.025181039709791904618    4.4941418273448024761e-05
305    56    80    2.5000000000000010515e-06    0.011837121212121222424    3.2680995433287873472e-05
306    56    85    4.9158804331639257366e-06    0.017511507560263730315    3.5631530670806795273e-05
307    56    99    4.9999999999999997737e-07    0.0625    3.1504007418690419787e-05
308    57    63    4.0355339059327427384e-06    0.019763997458656284989    2.7731759769233989716e-05
309    57    70    2.0811388300841852319e-06    0.030077352986695636561    2.9323058516361102385e-05
310    57    84    4.5620192023179809271e-06    0.013409806187060557825    3.0142006877740304101e-05
311    57    86    4.6231056256176558049e-06    0.013493122238394961512    2.7237739202856993019e-05
312    57    107    3.500000000000000371e-06    0.025309917355371906733    4.0205441169852737093e-05
313    57    107    4.9999999999999997737e-07    0.0625    3.7929413834596821704e-05
314    58    78    2.0811388300841873495e-06    0.017464269476145887622    2.9975801026938461171e-05
315    59    89    2.4999999999999942753e-06    0.031887755102040671318    3.3207049475346504114e-05
316    59    92    2.4999999999999942753e-06    0.04464285714285694262    2.6794300887567575379e-05
317    61    98    4.4370039370059091409e-06    0.030194791314426285694    2.9774744329835542845e-05
318    61    129    1.9142135623730935454e-06    0.031588047951492143062    5.6447454123925567388e-05
319    62    69    3.0495097567963850451e-06    0.024998682141925670369    1.0058042334895377911e-05
320    62    79    1.2071067811865477672e-06    0.030356391274719750351    4.9322478976195931384e-05
321    62    79    4.9999999999999997737e-07    0.010416666666666666088    3.8955065206649787922e-05
322    63    64    2.5000000000000010515e-06    0.04595588235294121443    4.140488835025615469e-05
323    63    70    1.4999999999999970734e-06    0.029605263157894624176    1.7658910531638174747e-05
324    63    77    1.9142135623730910043e-06    0.039828408286663910531    2.850030823126615512e-05
325    63    77    1.4999999999999970734e-06    0.0312499999999998751    2.6572316428726424329e-05
326    63    77    1.4999999999999970734e-06    0.0312499999999998751    4.9568766129289502226e-05
327    63    77    1.4999999999999970734e-06    0.04326923076923060163    3.6701641259243195125e-05
328    63    100    1.9142135623730910043e-06    0.038168891274719576878    3.9508830790504040852e-05
329    64    72    1.4999999999999970734e-06    0.025568181818181719145    2.4874220761086229684e-05
330    64    77    3.0495097567963981741e-06    0.0088398381718597218021    4.5653215800628538213e-05
331    64    78    3.0495097567963888568e-06    0.01581549278366729816    3.0186820946250539572e-05
332    65    66    2.3708286933869678805e-06    0.018489568070351836832    3.8331855324143755746e-05
333    65    67    3.0495097567963854686e-06    0.013838556185708854665    2.0565751423552653597e-05
334    65    88    4.1742346141747710395e-06    0.028848070553269544725    1.8319319537938089966e-05
335    65    100    2.5000000000000010515e-06    0.021404109589041115519    4.4414101520323342239e-05
336    65    100    4.9999999999999997737e-07    0.0089285714285714298105    4.418875540922119656e-05
337    66    96    2.08113883008418862e-06    0.036092823584034885998    2.9529968014692724277e-05
338    66    96    2.5000000000000010515e-06    0.037202380952380986745    3.1705559859347489673e-05
339    66    101    3.4999999999999991005e-06    0.027840909090909079365    2.7776655170532148627e-05
340    67    79    1.2071067811865456497e-06    0.033116063208785066763    4.3114448403238673992e-05
341    67    88    2.0811388300841852319e-06    0.019335441205732908226    2.397805201443914912e-05
342    70    100    1.2071067811865456497e-06    0.033116063208785066763    2.3729627420938472409e-05
343    70    100    4.9999999999999997737e-07    0.015625    2.6729593194098551798e-05
344    72    80    3.662277660168376945e-06    0.017555337251529273823    2.0972653267870911605e-05
345    72    84    3.4999999999999982534e-06    0.019886363636363618701    1.5497970354302098881e-05
346    73    75    4.1055512754639831411e-06    0.023410487882588804781    1.1357816691600543398e-05
347    73    77    2.5000000000000010515e-06    0.039062500000000034694    3.2288376058879355798e-05
348    73    77    3.3284271247461965367e-06    0.025644507233208876235    2.1513878188659974231e-05
349    74    78    3.0495097567963943625e-06    0.016372376332388038217    3.1922924599555037545e-05
350    74    78    1.4999999999999970734e-06    0.040178571428571271951    3.5047301396047027527e-05
351    74    103    3.0495097567963892803e-06    0.026722729186196475526    4.6674415207457182315e-05
352    74    106    2.0811388300841725264e-06    0.025780588274310227426    2.5217791370854510574e-05
353    74    106    2.3708286933869763508e-06    0.029898024964824458649    2.8855504316250632914e-05
354    75    103    2.9494897427831735916e-06    0.013765015415796126932    2.3759218272034521345e-05
355    75    103    1.4999999999999970734e-06    0.025568181818181719145    4.2440326159164679055e-05
356    76    85    4.9721359549995793327e-06    0.02131218616810308733    4.3011888640082023374e-05
357    76    85    2.4999999999999942753e-06    0.065104166666666365981    3.5674900606252826914e-05
358    76    85    3.5822070014844825901e-06    0.021823481295041580186    3.8314805079486284807e-05
359    76    94    3.740370349203926276e-06    0.016655202796671313148    2.9962361473435977126e-05
360    76    99    4.2416573867739346189e-06    0.025269181722997031969    3.8919388105460425893e-05
361    76    104    4.1742346141747701925e-06    0.015613113453561642749    3.2953642980998204982e-05
362    76    122    1.5000000000000004615e-06    0.018750000000000016653    5.178576808927525389e-05
363    76    122    1.5000000000000004615e-06    0.028125000000000021511    3.8418289649466789157e-05
364    77    78    3.0495097567963918214e-06    0.030998365855987967954    4.5724009325559975491e-05
365    77    78    2.3708286933869653394e-06    0.03903353259296490213    5.3004410814032066864e-05
366    77    78    4.9999999999999997737e-07    0.0078125    4.9192444771161536856e-05
367    77    103    4.9999999999999997737e-07    0.0069444444444444449263    3.2267672304761322254e-05
368    77    109    4.4370039370059049058e-06    0.01739134623410415123    2.628417679819344344e-05
369    78    103    3.8166247903553908289e-06    0.024942850668416664817    3.1313866358277032595e-05
370    78    109    2.0811388300841983609e-06    0.023538797989588189363    5.3311648385446121364e-05
371    78    124    2.3708286933869835506e-06    0.030547982029277349209    4.4450178165721450526e-05
372    79    82    3.5822070014844868253e-06    0.027655618537682065405    4.0445909854949991169e-05
373    79    82    2.6213203435596435587e-06    0.02526220714543988069    3.685729332101831551e-05
374    79    88    1.9142135623730935454e-06    0.038168891274719674023    4.6140504911178482049e-05
375    79    114    4.9999999999999997737e-07    0.020833333333333332177    5.5098424861187701132e-05
376    79    114    1.7247448713915880021e-06    0.039141379886731400561    4.4905457641672649771e-05
377    79    129    3.7403703492039330522e-06    0.011392809730622111691    4.3907928194723513287e-05
378    79    129    3.4154759474226493737e-06    0.017568487872624466428    5.2501614693388398074e-05
379    79    146    4.9999999999999997737e-07    0.0078125    5.5834796435717859756e-05
380    80    85    1.2071067811865456497e-06    0.0227672934560397347    4.2554993648179090531e-05
381    80    123    4.4370039370059133761e-06    0.016084153543305536316    3.622536036471178493e-05
382    80    123    1.4999999999999970734e-06    0.04326923076923060163    4.3900239695413687435e-05
383    82    98    3.5822070014844902134e-06    0.032404563135061875689    4.56149659751272263e-05
384    82    110    2.499999999999999781e-06    0.055803571428571424606    3.3232708621461161305e-05
385    82    129    1.4999999999999970734e-06    0.035156249999999861222    5.8783040733097412743e-05
386    82    129    4.5620192023179843152e-06    0.035637019182051400679    4.7086026328135475397e-05
387    84    85    1.724744871391585461e-06    0.029747448713915769503    3.7571039531547092939e-05
388    84    107    3.6622776601683705923e-06    0.023124616655462611886    2.4197987087712635588e-05
389    85    86    3.4999999999999961358e-06    0.034801136363636284154    3.3179241269660210932e-05
390    85    95    2.4999999999999942753e-06    0.018601190476190392759    3.5606607899052125253e-05
391    85    104    4.0355339059327410443e-06    0.013305174759748992358    3.0800465575828672954e-05
392    85    122    3.0495097567963918214e-06    0.033693875930421696152    3.3231158586348040658e-05
393    85    123    1.724744871391585461e-06    0.035413629421328293723    5.6997690329672281333e-05
394    85    126    1.9142135623731007452e-06    0.03053511301977597861    3.6520709487635690828e-05
395    85    133    2.0811388300841915846e-06    0.026409383110269499945    3.5671819640764430783e-05
396    85    150    1.2071067811865551788e-06    0.018213834764832074337    4.5991337035215221121e-05
397    86    107    1.2071067811865551788e-06    0.030356391274720125051    3.0613046256796732627e-05
398    86    112    2.9494897427831820619e-06    0.018911934223441746045    2.3802147828294707108e-05
399    86    126    4.1055512754639848352e-06    0.015103540569412146274    2.7655054612635870839e-05
400    86    129    1.2071067811865551788e-06    0.021428040899802443253    5.7582506653403576461e-05
401    87    100    4.9999999999999997737e-07    0.020833333333333332177    2.3611514853616399846e-05
402    88    90    3.0495097567963918214e-06    0.021135249447264522343    3.437022805121200665e-05
403    88    100    2.2320508075688899273e-06    0.014482705835956203796    4.4701016089073613603e-05
404    88    101    1.500000000000000038e-06    0.03750000000000001249    3.134316094025050767e-05
405    88    101    4.9999999999999997737e-07    0.010416666666666666088    2.6287164876683765367e-05
406    88    114    3.7403703492039292406e-06    0.019112527799458912947    2.5244733908486789481e-05
407    89    92    4.9999999999999997737e-07    0.0056818181818181819759    3.1772715970399293892e-05
408    89    92    4.9999999999999997737e-07    0.012500000000000000694    2.9663767896736795073e-05
409    89    97    4.0355339059327410443e-06    0.014186005144540736814    3.2763876298624075275e-05
410    89    121    2.6213203435596469469e-06    0.017528878427448126714    2.6489468111306719385e-05
411    89    125    4.2416573867739464773e-06    0.017778317575863622491    3.2577340739175139595e-05
412    89    138    4.9999999999999997737e-07    0.0048076923076923079592    3.7751682675095495024e-05
413    90    102    2.0811388300841915846e-06    0.030936705929172848145    2.6332047312754542181e-05
414    90    129    3.0495097567963918214e-06    0.016488492476589344804    3.5813112913920473182e-05
415    90    134    3.0495097567963905508e-06    0.035225415745440843973    3.3298754241640435595e-05
416    92    125    2.370828693386968304e-06    0.019791650328827323918    2.5214004640593308689e-05
417    93    111    3.0495097567963981741e-06    0.022141689897134352039    1.737938960877126457e-05
418    94    122    4.1055512754639941525e-06    0.022901564232967429324    4.7876912209575577038e-05
419    94    127    4.0355339059327376562e-06    0.025446146728019907596    2.3508410030583551761e-05
420    95    119    2.8452078799117121519e-06    0.030663666211786747007    2.1705765128172716276e-05
421    95    122    2.0811388300841856554e-06    0.034928538952291712794    3.5990873704401917053e-05
422    95    126    1.724744871391585461e-06    0.030986925743662255273    2.3971875252414664547e-05
423    96    113    1.4999999999999970734e-06    0.029605263157894624176    1.7318190173392755926e-05
424    96    125    3.0495097567963981741e-06    0.028010571556615744548    3.0731241437397175515e-05
425    97    113    4.9999999999999997737e-07    0.012500000000000000694    4.1416064513245993712e-05
426    97    113    1.9142135623731007452e-06    0.025445927516479976971    3.728880954032269562e-05
427    97    118    4.0355339059327410443e-06    0.022745159086498278195    2.8360027257812868331e-05
428    97    121    1.4999999999999970734e-06    0.037499999999999859834    3.1472280004688739515e-05
429    97    130    2.0811388300841725264e-06    0.023037972500447440743    2.4245711016341502456e-05
430    98    102    4.9999999999999997737e-07    0.0089285714285714298105    4.1491305306372657956e-05
431    98    119    3.0495097567963981741e-06    0.014621870686786836088    2.8195543603273049078e-05
432    98    122    2.5000000000000078278e-06    0.047348484848485146437    4.7826558524722781202e-05
433    98    129    2.5000000000000010515e-06    0.012913223140495878535    5.8346518260318808874e-05
434    98    129    5.3476798574163316721e-06    0.025810180376729566221    4.1673630631531667428e-05
435    98    129    4.9999999999999997737e-07    0.020833333333333332177    6.9990717857045995189e-05
436    99    123    3.4999999999999914772e-06    0.043749999999999789058    2.7738702407034704643e-05
437    100    108    1.2071067811865456497e-06    0.036427669529663579684    3.5616343105645680315e-05
438    100    108    4.9999999999999997737e-07    0.0078125    3.4212710013299080605e-05
439    100    109    2.7360679774997830376e-06    0.030680606465162924695    4.1162752852925830376e-05
440    100    115    1.9142135623730910043e-06    0.026172954016950571166    2.4151691181052225112e-05
441    100    115    4.9999999999999997737e-07    0.03125    2.688042050877134507e-05
442    100    134    3.5000000000000050297e-06    0.032930107526881816082    3.1995894976204387493e-05
443    100    134    2.8452078799117079167e-06    0.012492604752950118088    4.2087584717845599302e-05
444    102    129    1.7247448713915884256e-06    0.028603316071072953236    2.8070541726044591162e-05
445    102    129    1.5000000000000038496e-06    0.029605263157894894793    2.9475269592907336088e-05
446    103    118    4.9999999999999997737e-07    0.0625    3.6514697540027742399e-05
447    103    142    2.4999999999999942753e-06    0.010486577181208007331    4.2879437017831977495e-05
448    103    163    4.3078865529319558384e-06    0.019171370405921456248    4.0354907766825731847e-05
449    103    163    1.4999999999999970734e-06    0.024456521739130338694    5.2955639814815030973e-05
450    104    122    3.6622776601683841448e-06    0.025595949733145832022    3.207264760647092521e-05
451    104    123    1.7247448713915799553e-06    0.029747448713915578683    3.1944500736741937986e-05
452    104    123    2.0811388300841725264e-06    0.022097647092265908231    3.6080812001763903451e-05
453    107    126    3.5822070014844868253e-06    0.0095762738817048338735    3.1114913995613894832e-05
454    107    134    3.5000000000000050297e-06    0.018229166666666719865    3.966701611495904254e-05
455    107    153    2.4999999999999942753e-06    0.053879310344827339996    3.4613676258628572511e-05
456    108    115    1.2071067811865456497e-06    0.052039527899519398557    2.7177991343983202088e-05
457    109    131    3.4999999999999914772e-06    0.034027777777777615253    2.2407195054866587135e-05
458    109    134    2.0811388300841852319e-06    0.02460874335275097663    4.9589821293392834407e-05
459    109    136    1.4999999999999970734e-06    0.018749999999999929917    2.9638822842794900977e-05
460    109    153    4.9999999999999997737e-07    0.0078125    4.8139588174009423599e-05
461    109    154    2.4999999999999942753e-06    0.022644927536231779924    3.7997434651644709184e-05
462    110    148    2.9494897427831748621e-06    0.0241652492855087761    3.3600385247882054104e-05
463    111    120    1.4999999999999970734e-06    0.025568181818181719145    2.137514163309895066e-05
464    111    139    2.7360679774997893903e-06    0.032267534385774947203    2.8864265670978834783e-05
465    112    129    4.9999999999999997737e-07    0.03125    3.9238341804866182314e-05
466    112    129    4.9999999999999997737e-07    0.020833333333333332177    3.769464647998038351e-05
467    112    134    3.2386127875258313953e-06    0.018336735642527687146    2.337735224710593766e-05
468    113    115    4.0355339059327274918e-06    0.020986512765377132034    1.7175465354118890843e-05
469    113    121    4.4370039370059049058e-06    0.022785884186349424779    1.9265724388955038961e-05
470    114    147    3.5822070014844880958e-06    0.028140804827816862099    2.9504999500099968396e-05
471    115    135    3.0495097567963850451e-06    0.033693875930421550435    1.7738351722048762273e-05
472    115    135    4.9999999999999997737e-07    0.03125    2.2620948006387980465e-05
473    115    144    2.232050807568883998e-06    0.032776650049795449937    2.0036364838423397741e-05
474    118    130    1.7247448713915909667e-06    0.027543933994366630313    2.2252109933459724887e-05
475    118    157    2.0811388300841725264e-06    0.032811657803667564071    2.6068802284333472208e-05
476    118    163    1.4999999999999970734e-06    0.0312499999999998751    3.4249579657342596093e-05
477    119    122    5.1368092477478588084e-06    0.016368988367089283564    1.9701884690521493981e-05
478    119    122    1.7247448713916024016e-06    0.027543933994366998075    3.0240298782896165089e-05
479    119    143    4.4370039370059015176e-06    0.036189345472437260687    3.8535662786468607944e-05
480    119    190    4.9999999999999997737e-07    0.0089285714285714298105    4.8921884275991943121e-05
481    120    123    2.4999999999999942753e-06    0.031249999999999857753    2.5431131427994742886e-05
482    121    125    3.0495097567963850451e-06    0.021932806030180065915    3.2154307679402440801e-05
483    121    140    4.4370039370059065998e-06    0.027650286428379099168    1.9309063186833177599e-05
484    121    145    1.914213562373095663e-06    0.033927903355306460176    1.9874990983206078333e-05
485    121    145    4.9999999999999997737e-07    0.03125    2.2293114224133716845e-05
486    121    145    1.7247448713915867315e-06    0.037184310892394767389    3.3890054786113941435e-05
487    121    155    3.0495097567963850451e-06    0.023483610496960474756    4.3167814920818050218e-05
488    122    127    3.0495097567963854686e-06    0.011566554423876057242    4.3799068179368264031e-05
489    122    127    1.5000000000000004615e-06    0.051136363636363674212    4.2990322539628055866e-05
490    122    150    3.7403703492039351698e-06    0.018604215889898897962    3.3424606244687254063e-05
491    122    164    4.9999999999999997737e-07    0.0078125    3.4300175589211526271e-05
492    122    164    4.4370039370058955884e-06    0.036189345472437163542    3.8192271073994884893e-05
493    122    164    2.08113883008418862e-06    0.03093670592917275447    3.662668553083925989e-05
494    122    165    3.6622776601683807567e-06    0.021915486372824168754    4.5346436329259963752e-05
495    122    180    1.4999999999999970734e-06    0.029605263157894624176    4.5988053815986640977e-05
496    122    190    2.8452078799117159635e-06    0.020238019699779303401    5.0147635165523224443e-05
497    123    126    3.0495097567963918214e-06    0.02735149928469526176    7.1813527691597881658e-05
498    123    127    1.5000000000000106259e-06    0.0175781250000002498    4.2251324295430799658e-05
499    123    152    3.5822070014844902134e-06    0.019442737881037123332    3.6023585638779553994e-05
500    123    152    2.0811388300841915846e-06    0.028494334408448677293    2.8816618123295356299e-05
501    123    162    3.4999999999999914772e-06    0.028096330275229224049    3.4390562549006293723e-05
502    124    131    1.2071067811865551788e-06    0.022767293456040095523    1.723545527679195416e-05
503    125    132    4.4370039370059082939e-06    0.028614831303787693212    1.5691400543050681559e-05
504    125    141    3.0495097567963892803e-06    0.028352163892671870121    2.2236084294800870925e-05
505    125    155    2.949489742783171474e-06    0.038837007780281873615    3.6719647450139696792e-05
506    126    129    3.049509756796395633e-06    0.030998365855988047751    4.4769091203743509484e-05
507    126    129    4.9999999999999997737e-07    0.012500000000000000694    4.3371364257044586711e-05
508    126    129    1.4999999999999970734e-06    0.0312499999999998751    5.9324401122710232405e-05
509    126    134    3.0495097567963850451e-06    0.018599019513592694036    3.5312283411868236648e-05
510    126    150    3.049509756796395633e-06    0.01383855618570894834    5.5678176809716950729e-05
511    126    150    1.914213562373095663e-06    0.024106668173507223712    4.1049698586483859873e-05
512    126    158    2.0811388300841852319e-06    0.043311388300841718868    2.2753110757012530002e-05
513    126    158    2.4999999999999942753e-06    0.038109756097560801291    2.8492508616950488142e-05
514    126    159    3.0495097567963863157e-06    0.027677112371417726677    3.1957392710300678944e-05
515    126    188    1.2071067811865456497e-06    0.040475188366292859377    5.1795904150580496998e-05
516    127    165    1.7247448713916083309e-06    0.027543933994367181955    3.6792240719442130743e-05
517    127    165    1.4999999999999970734e-06    0.020089285714285635975    3.4074366353784500368e-05
518    128    129    2.0811388300841983609e-06    0.015692531993058790596    4.2039876975040941815e-05
519    128    134    2.9494897427831735916e-06    0.024714459496543047384    2.559037328015476931e-05
520    128    147    3.5822070014844817431e-06    0.024120689852414362031    2.4241664813991306874e-05
521    129    134    3.0495097567963850451e-06    0.025548103727462499052    4.5609547844683955009e-05
522    129    134    2.5000000000000010515e-06    0.040064102564102602178    4.2508503653091997204e-05
523    129    143    5.499999999999999857e-06    0.019849081364829396917    3.8700609733428364609e-05
524    129    147    1.724744871391585461e-06    0.017295028322044051633    6.1016609165941824056e-05
525    129    147    4.9999999999999997737e-07    0.0625    5.6503041392865776421e-05
526    129    148    5.3476798574163325191e-06    0.017144892000849142055    3.3504807247891690576e-05
527    129    159    3.3284271247461867958e-06    0.023274006564592795987    4.121501671269573228e-05
528    129    159    1.5000000000000038496e-06    0.024456521739130564208    4.761132637373469438e-05
529    129    161    2.0811388300841860789e-06    0.038670882411465851147    3.7476661855393480745e-05
530    129    172    4.5620192023179724567e-06    0.019058625643148273399    3.9791135312941846691e-05
531    129    208    4.9999999999999997737e-07    0.0625    5.7293159987096353789e-05
532    130    138    1.7247448713915909667e-06    0.014582082702899979224    3.7078392172257951774e-05
533    130    140    2.7360679774997830376e-06    0.031720627023304047432    2.2328258547454794684e-05
534    130    157    2.5000000000000213803e-06    0.022644927536232272586    2.358040807313908319e-05
535    131    163    3.5822070014844948721e-06    0.033417205733032646908    3.1425533837899847882e-05
536    132    138    1.724744871391585461e-06    0.011804543140442763996    2.4299436752032172994e-05
537    132    141    4.1055512754639831411e-06    0.048435492170873381546    1.0199942172395929925e-05
538    133    150    3.0495097567963981741e-06    0.010664575409170215861    2.8623888097162931862e-05
539    134    135    2.5000000000000078278e-06    0.038109756097561210686    2.4698216927112879221e-05
540    134    136    3.5822070014844902134e-06    0.015960456469508089994    3.7413677297595458965e-05
541    134    137    4.9999999999999997737e-07    0.020833333333333332177    3.5871861827783342092e-05
542    134    147    3.7403703492039322052e-06    0.027324942088288957376    3.7540932787505727406e-05
543    134    158    2.4999999999999942753e-06    0.024414062499999888978    3.981223036645454075e-05
544    134    159    3.4999999999999914772e-06    0.022032374100719318705    5.2166323618782137195e-05
545    134    173    4.035533905932734268e-06    0.024234425455257009585    3.3429211405060809997e-05
546    134    181    1.7247448713915909667e-06    0.028603316071073039972    3.6716916058621515027e-05
547    134    194    1.2071067811865456497e-06    0.020237594183146429688    4.3114337898437041805e-05
548    135    147    3.0495097567963981741e-06    0.019056372452451696142    2.8347000745461450291e-05
549    136    153    4.241657386773938007e-06    0.03486755307514324137    2.3690832211978212401e-05
550    136    153    1.4999999999999970734e-06    0.0624999999999997502    2.7606846951214978085e-05
551    136    153    1.4999999999999970734e-06    0.035156249999999861222    3.4919839043594241975e-05
552    136    154    4.9999999999999997737e-07    0.0625    2.9640506000042607414e-05
553    136    170    1.4999999999999970734e-06    0.018749999999999929917    3.4102605911123567897e-05
554    136    181    3.4154759474226417504e-06    0.019572946220507706633    3.5633203873365728925e-05
555    137    144    2.4999999999999942753e-06    0.0098892405063290677453    2.666009423035126325e-05
556    138    141    3.816624790355391676e-06    0.021296235073618916683    2.1780514172678485502e-05
557    138    145    2.5000000000000078278e-06    0.022007042253521267444    1.8154377715112248739e-05
558    138    175    2.4999999999999942753e-06    0.014880952380952314207    2.7861409632675168235e-05
559    138    179    1.5000000000000241784e-06    0.018750000000000609929    5.4887337151979177959e-05
560    139    142    1.4999999999999970734e-06    0.028124999999999889672    3.6795444274679500404e-05
561    139    142    1.5000000000000106259e-06    0.018750000000000269923    3.26054506971339413e-05
562    139    149    4.4999999999999891026e-06    0.017161016949152459177    2.6019223662515357206e-05
563    139    154    1.4999999999999970734e-06    0.028124999999999889672    3.408210312607965316e-05
564    139    154    2.0811388300841852319e-06    0.032811657803667966526    3.8055246270212489033e-05
565    139    156    7.0192024052026583532e-06    0.017348310706057318981    1.4743279822738335552e-05
566    139    200    1.4999999999999970734e-06    0.080357142857142543901    4.099758534418132907e-05
567    140    144    3.5000000000000050297e-06    0.029447115384615470818    2.0182677090637535884e-05
568    140    145    2.0811388300841873495e-06    0.021655694150420904537    2.240006184279907936e-05
569    141    145    2.5000000000000078278e-06    0.022644927536232026255    2.9760802228943166717e-05
570    141    155    1.7247448713915884256e-06    0.035413629421328418623    4.3833175282383211044e-05
571    141    175    3.0495097567963981741e-06    0.028352163892672033185    2.7148599245479157331e-05
572    141    175    4.9999999999999997737e-07    0.03125    3.1313978461860569446e-05
573    142    176    4.9999999999999997737e-07    0.0052083333333333330442    3.2824626815300696181e-05
574    142    176    3.0495097567963930919e-06    0.023248774391990991578    3.748642611163305918e-05
575    143    159    6.458187643906492564e-06    0.024592091771171283032    1.3950083222337990687e-05
576    144    147    1.4999999999999970734e-06    0.028124999999999889672    4.5470192727678424287e-05
577    144    169    4.9999999999999997737e-07    0.010416666666666666088    2.1149409640485998421e-05
578    144    181    1.2071067811865456497e-06    0.033116063208785066763    4.1978467801017863145e-05
579    144    185    1.4999999999999970734e-06    0.040178571428571271951    2.8921563907996025874e-05
580    145    155    4.9999999999999997737e-07    0.03125    3.5098098966936698291e-05
581    145    155    2.0811388300841852319e-06    0.030077352986695636561    3.6034756242766211194e-05
582    146    161    4.1742346141747701925e-06    0.016626178066960681928    1.4684658438426500138e-05
583    147    155    5.2434164902525716228e-06    0.01648286360326894559    2.7651833112703556514e-05
584    147    166    4.5000000000000026551e-06    0.014977810650887593211    1.8641128357913809186e-05
585    147    168    3.6622776601683841448e-06    0.031933994428972420354    2.3939911708309764843e-05
586    147    178    2.0811388300841860789e-06    0.029264451554622806367    3.0840645161088299574e-05
587    147    182    4.5620192023179843152e-06    0.030426928658359678193    2.813631537046404693e-05
588    148    172    2.0811388300841852319e-06    0.047077595979175781982    4.0872768124418167686e-05
589    148    172    1.4999999999999970734e-06    0.0312499999999998751    4.9084624384974028227e-05
590    148    212    4.9999999999999997737e-07    0.03125    4.6976722305071615213e-05
591    149    153    4.9999999999999997737e-07    0.0078125    4.9590058665348842114e-05
592    149    162    4.6231056256176524167e-06    0.012969117491272807649    2.2651810412062785239e-05
593    150    165    1.4999999999999970734e-06    0.037499999999999859834    3.5534604139275013089e-05
594    150    180    3.0495097567963854686e-06    0.015499182927993918057    2.9699254629072338347e-05
595    150    180    2.5000000000000010515e-06    0.025614754098360677237    3.895766590266418639e-05
596    150    187    2.8452078799117104578e-06    0.032641967257708424943    3.3854083964553149629e-05
597    150    188    3.4999999999999914772e-06    0.015236318407960126181    3.6717589107789135874e-05
598    150    188    2.2320508075688725631e-06    0.022645685488949348491    4.7353791077328662574e-05
599    152    153    4.0355339059327283388e-06    0.035713890144589179043    2.6594261538946478517e-05
600    152    162    1.9142135623730910043e-06    0.02775919365434151298    2.2770605712094454877e-05
601    152    171    4.1742346141747701925e-06    0.03512950527051368621    2.0624404748406683513e-05
602    152    174    4.2416573867739413951e-06    0.018898799776023052222    1.7797259759663214176e-05
603    153    154    2.5000000000000078278e-06    0.016276041666666768437    2.6736318541586401288e-05
604    153    184    3.7403703492039313582e-06    0.030680636730710399152    2.0895946391495507873e-05
605    153    188    3.4154759474226531853e-06    0.017782737724729682366    2.6531252669070931946e-05
606    154    156    4.9999999999999997737e-07    0.03125    2.9180254155601561725e-05
607    154    163    3.0495097567963850451e-06    0.025270406947816164561    3.7629485457263596188e-05
608    154    196    3.5822070014844859783e-06    0.020304125002348849538    3.1102106875063948842e-05
609    155    168    1.500000000000000038e-06    0.033088235294117654406    2.773636593097908112e-05
610    155    178    1.9142135623730910043e-06    0.02775919365434151298    5.9886426335809438343e-05
611    155    182    4.1055512754639941525e-06    0.025232861190814415142    2.600011889051936589e-05
612    155    183    5.3989794855663604406e-06    0.020880357797683674753    3.6666474922915207914e-05
613    155    198    4.9999999999999997737e-07    0.0089285714285714298105    4.5342591632756146648e-05
614    155    215    4.0355339059327376562e-06    0.014645264303896350644    4.0054870767397138525e-05
615    156    163    5.8851648071345070574e-06    0.015545406107331483439    2.351309625113488013e-05
616    156    205    3.2386127875258352069e-06    0.013586285994204482658    3.5340577266695881171e-05
617    157    163    3.0495097567964036799e-06    0.020393661747360663367    2.8788549708455756301e-05
618    157    179    3.5822070014844817431e-06    0.023416436134095698629    2.7530298416487303823e-05
619    157    179    4.0355339059327147863e-06    0.031807683410024517601    1.6255496193247659414e-05
620    157    185    2.4999999999999942753e-06    0.02232142857142847131    3.7662371595675785759e-05
621    158    159    2.621320343559638053e-06    0.021207778838146972011    3.0422911259347332636e-05
622    159    172    6.0226805085936320014e-06    0.017338757413285683234    1.6690516770658106661e-05
623    159    180    3.9641016151377643129e-06    0.027861882296343676302    2.0402250395073259076e-05
624    161    166    3.8911649915626381048e-06    0.028460836450305764672    2.4958392143377032747e-05
625    161    208    3.0495097567963918214e-06    0.023018588506921754122    3.2454308590640574064e-05
626    162    174    3.4999999999999914772e-06    0.021120689655172310284    1.7856157588603976971e-05
627    162    196    3.4999999999999914772e-06    0.014866504854368859517    3.5814285535017064354e-05
628    162    201    1.7247448713915799553e-06    0.030986925743662057514    3.0632323424454848261e-05
629    163    177    6.5415229867972817456e-06    0.017310486645144510659    1.6569186993535171766e-05
630    163    179    3.0495097567963981741e-06    0.022141689897134352039    2.7699043515784969817e-05
631    163    185    4.9999999999999997737e-07    0.0625    5.4957711714243484471e-05
632    164    165    4.5620192023179843152e-06    0.019414197017087703873    2.0719601692246424334e-05
633    164    187    3.4154759474226603851e-06    0.017256621223998108022    1.6980799242325361146e-05
634    165    171    3.6622776601683705923e-06    0.0076379713326698833037    2.5075726774463622036e-05
635    165    174    1.4999999999999970734e-06    0.037499999999999859834    5.1652987755804882579e-05
636    165    213    3.2386127875258385951e-06    0.021851276640678925917    3.253613115513806183e-05
637    165    213    1.4999999999999970734e-06    0.0312499999999998751    4.5970272560022452848e-05
638    165    217    2.499999999999999781e-06    0.029481132075471691567    4.4937488290289583754e-05
639    166    168    4.4370039370059082939e-06    0.023662264347362897687    1.5359356638679559604e-05
640    166    186    2.8452078799117113048e-06    0.015448869999831480251    1.7462746976284110784e-05
641    168    182    4.500000000000000114e-06    0.026644736842105269659    1.0125317479224288234e-05
642    168    186    3.4999999999999999475e-06    0.029166666666666670599    1.8717847081556032837e-05
643    169    178    4.9999999999999997737e-07    0.0625    2.3721287082262840825e-05
644    169    185    4.9999999999999997737e-07    0.03125    2.681151017772947392e-05
645    169    185    4.9999999999999997737e-07    0.03125    2.7603568877283760216e-05
646    170    185    3.582207001484479202e-06    0.017064105055165462027    2.7097329924045977236e-05
647    170    197    2.3708286933869653394e-06    0.02342011955577894336    3.3631202458558968264e-05
648    171    174    2.0811388300841852319e-06    0.041645565673886268676    2.256209841852908931e-05
649    171    188    3.4999999999999982534e-06    0.029447115384615359795    2.9769916039170542081e-05
650    171    199    2.5000000000000078278e-06    0.038109756097561210686    2.5009269072411396311e-05
651    171    199    4.9999999999999997737e-07    0.03125    2.9521802956692649454e-05
652    172    173    2.7360679774997830376e-06    0.036696411654410558689    4.2162472631157051203e-05
653    172    180    3.5822070014844851312e-06    0.013887669915026479989    3.5107010057365538606e-05
654    172    191    4.9999999999999997737e-07    0.0089285714285714298105    2.8421158574413926115e-05
655    172    191    4.0355339059327410443e-06    0.034503249800705015904    2.2335140723059031693e-05
656    172    208    1.4999999999999970734e-06    0.04687499999999981265    5.3452547383606854934e-05
657    172    208    3.0495097567963829275e-06    0.018451408247611773839    4.8999740680597973557e-05
658    172    210    3.4999999999999914772e-06    0.021874999999999894529    5.4986649262430695791e-05
659    172    212    3.049509756796382504e-06    0.034189374105868870768    3.5105352584386678304e-05
660    172    221    2.5000000000000010515e-06    0.052083333333333384219    4.3081310125442324544e-05
661    172    221    4.9999999999999997737e-07    0.010416666666666666088    6.134503426578463009e-05
662    172    227    2.0811388300841725264e-06    0.038670882411465344608    4.7647425479403784335e-05
663    172    228    2.8452078799117227398e-06    0.031621905780905311401    3.5982550447677071927e-05
664    172    229    2.9494897427831765562e-06    0.028616742574944637606    4.0883531429955130825e-05
665    173    178    2.7360679774997982842e-06    0.020123838649193113992    1.941211380079949588e-05
666    173    194    3.0495097567963719161e-06    0.03811274490490273309    2.4759320486451194375e-05
667    174    195    3.2386127875258199603e-06    0.028195195665391838136    1.7620296127089975777e-05
668    174    196    2.0811388300841809967e-06    0.030077352986695511661    2.8755136263528680826e-05
669    175    179    4.9999999999999997737e-07    0.0028409090909090909879    5.4512692193666164122e-05
670    175    183    3.5000000000000050297e-06    0.027590090090090172575    2.3289578822995657805e-05
671    175    198    4.1055512754639789059e-06    0.019508739902157300888    1.6987690436296079132e-05
672    176    200    4.9999999999999997737e-07    0.0069444444444444449263    3.7777484134556636839e-05
673    176    205    2.4999999999999942753e-06    0.010557432432432385314    4.1192342168813487016e-05
674    177    179    5.4497474683058326006e-06    0.033903821310851407766    1.5073476765379821506e-05
675    177    185    2.5000000000000078278e-06    0.036337209302325812477    3.5365197831429634684e-05
676    177    197    2.3708286933869543279e-06    0.045329263656345909761    2.7464920794777807566e-05
677    178    181    3.0495097567963850451e-06    0.040787323494720827133    2.4722026167225099382e-05
678    178    183    4.9999999999999997737e-07    0.0078125    4.5371796491306777479e-05
679    178    183    4.9999999999999997737e-07    0.020833333333333332177    4.6031577889437637807e-05
680    178    185    1.2071067811865456497e-06    0.028021284253587366853    4.39899136157170307e-05
681    178    185    2.9494897427831710505e-06    0.016230391311162568196    4.8812365556553648249e-05
682    178    215    3.0495097567963719161e-06    0.033212534845700955599    4.6100827759282093725e-05
683    178    221    2.2320508075688725631e-06    0.029655064330767002406    4.4371553597364434874e-05
684    178    222    2.5000000000000213803e-06    0.011003521126760753418    5.30930497766559498e-05
685    178    224    2.9494897427831765562e-06    0.028245096567477822463    3.3308219652939405689e-05
686    178    226    4.9999999999999997737e-07    0.0625    4.9736513797612175842e-05
687    179    185    4.8588989435406707153e-06    0.022965855003444210491    2.8133918330833343523e-05
688    179    185    2.0811388300841894671e-06    0.033837022110032727307    4.3086738808407153145e-05
689    179    202    3.5822070014844880958e-06    0.02307950899547570045    1.9422860733300204321e-05
690    179    226    4.9999999999999997737e-07    0.03125    6.9085678170937111662e-05
691    180    187    3.0495097567963850451e-06    0.023018588506921653508    3.430565889216484574e-05
692    180    188    4.174234614174757487e-06    0.026889250947800445724    4.4381071196881703993e-05
693    180    190    3.0495097567963850451e-06    0.0090462157167279649839    1.892803957683651393e-05
694    180    207    3.049509756796395633e-06    0.029806121015373120836    3.1298142645753605036e-05
695    180    210    3.662277660168376945e-06    0.021221958323051206413    2.8440668564209113135e-05
696    181    192    2.7360679774997893903e-06    0.025637219101026672424    1.5713716973776413748e-05
697    181    223    1.9142135623731007452e-06    0.031588047951492385923    2.9803337791667398578e-05
698    181    224    4.9999999999999997737e-07    0.012500000000000000694    3.2892875868500160157e-05
699    182    222    2.4999999999999942753e-06    0.033967391304347671621    2.5129251903957169065e-05
700    183    185    6.3736700622353494709e-06    0.030316171688235200865    2.1033516377515630341e-05
701    183    198    6.1124860801609115217e-06    0.026385936497288778324    1.491496136062817228e-05
702    183    226    4.9999999999999997737e-07    0.0062500000000000003469    2.7723185107442115875e-05
703    184    188    4.1742346141747701925e-06    0.026724286218059493947    1.5858930659771740447e-05
704    184    192    2.3708286933869725391e-06    0.03603095316273705051    1.7669040423130886428e-05
705    184    196    4.2416573867739456303e-06    0.027095869558394544002    2.1882203681595913526e-05
706    184    197    1.2071067811865551788e-06    0.024285113019776104898    3.4928422971368889227e-05
707    185    197    1.4999999999999970734e-06    0.033088235294117515628    5.2139202264695196586e-05
708    185    202    2.3708286933869543279e-06    0.031226826074371633046    4.1184815106184748384e-05
709    185    224    2.2320508075688725631e-06    0.025418626569228858214    3.5936890873388408667e-05
710    185    225    3.4154759474226603851e-06    0.019313701899706492426    3.0220800406746332987e-05
711    185    226    3.74037034920392797e-06    0.013002202926769438132    2.6380380786566247722e-05
712    185    226    3.0495097567964011388e-06    0.021526642955547330843    3.9827455495750353743e-05
713    186    208    2.4999999999999942753e-06    0.021701388888888790973    3.4503552622319356579e-05
714    186    208    1.4999999999999970734e-06    0.024456521739130338694    3.199053447299617201e-05
715    187    190    2.0811388300841729499e-06    0.014437129433613736865    3.3051797218895735578e-05
716    187    207    4.9999999999999997737e-07    0.015625    2.7918110435497087472e-05
717    187    217    3.4999999999999999475e-06    0.026175213675213679365    2.3188985630247976514e-05
718    188    196    4.9999999999999997737e-07    0.012500000000000000694    2.7917936268907347447e-05
719    188    199    5.5497524691810372561e-06    0.029277331244468650373    1.5269868374853990431e-05
720    188    210    4.0355339059327393502e-06    0.028671714623121048737    2.7371708955070674313e-05
721    190    191    3.7403703492039427931e-06    0.022711640177279262404    2.0753483056648015738e-05
722    190    219    1.2071067811865369676e-06    0.021428040899801794467    2.9482160394429759618e-05
723    191    227    4.9999999999999997737e-07    0.012500000000000000694    2.3846495072483640777e-05
724    191    228    2.4999999999999993575e-06    0.030637254901960769143    2.334560081140514456e-05
725    192    194    4.9999999999999997737e-07    0.0625    2.7179377667677501591e-05
726    192    197    2.3708286933869615277e-06    0.027553081830328073759    3.243046601899046607e-05
727    194    221    2.4999999999999942753e-06    0.032552083333333182991    2.1482510082142246987e-05
728    195    196    1.9142135623731104861e-06    0.02181079501412592006    3.0629844509877272656e-05
729    195    214    3.5822070014844838607e-06    0.028901367120460489529    1.2830623256970602456e-05
730    196    199    3.6622776601683832978e-06    0.027260726951561814468    2.3021093774343815103e-05
731    196    200    3.0495097567963850451e-06    0.018163104993742868604    4.445841771130726864e-05
732    196    205    2.3708286933869873622e-06    0.020365321352851632059    5.3406076370288832933e-05
733    196    205    1.2071067811865647079e-06    0.030356391274720603835    5.2904585724661671068e-05
734    196    205    1.4999999999999970734e-06    0.029605263157894624176    5.1304350064688603625e-05
735    196    214    2.6213203435596427117e-06    0.022904401145198816092    3.8865857516070339802e-05
736    196    220    5.3476798574163376013e-06    0.024738477385308325213    1.9890999571210722359e-05
737    197    205    3.500000000000000371e-06    0.02235401459854015338    4.2317725902396685742e-05
738    197    220    2.3708286933869615277e-06    0.012010317720912239148    4.3901987834755569148e-05
739    197    232    2.2320508075688801864e-06    0.020758545031537047054    2.5587924554684348592e-05
740    198    209    3.7403703492039478753e-06    0.032996156483971847417    2.3938533826162433074e-05
741    198    215    2.2320508075688742572e-06    0.021110384777834171471    3.1764886651893428876e-05
742    198    226    4.0355339059327554439e-06    0.017251624900352632852    2.6867721081693638651e-05
743    199    213    2.370828693386969151e-06    0.024227709885288634117    4.0659199674826875838e-05
744    199    220    5.136809247747849491e-06    0.029714875278995300789    1.5118283066430233377e-05
745    200    201    1.4999999999999970734e-06    0.0312499999999998751    2.3981663667594221455e-05
746    200    205    4.4370039370058828829e-06    0.011288419688650061512    3.2188213277147689696e-05
747    200    205    4.9999999999999997737e-07    0.020833333333333332177    5.1255509827717786009e-05
748    201    236    1.4999999999999970734e-06    0.011968085106382933547    1.6989807649051847369e-05
749    202    230    2.4999999999999942753e-06    0.014602803738317690976    1.924262551589340855e-05
750    205    232    2.5000000000000078278e-06    0.012400793650793728168    2.7777727926023923499e-05
751    205    232    1.4999999999999970734e-06    0.022499999999999912431    4.2825873615964248661e-05
752    206    208    4.1055512754640051639e-06    0.048435492170873901963    3.5848733715495064431e-05
753    206    208    4.9999999999999997737e-07    0.015625    4.5084159836183700955e-05
754    206    233    4.9999999999999997737e-07    0.0041666666666666674762    3.2430969594614245891e-05
755    207    210    3.0495097567963719161e-06    0.022571625623291912549    2.7441051060743226173e-05
756    207    217    3.0495097567963769983e-06    0.04744647835100151978    2.4105021361941059014e-05
757    207    219    4.9999999999999997737e-07    0.0625    1.8396259563418706503e-05
758    207    234    2.0811388300841839613e-06    0.02578058827431051192    1.4402711140232211904e-05
759    208    212    2.2320508075688763747e-06    0.020758545031536974196    2.9423106766424341233e-05
760    208    222    4.437003937005909988e-06    0.023215806529488142856    3.7509761815749463718e-05
761    208    239    4.9999999999999997737e-07    0.010416666666666666088    2.6706764491762099138e-05
762    209    215    3.4999999999999914772e-06    0.02302631578947357191    2.4734416634725435306e-05
763    209    216    1.7247448713915875786e-06    0.033803918993086184974    2.1013388376063456774e-05
764    209    226    2.4999999999999942753e-06    0.027901785714285587403    4.0893427343218771101e-05
765    209    237    1.4999999999999970734e-06    0.014062499999999944836    3.0632361438955954687e-05
766    210    213    3.4999999999999961358e-06    0.019886363636363594415    3.870033789188537536e-05
767    210    229    2.4999999999999942753e-06    0.026483050847457507981    3.0629988719109989845e-05
768    210    229    2.3708286933869725391e-06    0.01848956807035190969    3.4472209326329989853e-05
769    210    234    1.4999999999999970734e-06    0.02083333333333325238    2.7036425878405325688e-05
770    212    228    3.6622776601683714393e-06    0.022353796100280539511    2.6430994618714350776e-05
771    212    239    4.9999999999999997737e-07    0.0069444444444444449263    1.1119852313528188738e-05
772    213    214    3.049509756796382504e-06    0.047446478351001693252    3.8331706495096057416e-05
773    213    217    4.858898943540662245e-06    0.020565242982178193881    2.3508925726121890441e-05
774    215    222    4.9158804331639299718e-06    0.03082382708311733055    2.8316058432343414069e-05
775    215    226    5.0825756949558330305e-06    0.027481463505272099579    2.9682141346441263312e-05
776    215    231    3.0495097567963719161e-06    0.029060967989988337884    2.3426518366072982056e-05
777    217    219    1.2071067811865551788e-06    0.026019763949760108673    2.3080963095533793626e-05
778    218    225    3.0495097567963981741e-06    0.030590492621040885762    1.4544249315933917218e-05
779    218    232    1.7247448713915909667e-06    0.02478954059492996867    2.1329221487842740584e-05
780    219    238    1.2071067811865369676e-06    0.020237594183146138255    1.2927142755143623386e-05
781    220    223    1.724744871391585461e-06    0.028603316071072856092    4.5463165921017303917e-05
782    220    235    2.0811388300841852319e-06    0.011642846317430569775    1.8961590777607125862e-05
783    221    222    3.7403703492039377109e-06    0.020334840623843004892    4.9935888690177154575e-05
784    221    223    1.914213562373095663e-06    0.019490497672197328038    3.5536652072480389211e-05
785    221    229    3.4154759474226536088e-06    0.017674963556701020484    2.0069712088301946181e-05
786    223    224    4.1055512754639789059e-06    0.013377421647193576959    2.012971800389570169e-05
787    223    229    3.582207001484479202e-06    0.022591913735007792402    4.2133792076097159921e-05
788    223    229    1.4999999999999970734e-06    0.023437499999999906325    3.3624417144182804779e-05
789    223    235    4.9999999999999997737e-07    0.0062500000000000003469    3.7281125815667350693e-05
790    225    230    1.7247448713915909667e-06    0.035413629421328522706    1.5622836970411489255e-05
791    226    230    4.9999999999999997737e-07    0.03125    2.9617029324638594664e-05
792    226    230    4.9999999999999997737e-07    0.012500000000000000694    5.192364590621524953e-05
793    227    228    3.2386127875258297012e-06    0.017138256188767689997    1.9547594990055801344e-05
794    227    234    1.2071067811865467085e-06    0.026019763949759744381    2.6077832139961458014e-05
795    228    233    1.9142135623730926984e-06    0.036642135623730857918    2.9505785937529151403e-05
