241    0.00014999999999999998686    0.00014999999999999998686    0.00014999999999999998686
1    0    5.19999999999999968e-05    0    0    0    0    
2    0.00014199999999999998214    0.00014300000000000000645    0    0    0    0    
3    0.00014799999999999999246    0.00011699999999999999788    9.9999999999999995475e-07    1    14    0    0    81    
4    0.00010600000000000000156    0.00014300000000000000645    3.000000000000000076e-06    4    0    14    26    39    0    1    39    82    83    84    
5    9.9999999999999995475e-07    1.0999999999999999714e-05    3.999999999999999819e-06    0    0    0    
6    0.00011499999999999998993    3.6999999999999998114e-05    3.999999999999999819e-06    4    28    28    41    41    0    0    85    86    87    88    
7    5.19999999999999968e-05    0.00011999999999999998949    3.999999999999999819e-06    2    15    54    0    0    89    90    
8    4.1000000000000000474e-05    6.3999999999999997104e-05    4.999999999999999562e-06    3    20    25    31    0    0    91    92    93    
9    3.1999999999999998552e-05    9.6000000000000002432e-05    6.000000000000000152e-06    5    13    16    37    55    55    0    0    94    95    96    97    98    
10    0.00014400000000000000365    9.999999999999999124e-06    6.999999999999999895e-06    3    -1    27    51    1    0    1    99    100    
11    9.999999999999999124e-05    1.399999999999999979e-05    6.999999999999999895e-06    5    -1    36    44    44    56    1    0    2    101    102    103    104    
12    6.9999999999999993868e-05    3.7999999999999995316e-05    6.999999999999999895e-06    4    25    33    33    50    0    0    105    106    107    108    
13    9.000000000000000228e-06    8.0999999999999990194e-05    6.999999999999999895e-06    5    9    16    23    53    55    0    0    94    109    110    111    112    
14    0.00011499999999999998993    0.00011100000000000000112    6.999999999999999895e-06    12    3    4    21    26    29    30    35    38    39    45    79    79    0    0    81    82    113    114    115    116    117    118    119    120    121    122    
15    5.599999999999999916e-05    0.00013999999999999998774    6.999999999999999895e-06    8    0    7    24    39    49    52    54    54    0    1    40    89    123    124    125    126    127    128    
16    6.000000000000000152e-06    9.999999999999999124e-05    7.999999999999999638e-06    2    9    13    0    0    95    109    
17    2.799999999999999958e-05    7.999999999999999638e-06    9.000000000000000228e-06    4    -1    33    42    46    1    0    3    129    130    131    
18    3.000000000000000076e-06    2.1999999999999999428e-05    9.999999999999999124e-06    3    23    31    42    0    0    132    133    134    
19    0.00012699999999999999701    7.2999999999999999026e-05    9.999999999999999124e-06    3    21    21    35    0    0    135    136    137    
20    6.3999999999999997104e-05    7.7999999999999998588e-05    9.999999999999999124e-06    5    8    29    47    54    55    0    0    91    138    139    140    141    
21    0.00011699999999999999788    9.6000000000000002432e-05    9.999999999999999124e-06    6    14    19    19    29    38    41    0    0    113    135    136    142    143    144    
22    9.999999999999999124e-06    0.00013400000000000000452    1.0999999999999999714e-05    3    0    37    60    0    1    41    145    146    
23    1.29999999999999992e-05    5.19999999999999968e-05    1.2000000000000000304e-05    4    13    18    31    80    0    0    110    132    147    148    
24    3.1999999999999998552e-05    0.00014099999999999998494    1.2000000000000000304e-05    3    0    15    49    0    1    42    123    149    
25    6.7000000000000002262e-05    5.4999999999999995182e-05    1.29999999999999992e-05    7    8    12    31    31    41    47    50    0    0    92    105    150    151    152    153    154    
26    0.00012299999999999998109    0.00014599999999999999805    1.29999999999999992e-05    3    0    4    14    0    1    43    83    114    
27    0.00014199999999999998214    2.799999999999999958e-05    1.399999999999999979e-05    4    10    28    44    51    0    0    99    155    156    157    
28    0.00013999999999999998774    4.4999999999999996058e-05    1.399999999999999979e-05    9    6    6    27    35    41    41    58    81    81    0    0    85    86    155    158    159    160    161    162    163    
29    8.8999999999999994914e-05    0.00010699999999999999876    1.399999999999999979e-05    11    14    20    21    38    38    39    47    54    55    55    64    0    0    115    138    142    164    165    166    167    168    169    170    171    
30    0.00014199999999999998214    0.00013099999999999998581    1.399999999999999979e-05    2    14    48    0    0    116    172    
31    3.1999999999999998552e-05    4.2999999999999994878e-05    1.5999999999999999276e-05    9    8    18    23    25    25    33    55    63    80    0    0    93    133    147    150    151    173    174    175    176    
32    2.499999999999999781e-05    2.9999999999999997372e-05    1.8000000000000000456e-05    0    0    0    
33    4.1999999999999997676e-05    3.1999999999999998552e-05    2.1999999999999999428e-05    11    -1    12    12    17    31    43    43    50    56    62    80    1    0    4    106    107    129    173    177    178    179    180    181    182    
34    5.8999999999999997542e-05    7.7000000000000001386e-05    2.1999999999999999428e-05    0    0    0    
35    0.00014300000000000000645    8.2000000000000000948e-05    2.1999999999999999428e-05    3    14    19    28    0    0    117    137    158    
36    9.0999999999999989318e-05    9.9999999999999995475e-07    2.3000000000000000018e-05    3    -1    11    56    1    0    5    101    183    
37    2.3000000000000000018e-05    0.00012299999999999998109    2.3000000000000000018e-05    8    9    22    54    54    60    67    67    101    0    0    96    145    184    185    186    187    188    189    
38    0.00010799999999999999596    0.0001039999999999999936    2.499999999999999781e-05    10    14    21    29    29    41    41    59    59    64    65    0    0    118    143    164    165    190    191    192    193    194    195    
39    8.8999999999999994914e-05    0.00013599999999999999893    2.499999999999999781e-05    14    0    0    0    4    14    15    29    45    52    52    54    54    76    76    0    1    44    45    46    84    119    124    166    196    197    198    199    200    201    202    
40    5.800000000000000034e-05    6.000000000000000152e-06    2.59999999999999984e-05    4    -1    43    46    56    1    0    6    203    204    205    
41    9.6999999999999999634e-05    6.2999999999999999902e-05    2.59999999999999984e-05    15    6    6    21    25    28    28    38    38    44    47    58    59    64    73    73    0    0    87    88    144    152    159    160    190    191    206    207    208    209    210    211    212    
42    7.999999999999999638e-06    1.2000000000000000304e-05    2.699999999999999899e-05    5    -1    17    18    61    80    1    0    7    130    134    213    214    
43    4.4999999999999996058e-05    2.4000000000000000608e-05    2.699999999999999899e-05    6    33    33    40    46    62    62    0    0    177    178    203    215    216    217    
44    0.00010100000000000000199    3.3999999999999999732e-05    2.799999999999999958e-05    7    11    11    27    41    50    56    86    0    0    102    103    156    206    218    219    220    
45    0.00011100000000000000112    0.00013199999999999998302    2.900000000000000017e-05    2    14    39    0    0    120    196    
46    4.1999999999999997676e-05    3.999999999999999819e-06    2.9999999999999997372e-05    5    -1    17    40    43    84    1    0    8    131    204    215    221    
47    7.3999999999999996228e-05    6.9999999999999993868e-05    3.100000000000000135e-05    8    20    25    29    41    50    59    63    70    0    0    139    153    167    207    222    223    224    225    
48    0.00013899999999999999053    0.00014599999999999999805    3.100000000000000135e-05    9    0    30    75    75    75    75    75    76    79    0    1    47    172    226    227    228    229    230    231    232    
49    3.8999999999999999294e-05    0.00014699999999999999525    3.100000000000000135e-05    5    0    15    24    52    90    0    1    48    125    149    233    234    
50    7.2000000000000001824e-05    4.3999999999999998856e-05    3.1999999999999998552e-05    10    12    25    33    44    47    56    59    62    86    87    0    0    108    154    179    218    222    235    236    237    238    239    
51    0.00013699999999999999613    6.999999999999999895e-06    3.4999999999999996934e-05    5    -1    10    27    77    77    1    0    9    100    157    240    241    
52    5.8999999999999997542e-05    0.00014699999999999999525    3.4999999999999996934e-05    6    0    15    39    39    49    54    0    1    49    126    197    198    233    242    
53    1.4999999999999998686e-05    9.7999999999999996836e-05    3.6000000000000000912e-05    5    13    54    55    66    67    0    0    111    243    244    245    246    
54    5.19999999999999968e-05    0.00011899999999999999229    3.6000000000000000912e-05    31    0    7    15    15    20    29    37    37    39    39    52    53    55    55    66    67    67    78    78    90    96    97    97    97    103    110    110    110    114    119    131    0    1    50    90    127    128    140    168    184    185    199    200    242    243    247    248    249    250    251    252    253    254    255    256    257    258    259    260    261    262    263    264    265    
55    3.4999999999999996934e-05    7.9999999999999992992e-05    3.6999999999999998114e-05    14    9    9    13    20    29    29    31    53    54    54    63    66    70    80    0    0    97    98    112    141    169    170    174    244    247    248    266    267    268    269    
56    7.7000000000000001386e-05    1.6999999999999999866e-05    3.7999999999999995316e-05    16    -1    -1    11    33    36    40    44    50    62    84    86    86    87    95    98    98    1    0    10    11    104    180    183    205    219    235    270    271    272    273    274    275    276    277    
57    0.00014500000000000000085    0.0001029999999999999964    3.7999999999999995316e-05    1    79    0    0    278    
58    0.00012999999999999998861    3.6999999999999998114e-05    3.8999999999999999294e-05    6    28    41    77    77    81    86    0    0    161    208    279    280    281    282    
59    8.4999999999999992554e-05    6.4999999999999994306e-05    3.8999999999999999294e-05    11    38    38    41    47    50    64    71    85    87    108    108    0    0    192    193    209    223    236    283    284    285    286    287    288    
60    1.2000000000000000304e-05    0.00014099999999999998494    3.8999999999999999294e-05    5    0    22    37    90    101    0    1    51    146    186    289    290    
61    1.9999999999999999095e-06    9.9999999999999995475e-07    3.9999999999999996496e-05    2    -1    42    1    0    12    213    
62    5.8999999999999997542e-05    2.699999999999999899e-05    4.1000000000000000474e-05    7    33    43    43    50    56    98    130    0    0    181    216    217    237    270    291    292    
63    4.2999999999999994878e-05    5.6999999999999996362e-05    4.1999999999999997676e-05    6    31    47    55    70    80    80    0    0    175    224    266    293    294    295    
64    8.4999999999999992554e-05    9.2000000000000000072e-05    4.2999999999999994878e-05    11    29    38    41    59    65    71    78    78    78    78    99    0    0    171    194    210    283    296    297    298    299    300    301    302    
65    0.0001250000000000000026    9.2999999999999997274e-05    4.2999999999999994878e-05    5    38    64    73    78    79    0    0    195    296    303    304    305    
66    2.0999999999999998838e-05    8.4999999999999992554e-05    4.4999999999999996058e-05    8    53    54    55    67    68    89    99    99    0    0    245    249    267    306    307    308    309    310    
67    7.999999999999999638e-06    0.00011100000000000000112    4.4999999999999996058e-05    9    37    37    53    54    54    66    96    96    100    0    0    187    188    246    250    251    306    311    312    313    
68    3.999999999999999819e-06    7.5999999999999990632e-05    4.6000000000000000036e-05    3    66    80    89    0    0    307    314    315    
69    8.4999999999999992554e-05    0.0001240000000000000054    4.6000000000000000036e-05    0    0    0    
70    4.6999999999999997238e-05    6.2999999999999999902e-05    4.6999999999999997238e-05    3    47    55    63    0    0    225    268    293    
71    6.8999999999999996666e-05    8.700000000000000051e-05    4.6999999999999997238e-05    4    59    64    99    99    0    0    284    297    316    317    
72    8.4999999999999992554e-05    0.00012299999999999998109    4.6999999999999997238e-05    0    0    0    
73    0.00011299999999999999552    7.2000000000000001824e-05    4.8000000000000001216e-05    5    41    41    65    81    85    0    0    211    212    303    318    319    
74    0.0001029999999999999964    0.00012799999999999999421    4.8000000000000001216e-05    3    76    78    78    0    0    320    321    322    
75    0.00014300000000000000645    0.00013400000000000000452    4.999999999999999562e-05    12    0    0    48    48    48    48    48    79    79    103    106    106    0    1    52    53    226    227    228    229    230    323    324    325    326    327    
76    0.0001049999999999999908    0.00013899999999999999053    4.999999999999999562e-05    7    0    39    39    48    74    103    107    0    1    54    201    202    231    320    328    329    
77    0.00012100000000000000024    1.29999999999999992e-05    5.0999999999999999598e-05    15    -1    -1    -1    -1    51    51    58    58    86    86    86    94    104    123    124    1    0    13    14    15    16    240    241    279    280    330    331    332    333    334    335    336    
78    8.8999999999999994914e-05    0.00011299999999999999552    5.0999999999999999598e-05    14    54    54    64    64    64    64    65    74    74    79    79    79    103    110    0    0    252    253    298    299    300    301    304    321    322    337    338    339    340    341    
79    0.00012899999999999999141    0.00011699999999999999788    5.0999999999999999598e-05    13    14    14    48    57    65    75    75    78    78    78    103    110    125    0    0    121    122    232    278    305    323    324    337    338    339    342    343    344    
80    1.29999999999999992e-05    3.7999999999999995316e-05    5.19999999999999968e-05    16    23    31    33    42    55    63    63    68    84    84    89    115    115    130    130    161    0    0    148    176    182    214    269    294    295    314    345    346    347    348    349    350    351    352    
81    0.00012899999999999999141    6.5999999999999991508e-05    5.19999999999999968e-05    7    28    28    58    73    86    124    124    0    0    162    163    281    318    353    354    355    
82    0.00014899999999999998966    8.2000000000000000948e-05    5.19999999999999968e-05    0    0    0    
83    0.00014699999999999999525    9.0999999999999989318e-05    5.399999999999999798e-05    0    0    0    
84    2.59999999999999984e-05    6.999999999999999895e-06    5.4999999999999995182e-05    9    -1    46    56    80    80    98    111    130    130    1    0    17    221    271    345    346    356    357    358    359    
85    0.0001019999999999999992    7.3999999999999996228e-05    5.599999999999999916e-05    4    59    73    86    108    0    0    285    319    360    361    
86    0.00010100000000000000199    3.7999999999999995316e-05    5.6999999999999996362e-05    18    44    50    56    56    58    77    77    77    81    85    87    95    104    123    124    127    134    150    0    0    220    238    272    273    282    330    331    332    353    360    362    363    364    365    366    367    368    369    
87    7.2999999999999999026e-05    4.999999999999999562e-05    5.6999999999999996362e-05    8    50    56    59    86    108    113    127    130    0    0    239    274    286    362    370    371    372    373    
88    4.1999999999999997676e-05    6.8999999999999996666e-05    5.6999999999999996362e-05    1    99    0    0    374    
89    1.5999999999999999276e-05    7.5999999999999990632e-05    5.8999999999999997542e-05    8    66    68    80    91    99    100    100    115    0    0    308    315    347    375    376    377    378    379    
90    3.1999999999999998552e-05    0.00014400000000000000365    5.9999999999999994744e-05    10    0    49    54    60    97    101    101    122    126    139    0    1    55    234    254    289    380    381    382    383    384    385    
91    4.1999999999999997676e-05    5.599999999999999916e-05    6.0999999999999998722e-05    4    89    102    130    135    0    0    375    386    387    388    
92    0.00014899999999999998966    9.6999999999999999634e-05    6.0999999999999998722e-05    0    0    0    
93    0.00012799999999999999421    9.6000000000000002432e-05    6.2999999999999999902e-05    1    112    0    0    389    
94    0.00014400000000000000365    4.999999999999999562e-06    6.4999999999999994306e-05    4    -1    77    123    128    1    0    18    333    390    391    
95    8.3999999999999995352e-05    2.699999999999999899e-05    6.4999999999999994306e-05    5    56    86    120    123    127    0    0    275    363    392    393    394    
96    2.499999999999999781e-05    0.00010999999999999999036    6.4999999999999994306e-05    5    54    67    67    114    126    0    0    255    311    312    395    396    
97    6.0999999999999998722e-05    0.00013599999999999999893    6.4999999999999994306e-05    9    54    54    54    90    114    114    119    122    131    0    0    256    257    258    380    397    398    399    400    401    
98    6.4999999999999994306e-05    1.2000000000000000304e-05    6.5999999999999991508e-05    11    -1    56    56    62    84    102    120    123    130    130    130    1    0    19    276    277    291    356    402    403    404    405    406    407    
99    5.6999999999999996362e-05    8.3999999999999995352e-05    6.7000000000000002262e-05    14    64    66    66    71    71    88    89    109    109    110    116    116    135    135    0    0    302    309    310    316    317    374    376    408    409    410    411    412    413    414    
100    4.999999999999999562e-06    9.6999999999999999634e-05    6.7999999999999999464e-05    3    67    89    89    0    0    313    377    378    
101    6.000000000000000152e-06    0.00014699999999999999525    6.7999999999999999464e-05    6    0    37    60    90    90    126    0    1    56    189    290    381    382    415    
102    5.399999999999999798e-05    3.7999999999999995316e-05    6.8999999999999996666e-05    4    91    98    130    130    0    0    386    402    416    417    
103    0.00010799999999999999596    0.00012999999999999998861    6.8999999999999996666e-05    14    0    0    54    75    76    78    79    107    140    140    143    163    179    179    0    1    57    58    259    325    328    340    342    418    419    420    421    422    423    424    
104    0.00012699999999999999701    3.6999999999999998114e-05    6.9999999999999993868e-05    5    77    86    123    124    124    0    0    334    364    425    426    427    
105    9.9999999999999995475e-07    0.0001240000000000000054    6.9999999999999993868e-05    0    0    0    
106    0.00014400000000000000365    0.00014500000000000000085    7.099999999999999107e-05    3    0    75    75    0    1    59    326    327    
107    9.8999999999999994038e-05    0.00014799999999999999246    7.099999999999999107e-05    4    0    76    103    119    0    1    60    329    418    428    
108    8.9999999999999992116e-05    6.5999999999999991508e-05    7.2000000000000001824e-05    7    59    59    85    87    127    135    153    0    0    287    288    361    370    429    430    431    
109    2.699999999999999899e-05    9.6000000000000002432e-05    7.2000000000000001824e-05    3    99    99    116    0    0    408    409    432    
110    8.8999999999999994914e-05    9.7999999999999996836e-05    7.2000000000000001824e-05    11    54    54    54    78    79    99    132    135    137    153    154    0    0    260    261    262    341    343    410    433    434    435    436    437    
111    3.999999999999999819e-06    3.999999999999999819e-06    7.2999999999999999026e-05    3    -1    84    147    1    0    20    357    438    
112    0.00014099999999999998494    0.00010100000000000000199    7.2999999999999999026e-05    3    93    121    140    0    0    389    439    440    
113    6.0999999999999998722e-05    4.999999999999999562e-05    7.499999999999999343e-05    4    87    130    130    135    0    0    371    441    442    443    
114    3.6999999999999998114e-05    0.00011100000000000000112    7.5999999999999990632e-05    6    54    96    97    97    116    122    0    0    263    395    397    398    444    445    
115    7.999999999999999638e-06    6.8999999999999996666e-05    7.7999999999999998588e-05    4    80    80    89    148    0    0    348    349    379    446    
116    4.999999999999999562e-05    0.00010100000000000000199    7.899999999999999579e-05    7    99    99    109    114    136    136    145    0    0    411    412    432    444    447    448    449    
117    0.00014899999999999998966    0.00012199999999999999744    7.899999999999999579e-05    0    0    0    
118    0.00014799999999999999246    0.00013099999999999998581    7.899999999999999579e-05    0    0    0    
119    8.0999999999999990194e-05    0.00013999999999999998774    7.899999999999999579e-05    7    0    54    97    107    131    157    163    0    1    61    264    399    428    450    451    452    
120    8.700000000000000051e-05    1.29999999999999992e-05    7.9999999999999992992e-05    4    95    98    123    144    0    0    392    403    453    454    
121    0.00013500000000000000173    8.299999999999999815e-05    7.9999999999999992992e-05    2    112    124    0    0    439    455    
122    3.4999999999999996934e-05    0.00012899999999999999141    7.9999999999999992992e-05    9    90    97    114    126    141    146    146    146    155    0    0    383    400    445    456    457    458    459    460    461    
123    0.0001029999999999999964    1.9999999999999998248e-05    8.0999999999999990194e-05    20    -1    77    86    94    95    98    104    120    128    128    144    144    144    150    164    164    164    165    180    192    1    0    21    335    365    390    393    404    425    453    462    463    464    465    466    467    468    469    470    471    472    473    
124    0.00014300000000000000645    6.20000000000000027e-05    8.0999999999999990194e-05    12    77    81    81    86    104    104    121    127    128    152    152    162    0    0    336    354    355    366    426    427    455    474    475    476    477    478    
125    0.00010100000000000000199    0.00011100000000000000112    8.0999999999999990194e-05    2    79    132    0    0    344    479    
126    9.999999999999999124e-06    0.00013099999999999998581    8.0999999999999990194e-05    7    90    96    101    122    133    142    155    0    0    384    396    415    456    480    481    482    
127    7.7000000000000001386e-05    4.1999999999999997676e-05    8.2000000000000000948e-05    15    86    87    95    108    124    130    130    130    135    150    150    158    158    159    189    0    0    367    372    394    429    474    483    484    485    486    487    488    489    490    491    492    
128    0.00014099999999999998494    1.9999999999999998248e-05    8.299999999999999815e-05    6    94    123    123    124    165    165    0    0    391    462    463    475    493    494    
129    3.1999999999999998552e-05    6.20000000000000027e-05    8.3999999999999995352e-05    3    130    135    148    0    0    495    496    497    
130    3.4999999999999996934e-05    3.1999999999999998552e-05    8.4999999999999992554e-05    32    -1    -1    -1    62    80    80    84    84    87    91    98    98    98    102    102    113    113    127    127    127    129    135    135    144    147    148    148    159    159    161    172    209    1    0    22    23    24    292    350    351    358    359    373    387    405    406    407    416    417    441    442    483    484    485    495    498    499    500    501    502    503    504    505    506    507    508    
131    6.0999999999999998722e-05    0.00014199999999999998214    8.4999999999999992554e-05    8    0    0    54    97    119    139    141    157    0    1    62    63    265    401    450    509    510    511    
132    8.4999999999999992554e-05    0.00011100000000000000112    8.5999999999999989756e-05    3    110    125    163    0    0    433    479    512    
133    7.999999999999999638e-06    0.00014400000000000000365    8.5999999999999989756e-05    5    0    0    126    139    142    0    1    64    65    480    513    514    
134    0.00010999999999999999036    4.3999999999999998856e-05    8.700000000000000051e-05    2    86    150    0    0    368    515    
135    5.399999999999999798e-05    6.7999999999999999464e-05    8.700000000000000051e-05    19    91    99    99    108    110    113    127    129    130    130    136    137    138    148    158    159    173    181    196    0    0    388    413    414    430    434    443    486    496    498    499    516    517    518    519    520    521    522    523    524    
136    4.2999999999999994878e-05    8.8999999999999994914e-05    8.8999999999999994914e-05    4    116    116    135    148    0    0    447    448    516    525    
137    8.7999999999999997712e-05    8.299999999999999815e-05    9.0999999999999989318e-05    8    110    135    153    153    153    154    170    181    0    0    435    517    526    527    528    529    530    531    
138    7.3999999999999996228e-05    9.6000000000000002432e-05    9.2000000000000000072e-05    2    135    145    0    0    518    532    
139    2.799999999999999958e-05    0.00014500000000000000085    9.2999999999999997274e-05    8    0    90    131    133    142    146    175    190    0    1    66    385    509    513    533    534    535    536    
140    0.00012899999999999999141    0.00011499999999999998993    9.4999999999999991678e-05    8    103    103    112    149    154    154    156    202    0    0    419    420    440    537    538    539    540    541    
141    4.6999999999999997238e-05    0.00012799999999999999421    9.4999999999999991678e-05    4    122    131    145    146    0    0    457    510    542    543    
142    7.999999999999999638e-06    0.00014400000000000000365    9.6000000000000002432e-05    8    0    126    133    139    146    155    175    175    0    1    67    481    514    533    544    545    546    547    
143    9.7999999999999996836e-05    0.00014799999999999999246    9.6000000000000002432e-05    3    0    103    163    0    1    68    421    548    
144    6.3999999999999997104e-05    1.399999999999999979e-05    9.6999999999999999634e-05    8    -1    120    123    123    123    130    159    192    1    0    25    454    464    465    466    500    549    550    
145    5.3000000000000000778e-05    0.00010899999999999999316    9.6999999999999999634e-05    7    116    138    141    148    169    181    186    0    0    449    532    542    551    552    553    554    
146    2.699999999999999899e-05    0.00012899999999999999141    9.7999999999999996836e-05    8    122    122    122    139    141    142    155    155    0    0    458    459    460    534    543    544    555    556    
147    1.9999999999999998248e-05    6.000000000000000152e-06    9.8999999999999994038e-05    7    -1    -1    111    130    172    172    215    1    0    26    27    438    501    557    558    559    
148    2.4000000000000000608e-05    7.899999999999999579e-05    9.8999999999999994038e-05    12    115    129    130    130    135    136    145    155    166    168    177    182    0    0    446    497    502    503    519    525    551    560    561    562    563    564    
149    0.00014099999999999998494    9.3999999999999994476e-05    0.00010100000000000000199    3    140    153    162    0    0    537    565    566    
150    0.0001029999999999999964    3.2999999999999995754e-05    0.0001019999999999999992    11    86    123    127    127    134    165    180    180    188    189    189    0    0    369    467    487    488    515    567    568    569    570    571    572    
151    0.00014500000000000000085    3.4999999999999996934e-05    0.0001019999999999999992    0    0    0    
152    0.00012699999999999999701    6.20000000000000027e-05    0.0001019999999999999992    6    124    124    153    162    171    174    0    0    476    477    573    574    575    576    
153    0.0001019999999999999992    6.9999999999999993868e-05    0.0001019999999999999992    10    108    110    137    137    137    149    152    154    185    189    0    0    431    436    526    527    528    565    573    577    578    579    
154    0.00010899999999999999316    9.4999999999999991678e-05    0.0001019999999999999992    8    110    137    140    140    153    156    163    198    0    0    437    529    538    539    577    580    581    582    
155    1.0999999999999999714e-05    0.0001019999999999999992    0.0001019999999999999992    12    122    126    142    146    146    148    168    177    182    184    200    218    0    0    461    482    545    555    556    560    583    584    585    586    587    588    
156    0.00011799999999999999508    0.00012100000000000000024    0.0001019999999999999992    4    140    154    163    207    0    0    540    580    589    590    
157    7.2000000000000001824e-05    0.00013799999999999999333    0.0001019999999999999992    7    0    119    131    163    178    186    190    0    1    69    451    511    591    592    593    594    
158    7.7000000000000001386e-05    4.8000000000000001216e-05    0.0001029999999999999964    4    127    127    135    159    0    0    489    490    520    595    
159    6.3999999999999997104e-05    2.499999999999999781e-05    0.0001049999999999999908    8    127    130    130    135    144    158    172    180    0    0    491    504    505    521    549    595    596    597    
160    0.00014799999999999999246    3.6999999999999998114e-05    0.00010600000000000000156    0    0    0    
161    7.999999999999999638e-06    4.4999999999999996058e-05    0.00010600000000000000156    4    80    130    166    209    0    0    352    506    598    599    
162    0.00013899999999999999053    7.7999999999999998588e-05    0.00010600000000000000156    6    124    149    152    174    198    203    0    0    478    566    574    600    601    602    
163    9.7999999999999996836e-05    0.00012999999999999998861    0.00010600000000000000156    10    103    119    132    143    154    156    157    176    178    186    0    0    422    452    512    548    581    589    591    603    604    605    
164    0.00011699999999999999788    1.2000000000000000304e-05    0.00010799999999999999596    6    -1    123    123    123    165    188    1    0    28    468    469    470    606    607    
165    0.00013400000000000000452    2.3000000000000000018e-05    0.00010799999999999999596    11    -1    123    128    128    150    164    171    174    216    216    219    1    0    29    471    493    494    567    606    608    609    610    611    612    
166    1.29999999999999992e-05    6.7999999999999999464e-05    0.00010799999999999999596    4    148    161    168    187    0    0    561    598    613    614    
167    3.9999999999999996496e-05    9.6000000000000002432e-05    0.00010799999999999999596    0    0    0    
168    4.999999999999999562e-06    8.0999999999999990194e-05    0.00010999999999999999036    5    148    155    166    182    187    0    0    562    583    613    615    616    
169    5.800000000000000034e-05    9.6999999999999999634e-05    0.00011199999999999999832    4    145    177    186    186    0    0    552    617    618    619    
170    7.2999999999999999026e-05    0.0001049999999999999908    0.00011199999999999999832    3    137    186    199    0    0    530    620    621    
171    0.0001259999999999999998    4.4999999999999996058e-05    0.00011299999999999999552    6    152    165    174    189    201    201    0    0    575    608    622    623    624    625    
172    5.0999999999999999598e-05    2.9999999999999997372e-05    0.00011399999999999999272    17    130    147    147    159    173    180    193    193    209    209    212    215    223    223    229    230    231    0    0    507    557    558    596    626    627    628    629    630    631    632    633    634    635    636    637    638    
173    4.6999999999999997238e-05    6.2999999999999999902e-05    0.00011499999999999998993    4    135    172    177    196    0    0    522    626    639    640    
174    0.00013599999999999999893    6.3999999999999997104e-05    0.00011499999999999998993    6    152    162    165    171    197    198    0    0    576    600    609    622    641    642    
175    2.699999999999999899e-05    0.00014199999999999998214    0.00011499999999999998993    7    0    139    142    142    184    190    200    0    1    70    535    546    547    643    644    645    
176    8.5999999999999989756e-05    0.0001250000000000000026    0.00011600000000000000068    4    163    178    186    199    0    0    603    646    647    648    
177    4.4999999999999996058e-05    8.2000000000000000948e-05    0.00011699999999999999788    14    148    155    169    173    181    184    184    186    186    218    223    224    226    228    0    0    563    584    617    639    649    650    651    652    653    654    655    656    657    658    
178    7.5999999999999990632e-05    0.00013500000000000000173    0.00011699999999999999788    7    0    157    163    176    186    190    205    0    1    71    592    604    646    659    660    661    
179    0.00014300000000000000645    0.00014500000000000000085    0.00011699999999999999788    5    0    103    103    202    207    0    1    72    423    424    662    663    
180    7.899999999999999579e-05    2.699999999999999899e-05    0.00011799999999999999508    10    123    150    150    159    172    188    189    192    208    212    0    0    472    568    569    597    627    664    665    666    667    668    
181    6.8999999999999996666e-05    7.9999999999999992992e-05    0.00011799999999999999508    7    135    137    145    177    194    225    226    0    0    523    531    553    649    669    670    671    
182    9.000000000000000228e-06    8.700000000000000051e-05    0.00011799999999999999508    5    148    155    168    187    224    0    0    564    585    615    672    673    
183    6.7999999999999999464e-05    3.999999999999999819e-06    0.00011899999999999999229    3    -1    192    193    1    0    30    674    675    
184    3.4999999999999996934e-05    0.00012199999999999999744    0.00011899999999999999229    7    155    175    177    177    186    200    228    0    0    586    643    650    651    676    677    678    
185    9.999999999999999124e-05    7.499999999999999343e-05    0.00011999999999999998949    5    153    189    194    198    199    0    0    578    679    680    681    682    
186    5.399999999999999798e-05    0.00011999999999999998949    0.00011999999999999998949    18    145    157    163    169    169    170    176    177    177    178    184    190    199    205    226    227    228    228    0    0    554    593    605    618    619    620    647    652    653    659    676    683    684    685    686    687    688    689    
187    4.999999999999999562e-06    6.3999999999999997104e-05    0.00012100000000000000024    5    166    168    182    209    209    0    0    614    616    672    690    691    
188    0.00010799999999999999596    1.399999999999999979e-05    0.00012199999999999999744    6    150    164    180    192    208    219    0    0    570    607    664    692    693    694    
189    0.0001029999999999999964    5.9999999999999994744e-05    0.00012199999999999999744    10    127    150    150    153    171    180    185    198    201    212    0    0    492    571    572    579    623    665    679    695    696    697    
190    6.2999999999999999902e-05    0.00014599999999999999805    0.00012199999999999999744    7    0    139    157    175    178    186    228    0    1    73    536    594    644    660    683    698    
191    0.0001019999999999999992    0.00014699999999999999525    0.00012199999999999999744    1    0    0    1    74    
192    7.9999999999999992992e-05    9.999999999999999124e-06    0.00012299999999999998109    8    -1    123    144    180    183    188    193    221    1    0    31    473    550    666    674    692    699    700    
193    6.0999999999999998722e-05    1.29999999999999992e-05    0.00012299999999999998109    6    172    172    183    192    229    230    0    0    628    629    675    699    701    702    
194    8.299999999999999815e-05    7.7999999999999998588e-05    0.00012299999999999998109    4    181    185    196    199    0    0    669    680    703    704    
195    0.00013699999999999999613    4.8000000000000001216e-05    0.0001250000000000000026    0    0    0    
196    6.3999999999999997104e-05    6.3999999999999997104e-05    0.00012699999999999999701    4    135    173    194    223    0    0    524    640    703    705    
197    0.00014500000000000000085    7.099999999999999107e-05    0.00012799999999999999421    3    174    198    217    0    0    641    706    707    
198    0.00011899999999999999229    8.2000000000000000948e-05    0.00012799999999999999421    13    154    162    174    185    189    197    201    202    207    207    207    217    222    0    0    582    601    642    681    695    706    708    709    710    711    712    713    714    
199    9.8999999999999994038e-05    0.0001049999999999999908    0.00012799999999999999421    8    170    176    185    186    194    207    222    234    0    0    621    648    682    684    704    715    716    717    
200    2.900000000000000017e-05    0.00013199999999999998302    0.00012799999999999999421    6    155    175    184    210    218    228    0    0    587    645    677    718    719    720    
201    0.00011600000000000000068    5.9999999999999994744e-05    0.00012999999999999998861    6    171    171    189    198    216    222    0    0    624    625    696    708    721    722    
202    0.00014300000000000000645    0.00011299999999999999552    0.00012999999999999998861    6    140    179    198    203    207    207    0    0    541    662    709    723    724    725    
203    0.00014699999999999999525    9.0999999999999989318e-05    0.00013199999999999998302    3    162    202    238    0    0    602    723    726    
204    0.00014799999999999999246    9.9999999999999995475e-07    0.00013300000000000000732    1    -1    1    0    32    
205    7.899999999999999579e-05    0.00014699999999999999525    0.00013300000000000000732    4    0    178    186    232    0    1    75    661    685    727    
206    0.00013599999999999999893    3.9999999999999996496e-05    0.00013400000000000000452    0    0    0    
207    0.00012799999999999999421    0.00012899999999999999141    0.00013400000000000000452    11    0    156    179    198    198    198    199    202    202    234    234    0    1    76    590    663    710    711    712    715    724    725    728    729    
208    0.0001019999999999999992    2.0999999999999998838e-05    0.00013599999999999999893    6    180    188    212    219    221    236    0    0    667    693    730    731    732    733    
209    1.29999999999999992e-05    4.6000000000000000036e-05    0.00013599999999999999893    11    130    161    172    172    187    187    211    211    215    224    240    0    0    508    599    630    631    690    691    734    735    736    737    738    
210    6.999999999999999895e-06    0.00012899999999999999141    0.00013599999999999999893    5    200    213    218    228    239    0    0    718    739    740    741    742    
211    4.999999999999999562e-06    1.399999999999999979e-05    0.00013699999999999999613    4    -1    209    209    235    1    0    33    734    735    743    
212    9.3999999999999994476e-05    4.1000000000000000474e-05    0.00013699999999999999613    8    172    180    189    208    216    231    231    236    0    0    632    668    697    730    744    745    746    747    
213    3.000000000000000076e-06    0.00014799999999999999246    0.00013699999999999999613    2    0    210    0    1    77    739    
214    8.9999999999999992116e-05    7.2000000000000001824e-05    0.00013799999999999999333    0    0    0    
215    2.900000000000000017e-05    2.4000000000000000608e-05    0.00013899999999999999053    5    147    172    209    230    240    0    0    559    633    736    748    749    
216    0.00012999999999999998861    2.900000000000000017e-05    0.00013899999999999999053    6    165    165    201    212    217    219    0    0    610    611    721    744    750    751    
217    0.00014300000000000000645    6.4999999999999994306e-05    0.00013899999999999999053    3    197    198    216    0    0    707    713    750    
218    1.6999999999999999866e-05    0.00010699999999999999876    0.00013899999999999999053    7    155    177    200    210    224    228    233    0    0    588    654    719    740    752    753    754    
219    0.00012299999999999998109    6.999999999999999895e-06    0.00013999999999999998774    6    -1    165    188    208    216    221    1    0    34    612    694    731    751    755    
220    8.5999999999999989756e-05    0.0001240000000000000054    0.00013999999999999998774    2    227    234    0    0    756    757    
221    9.999999999999999124e-05    3.999999999999999819e-06    0.00014099999999999998494    4    -1    192    208    219    1    0    35    700    732    755    
222    0.00011299999999999999552    6.8999999999999996666e-05    0.00014099999999999998494    5    198    199    201    225    237    0    0    714    716    722    758    759    
223    5.0999999999999999598e-05    5.6999999999999996362e-05    0.00014199999999999998214    7    172    172    177    196    224    225    231    0    0    634    635    655    705    760    761    762    
224    7.999999999999999638e-06    8.2000000000000000948e-05    0.00014199999999999998214    5    177    182    209    218    223    0    0    656    673    737    752    760    
225    7.099999999999999107e-05    8.299999999999999815e-05    0.00014199999999999998214    7    181    222    223    226    231    231    237    0    0    670    758    761    763    764    765    766    
226    5.399999999999999798e-05    9.2000000000000000072e-05    0.00014199999999999998214    4    177    181    186    225    0    0    657    671    686    763    
227    7.2999999999999999026e-05    0.00011899999999999999229    0.00014300000000000000645    3    186    220    232    0    0    687    756    767    
228    4.1999999999999997676e-05    0.00012199999999999999744    0.00014300000000000000645    11    0    177    184    186    186    190    200    210    218    232    232    0    1    78    658    678    688    689    698    720    741    753    768    769    
229    7.099999999999999107e-05    9.000000000000000228e-06    0.00014400000000000000365    5    -1    172    193    230    236    1    0    36    636    701    770    771    
230    5.3000000000000000778e-05    1.5999999999999999276e-05    0.00014400000000000000365    6    -1    172    193    215    229    235    1    0    37    637    702    748    770    772    
231    6.8999999999999996666e-05    5.0999999999999999598e-05    0.00014400000000000000365    6    172    212    212    223    225    225    0    0    638    745    746    762    764    765    
232    6.8999999999999996666e-05    0.00013400000000000000452    0.00014400000000000000365    5    0    205    227    228    228    0    1    79    727    767    768    769    
233    3.2999999999999995754e-05    9.0999999999999989318e-05    0.00014500000000000000085    1    218    0    0    754    
234    0.0001039999999999999936    0.00012100000000000000024    0.00014500000000000000085    4    199    207    207    220    0    0    717    728    729    757    
235    2.699999999999999899e-05    3.999999999999999819e-06    0.00014599999999999999805    3    -1    211    230    1    0    38    743    772    
236    9.2000000000000000072e-05    2.3000000000000000018e-05    0.00014599999999999999805    3    208    212    229    0    0    733    747    771    
237    9.6999999999999999634e-05    6.2999999999999999902e-05    0.00014599999999999999805    2    222    225    0    0    759    766    
238    0.00014599999999999999805    9.999999999999999124e-05    0.00014599999999999999805    1    203    0    0    726    
239    2.4000000000000000608e-05    0.00014799999999999999246    0.00014699999999999999525    2    0    210    0    1    80    742    
240    2.699999999999999899e-05    2.9999999999999997372e-05    0.00014799999999999999246    2    209    215    0    0    738    749    
241    3.9999999999999996496e-05    0.0001029999999999999964    0.00014799999999999999246    0    0    0    
