1    -1    1    0    2.1965621187164233025e-06    1.0049999999999996951e-06    8.039999999999997278e-18    0
2    -1    17    0    1.1511421889686518203e-05    9.3272440944881902997e-06    1.4084138582677165128e-15    0
3    -1    19    0    8.9733197115329592207e-07    6.9289059500959692997e-06    1.6560085220729362777e-15    0
4    -1    20    0    7.9876175299287495337e-06    3.6850000000000007173e-06    4.4220000000000012762e-17    0
5    -1    20    0    9.2477222864644164599e-07    3.6850000000000002938e-06    4.4957000000000002601e-16    0
6    -1    26    0    2.0445597899083107131e-06    3.3637671232876716029e-06    3.6665061643835616001e-16    0
7    -1    33    0    2.414171397218174521e-06    4.6745520421607384665e-06    2.8468021936758895071e-15    0
8    -1    36    0    1.8458338266714886122e-06    5.0280297157622731965e-06    3.0319019186046512657e-15    0
9    -1    39    0    1.0950055123746786108e-05    3.8232315789473683115e-06    1.2616664210526314904e-16    0
10    -1    46    0    2.6150501332415517869e-06    6.4541284403669740627e-06    1.2262844036697248986e-16    0
11    -1    48    0    1.9706807365903222014e-05    5.1980114449213148185e-06    4.4702898426323297798e-16    0
12    -1    48    0    1.3676574643255555853e-05    5.1980114449213148185e-06    2.1415807153075818487e-15    0
13    -1    53    0    1.5190853427395032706e-05    3.6837326607818413537e-06    1.6134749054224463255e-15    0
14    -1    60    0    1.2946452647923677055e-06    2.85866666666666643e-06    5.4600533333333325804e-16    0
15    -1    66    0    1.46389842258041771e-05    7.2299435028248598003e-06    1.3736892655367229906e-16    0
16    -1    66    0    5.7796683284328255787e-06    7.2299435028248598003e-06    5.0609604519774010432e-17    0
17    -1    70    0    4.9999999999999521281e-09    4.9500000000000002525e-07    1.2374999999999999248e-17    0
18    -1    85    0    1.334706096347092621e-05    4.1814871794871793451e-06    1.0035569230769230627e-16    0
19    -1    85    0    2.0031712589393115429e-06    4.1814871794871801922e-06    1.0077384102564101384e-15    0
20    -1    87    0    6.3650445491719440577e-07    4.0804861111111106654e-06    1.2649506944444441632e-15    0
21    -1    89    0    1.5674247001416870999e-05    8.0586415711947620351e-06    1.4505554828150571146e-16    0
22    -1    91    0    1.2830382812063250409e-06    4.6541327623126331768e-06    1.1774955888650958998e-15    0
23    -1    91    0    9.4614614511804688297e-06    4.6541327623126340238e-06    4.6541327623126336302e-17    0
24    3    0    4.9999999999999521281e-09    0    4.9499999999999864882e-07    9.8999999999999723586e-19    0
25    5    0    2.5000000000000184157e-08    0    2.4750000000000034085e-06    1.435500000000002076e-16    0
26    6    0    1.6500513792840658053e-05    0    9.3886731391585752284e-06    3.1921488673139154232e-16    0
27    8    0    4.2852046957817011388e-06    0    1.0689774436090224822e-05    3.4207278195488720134e-16    0
28    12    0    2.2220931909951714103e-05    0    4.2413053348467648885e-06    1.1027393870601587296e-16    0
29    13    0    4.9999999999999521281e-09    0    4.9499999999999864882e-07    1.9799999999999944717e-18    0
30    15    0    3.9995839002748006131e-06    0    2.0212133891213387302e-06    3.2945778242677821475e-16    0
31    18    0    2.1317867290978336811e-06    0    2.5852038369304552964e-06    4.3431424460431646732e-16    0
32    30    0    2.2219952243117399986e-06    0    5.2110391493475098626e-06    5.7634092991783457879e-15    0
33    32    0    6.508517371002828285e-06    0    5.2068571428571429555e-06    2.0306742857142854846e-16    0
34    32    0    4.6546843188008558419e-06    0    5.2068571428571429555e-06    2.9158399999999996702e-16    0
35    32    0    1.3266096059054023046e-05    0    5.2068571428571421085e-06    3.1241142857142853609e-17    0
36    40    0    3.0845730333978530524e-06    0    6.623670886075947783e-06    7.4847481012658203455e-16    0
37    49    0    4.275124798372526688e-07    0    1.3752631578947368484e-06    5.2259999999999991552e-17    0
38    50    0    1.1074121725731891862e-05    0    3.4258782742681052589e-06    1.240167935285053874e-15    0
39    50    0    2.1378355235356817377e-05    0    3.4258782742681056824e-06    2.3981147919876735894e-17    0
40    52    0    1.2007197768816933156e-05    0    7.620588657573582098e-06    1.4021883129935389141e-15    0
41    52    0    1.8094193083673995039e-05    0    7.6205886575735829451e-06    5.5630297200287153704e-16    0
42    57    0    1.9497557080436058119e-05    0    3.024654178674351342e-06    3.3876126801152731364e-16    0
43    57    0    1.0840770445187687123e-05    0    3.0246541786743504949e-06    8.7714971181556164017e-17    0
44    71    0    2.4663879616178381799e-06    0    2.5585498489425983034e-06    2.1747673716012083845e-16    0
45    75    0    1.8940952350055323691e-06    0    2.1370336391437306759e-06    5.4708061162079509089e-16    0
46    76    0    4.9999999999999521281e-09    0    4.9499999999999864882e-07    9.8999999999999723586e-19    0
47    82    0    1.2851135618821221216e-05    0    7.279686520376175976e-06    1.9727950470219433235e-15    0
48    83    0    3.5822725412356138755e-06    0    5.0345714285714280686e-06    1.2838157142857138693e-15    0
49    84    0    1.6708927335640124789e-05    0    1.1791072664359863228e-05    5.7776256055363330921e-16    0
50    84    0    1.8412403956718043855e-05    0    1.1791072664359861534e-05    1.0611965397923875121e-16    0
51    95    0    1.8027756377319901525e-08    0    1.784747881354677239e-06    1.7847478813546771064e-16    0
52    4    7    6.8738635424337609617e-08    1.1412712210513226629e-07    1.8103709995417617665e-05    1.9914080994959377973e-16    0
53    4    7    7.9496013218243630715e-07    5.9396082576251370462e-07    2.1070725530386759253e-05    4.2141451060773515517e-17    0
54    6    10    1.5131726531319875323e-05    8.776173579447102863e-06    1.4833962213039363971e-05    3.560150931129447368e-16    0
55    6    10    1.3292747353096398224e-05    9.7934318944459569005e-06    1.5952082707125855724e-05    2.3449561579475007226e-15    0
56    6    12    6.8783580239731002026e-06    5.1528417791812024406e-06    9.9028835148581161621e-06    1.5151411777732915804e-15    0
57    6    15    1.3196811871131629746e-05    6.5956305806857099902e-06    6.0653411675563745635e-06    1.2737216451868385668e-15    0
58    6    29    9.8249020832403165715e-06    2.5887931181315328622e-05    1.1155218652390344806e-05    3.3465655957171028334e-16    0
59    6    29    1.5375211854921004117e-05    7.9085102698336951936e-06    1.4217902072181876357e-05    2.8435804144363750302e-16    0
60    8    9    1.0995474006111209447e-05    7.5250174717210286545e-06    1.8005579044025030492e-05    7.0221758271697613394e-16    0
61    8    12    1.9176376426207560912e-05    1.5104236787306338664e-05    9.6260770902694781857e-06    8.6634693812425294917e-17    0
62    8    30    7.1060675717297364868e-06    1.4820186474662621021e-05    7.7096579337670516862e-06    2.3591553277327182202e-15    0
63    8    30    1.5867189160065600959e-05    2.3253851505633062245e-05    8.7667745888369483898e-06    1.1396806965488031416e-16    0
64    9    10    9.8163760777987707918e-06    1.7507408920643477841e-05    1.0561344778250667133e-05    2.5347227467801600808e-16    0
65    9    11    2.0232131529759264383e-05    1.1574045088957644157e-05    1.2526266490591917661e-05    2.9812514247608759635e-15    0
66    9    23    8.5105507352529325121e-06    5.0026753978261425591e-06    1.0684760954633562211e-05    2.8528311748871605854e-15    0
67    10    11    8.8021009326158433151e-06    9.1582437832548365796e-06    1.3798172441104344891e-05    8.0029400158405202821e-16    0
68    10    12    8.4545693566701755667e-06    6.905443069957211018e-06    9.4340800421327675868e-06    2.2170088099012002252e-15    0
69    10    16    1.2835132452366533736e-05    1.0632439717945158346e-05    1.2139035728740431476e-05    1.0196790012141961845e-15    0
70    10    21    1.3429888467575013119e-05    1.0891759793753981084e-05    6.4788173144996787507e-06    1.9825180982369014624e-15    0
71    10    29    1.2707278826917204896e-05    8.9765139223674545875e-06    1.1547365837063387951e-05    7.9676824275737370836e-16    0
72    10    30    2.6837251931859872181e-05    1.8682538185833983752e-05    1.1477900211978420318e-05    2.4103590445154683774e-16    0
73    10    31    1.2003276452865191263e-05    1.3722141077968668695e-05    1.0975898209161732454e-05    3.2927694627485188515e-16    0
74    10    35    2.1539296442203085657e-05    5.604635372493971482e-06    8.52788782606738042e-06    3.4964340086876258204e-16    0
75    10    41    1.6360769063535324214e-05    2.2431170593264126902e-05    7.1993973784157683102e-06    1.4398794756831535295e-16    0
76    11    16    1.5926034048963257214e-05    7.0134386769285426719e-06    1.013432648859660517e-05    2.533581622149150608e-16    0
77    11    17    2.5371669888750798718e-05    1.6030211141239543383e-05    1.1481275045650530286e-05    9.1850200365204245254e-17    0
78    11    23    1.0623756751659589809e-05    1.2963363279930308715e-05    7.1972289079607744701e-06    8.6366746895529296714e-17    0
79    11    25    1.2275937550309116747e-05    4.2221975154719087174e-06    8.2920204501404514466e-06    9.5358235176615166717e-16    0
80    11    31    8.0508965089350810755e-06    7.2316214558191799003e-06    1.2372536647881603934e-05    3.4519377247589669575e-15    0
81    11    33    2.0609180936111364777e-05    1.0886481235083534904e-05    1.0752491588873504789e-05    1.8279235701084956672e-16    0
82    12    18    1.5104236787306343746e-05    4.1497994324820508045e-06    5.4065788087320383062e-06    9.6777760676303466115e-16    0
83    12    21    3.5765811675418585834e-06    4.3959053292834645294e-06    5.261944306356849862e-06    1.4680824614735609469e-15    0
84    14    22    9.9121138007994140416e-08    3.9051248379533807804e-08    1.3679066252365300755e-05    7.933858426371873677e-16    0
85    15    29    5.5182500450806054701e-06    3.291672488973877139e-05    9.4419372747561984837e-06    1.7373164585551403553e-15    0
86    15    32    1.003075740407261171e-05    9.5351013271331559414e-06    3.942551299377779027e-06    6.3080820790044464559e-16    0
87    16    27    3.8850225333290752314e-06    1.2896754635908015717e-05    4.923987958935629562e-06    3.249832052897514919e-16    0
88    16    29    9.772698262344740175e-06    1.3257413909476397441e-05    1.2960761532580786213e-05    4.0178360751000441701e-16    0
89    16    31    5.3775181210702865361e-06    9.3851197816449527099e-06    9.2092373496994219131e-06    2.2102169639278614649e-16    0
90    17    20    1.9236996543683846609e-05    9.8888719604982233208e-06    1.085349530933794006e-05    3.2560485928013822458e-17    0
91    17    27    1.028895130142098081e-05    1.036689901638063928e-05    7.5396932854714205177e-06    1.1988112323899558995e-15    0
92    17    29    1.5494388434132485709e-05    1.6778309740909679623e-05    1.5553860349680612482e-05    5.1327739153946018968e-16    0
93    17    33    4.9502527627045444497e-06    2.0069134021156504908e-05    5.8275770873230442937e-06    1.6200664302758060527e-15    0
94    17    33    1.5859684198889549366e-05    3.1674450695190940828e-05    7.0151425664724838786e-06    2.1045427699417453418e-17    0
95    18    30    6.3380353731495364856e-06    1.3795538659400706765e-05    7.6051283744844664747e-06    5.3235898621391259326e-16    0
96    19    24    1.779456468005626379e-05    1.2113311661076436653e-05    1.164562696872636414e-05    7.1038324509230818976e-16    0
97    19    26    6.5340060677402895595e-06    2.6693358260798745173e-06    9.7595701240160997217e-06    3.4158495434056342719e-16    0
98    19    26    7.7057672559953656701e-06    6.9923904653163301652e-06    7.0707120778056312412e-06    1.4141424155611261404e-17    0
99    19    36    9.6074392103205090627e-06    1.3034362152426170244e-05    8.7341174611361068343e-06    1.9215058414499433514e-16    0
100    19    36    1.097775452092734558e-05    2.1883863565833500424e-05    7.5502751948349279586e-06    1.2231445815632581992e-15    0
101    20    33    3.9899378270788306145e-06    8.8254479578392618756e-06    6.787892022948761517e-06    1.2896994843602644499e-16    0
102    21    29    8.9413648519472701214e-06    1.5273786852724464253e-05    7.8574959017991925298e-06    1.0293319631356940407e-15    0
103    21    30    1.2272636475113767003e-05    1.3563891789780897065e-05    6.1079724718472764593e-06    1.5269931179618189642e-16    0
104    21    30    8.223642612449788382e-06    2.0562008788372238721e-05    7.2951606009418661845e-06    3.5746286944615137898e-16    0
105    22    28    2.5611848079192952163e-06    5.1270411805266402822e-06    9.8794984807738615981e-06    2.1734896657702493628e-16    0
106    23    31    8.3916150036974026144e-06    1.3125622023619085485e-05    9.5976769682974118149e-06    3.2152217843796329655e-15    0
107    23    36    1.3227279241681261772e-05    1.5667757008788625844e-05    8.6409364640173174434e-06    1.451677325954909265e-15    0
108    23    44    8.8788706684238160363e-06    1.5629256794090985087e-05    1.0105548796113766305e-05    2.930609150872991996e-16    0
109    24    36    9.72950755269386827e-06    2.9063758151699294106e-05    6.7112343735817221881e-06    2.9529431243759575257e-16    0
110    24    37    6.2767010168951205517e-06    4.5758044204020338435e-06    1.6933027756551016757e-05    5.0799083269653034226e-16    0
111    24    44    1.6836377747253063083e-05    1.6077727998557282831e-05    1.3193058343441574503e-05    1.0554446674753259555e-16    0
112    24    45    9.3451012946804744384e-06    7.7112123486184520757e-06    1.9640315642621230494e-05    1.3551817793408648437e-15    0
113    25    33    7.4303953325185455742e-06    1.1596217946865431899e-05    5.433924823762995124e-06    1.0867849647525990076e-17    0
114    25    33    6.7238117517242189532e-06    1.1806115667061474798e-05    5.8482001547004383314e-06    1.754460046410131486e-17    0
115    25    36    4.2909259931867330977e-06    1.2471970284237724423e-05    6.7579010119716913005e-06    9.6637984471195174477e-16    0
116    27    29    1.69501737117183936e-06    8.2614589468687808988e-06    9.745408372480880287e-06    3.9273995741097940913e-15    0
117    27    29    9.0708874504781821261e-06    1.2267673222437195144e-05    8.9017381099807725721e-06    2.4034692896948083664e-16    0
118    27    39    1.5509708699870479909e-05    1.5467987820799086052e-05    7.5579662657990309723e-06    1.0278834121486682009e-15    0
119    27    65    2.6236753422851888894e-05    1.65186128105808412e-05    6.1665180425592214974e-06    4.3165626297914547792e-17    0
120    28    30    4.0620126270827114855e-06    1.4720092278647237401e-05    6.6490265222647939989e-06    3.3245132611323968751e-16    0
121    29    32    2.3014319302764933391e-05    9.3967706430352593262e-06    1.1387978233568071313e-05    2.2889836249471819263e-15    0
122    29    32    1.7132797387418543167e-05    1.4497203352380893951e-05    1.1360321799828630607e-05    1.2496353979811493096e-16    0
123    29    41    1.8052727467812425483e-05    6.1869346140606344252e-06    1.0857625596926863388e-05    2.0412336122222499436e-15    0
124    29    51    1.3436919472627845764e-05    7.9766143491659179343e-06    1.2886641767417755797e-05    1.0309313413934204598e-16    0
125    29    51    2.0501260940442572061e-05    6.8878914809338954945e-06    1.0803118652618412255e-05    1.4692241367561040515e-15    0
126    29    51    1.5646564795208593431e-05    8.5005931303275678024e-06    1.2479527605303095269e-05    4.3678346618560827876e-16    0
127    29    52    1.9703062685777468179e-05    1.2448193289442365707e-05    1.3195180354040106149e-05    2.0188625941681360766e-15    0
128    29    58    2.330163623818189966e-05    1.2255661298580350802e-05    1.0430756279224380351e-05    1.9818436930526319221e-16    0
129    29    65    2.1952313391668453683e-05    1.5026470757560728771e-05    1.3168851016294033518e-05    1.3168851016294033241e-15    0
130    30    31    2.700747752156227769e-05    3.4347980982967162001e-05    1.0458069187068425027e-05    8.889358809008160024e-16    0
131    30    32    2.6320690901507614321e-05    9.1536020512009600927e-06    7.0232931978772042043e-06    2.2474538233207054128e-16    0
132    30    43    1.6451139873086958131e-05    1.0906636344159312095e-05    8.6658094215332651334e-06    1.429858554552988803e-15    0
133    30    43    1.226036606030863306e-05    7.2333598340807500339e-06    8.2854433793109113089e-06    3.1484684841381455365e-16    0
134    30    50    1.2557890786903795914e-05    1.5659456409724210109e-05    6.1732153523782758408e-06    6.7288047340923202125e-16    0
135    31    33    7.1234053304246700456e-06    1.0300427089711196811e-05    7.907304300340058754e-06    5.9304782252550430726e-16    0
136    31    33    8.3460676765970376019e-06    9.0458706918515058716e-06    8.9874732667358617108e-06    4.493736633367930423e-17    0
137    31    33    1.4626097487304623031e-05    1.3136961088396136187e-05    9.8789865699080562408e-06    1.7782175825834503138e-16    0
138    31    36    1.4201540247648356593e-05    1.0364487637381967369e-05    1.012742440340570032e-05    1.2659280504257125337e-15    0
139    31    41    2.310627533604047172e-05    2.3245938446651217971e-05    8.3009918162903533411e-06    1.3945666251367793253e-15    0
140    31    41    1.4734876906445116689e-05    1.8907542289438384665e-05    7.4072793906003576728e-06    2.8147661684281354634e-16    0
141    31    47    7.8293013109207862594e-06    5.1889567080319109877e-06    9.7348527380598386837e-06    2.4337131845149592849e-16    0
142    31    47    1.0339503868218426837e-05    7.8521690909904045717e-06    1.0300835657741661816e-05    4.2233426196740807693e-16    0
143    31    48    1.2940315256729282531e-05    9.0623408621749595597e-06    9.9547365913964385472e-06    8.3619787367730079547e-16    0
144    31    64    1.8832623958253028002e-05    2.4520833172662527549e-05    8.442447019664953305e-06    7.5982023176984575009e-17    0
145    32    52    9.093561447508550187e-06    1.5341336348836489195e-05    1.2137684798881230182e-05    3.2771748956979316382e-16    0
146    32    52    1.3239009602839577046e-05    1.121692242722713978e-05    9.6184343237177937066e-06    2.6931616106409817993e-16    0
147    33    39    1.221479371189379857e-05    5.9308843376321352653e-06    6.9442774379569667553e-06    2.4791070453506371415e-15    0
148    33    48    1.3558956451383633724e-05    2.3719976036921187933e-05    8.1693302483542176408e-06    1.0620129322860481915e-16    0
149    33    48    6.5236721643570736589e-06    9.1981686039666501044e-06    8.8846282088953056403e-06    1.0572707568585410901e-15    0
150    35    41    8.002172555928498761e-06    6.9999534963148546136e-06    5.4705253689488209857e-06    1.1925745304308428353e-15    0
151    36    37    1.9390201178387285604e-05    8.5617905587338699521e-06    7.2481684834523168993e-06    1.45688186517391541e-15    0
152    36    38    1.7360583461475836319e-05    8.8496478671513089249e-06    7.5910940591242883095e-06    2.2773282177372864589e-17    0
153    36    53    1.1799906893125547863e-05    1.0987668090339367913e-05    7.6397770242450252249e-06    3.8962862823649625249e-16    0
154    36    59    8.1222108999480261359e-06    1.5851118856382799126e-05    1.2206068343611807612e-05    3.1735777693390695513e-16    0
155    37    44    3.5019212160505240041e-06    1.1838022038229098373e-05    8.3508889576985883299e-06    1.0772646755431179363e-15    0
156    37    44    9.0545646472437039444e-06    6.3811461473614513926e-06    1.2171136156609825289e-05    1.0954022540948842433e-16    0
157    37    44    1.3040865977152617212e-05    9.5247980807438275685e-06    1.2354174985697792113e-05    1.9766679977116466445e-16    0
158    37    45    5.4006544472220550351e-06    1.1001447677652434194e-05    1.323840387516811395e-05    1.3238403875168114252e-17    0
159    37    59    1.6317838118021859656e-05    8.4699324314752790931e-06    1.0845433323868588482e-05    1.6159695652564194213e-15    0
160    38    46    3.0559660188252627401e-06    2.1627155294400687285e-06    1.557395808342762456e-05    1.1368989400902164882e-15    0
161    39    48    2.0614371279237626667e-06    4.0350812113883767265e-06    7.8535648830258576465e-06    3.3299115104029633946e-15    0
162    40    44    1.6366330524855212411e-05    1.9328564677166606707e-05    1.1901305578493110812e-05    9.5210444627944888526e-17    0
163    40    45    1.3900704865697831401e-05    9.5841395381255916095e-06    1.1190503046035272234e-05    2.2381006092070541855e-16    0
164    40    50    8.5147643696716463185e-06    9.1140579297163432527e-06    6.6264884184564390747e-06    2.730113228404052656e-15    0
165    41    52    1.0058460952647621213e-05    1.5074216108459681404e-05    1.0401927078167698613e-05    1.5602890617251543712e-16    0
166    41    58    1.4255738755713590342e-05    8.7308935948443122492e-06    6.7126222785144374494e-06    1.0068933417771654391e-15    0
167    41    58    1.9166164593896135632e-05    1.2839652821793668105e-05    6.951848486974387736e-06    4.2406275770543760095e-16    0
168    41    63    1.1186101880577710749e-05    1.5915459746010439477e-05    6.7525223379650095671e-06    4.1865638495383062677e-16    0
169    41    64    1.0415706077202815252e-05    1.889452977917127242e-05    7.4073532514150558251e-06    1.4888780035344260196e-15    0
170    41    64    2.4529331770126869207e-05    1.5953846535704824131e-05    6.8706127714969692367e-06    3.7788370243233325e-16    0
171    43    44    1.1200331744565247214e-05    7.0887173402330935174e-06    8.3052124541481369384e-06    9.4679421977288751481e-16    0
172    43    50    8.2386987595057030681e-06    7.1689317759404376515e-06    7.3629751766483192397e-06    2.4297818082939448986e-16    0
173    43    56    8.8511941344292798548e-06    4.3189405007355771896e-06    7.5679604839692175732e-06    9.3842710001218304525e-16    0
174    43    57    6.147836321843304064e-06    4.2726055809888642621e-06    7.3768178568310424618e-06    1.7556826499257877917e-15    0
175    44    45    4.6573183950341280076e-06    6.3656430877297330768e-06    1.5252831078316914172e-05    1.4642717835184238679e-15    0
176    44    62    7.7005135886585274164e-06    4.2515454400576392744e-06    8.9438873627793479589e-06    1.019603159356845515e-15    0
177    44    64    7.8275180065788219845e-06    1.0299742453763360053e-05    8.4039922087287600733e-06    1.3782547222315167126e-15    0
178    45    72    8.5963502895107159359e-06    1.2393607283170703892e-05    1.0112149302382534096e-05    1.5977195897764403017e-15    0
179    46    55    5.6789083458002920278e-08    4.9244289008980590965e-08    1.0497303874231351519e-05    6.2983823245388116285e-17    0
180    46    59    5.6285584049254657409e-06    8.3686536513450224863e-06    1.3498742360251098215e-05    1.4848616596276206055e-16    0
181    47    48    9.5872307838705260902e-06    1.1180327909237883953e-05    9.6553525662389242865e-06    7.820835578653527736e-16    0
182    47    53    5.5856027873557169785e-06    4.9909431256668999454e-06    7.8063737928999218224e-06    4.9960792274559500686e-16    0
183    48    53    2.1843623121058600996e-05    6.7704089125559997769e-06    6.8091298394854236613e-06    9.3965991784898830114e-16    0
184    48    58    8.1155155107730355052e-06    4.321067228489310747e-06    7.9656676558109128239e-06    2.9632283679616588854e-15    0
185    48    66    1.2808931660447801283e-05    4.4564880543049840522e-06    7.0065054336871650879e-06    8.2676764117508538321e-16    0
186    48    80    3.1343061336265603438e-05    1.5845153445181879077e-05    7.8258112016506000487e-06    1.0956135682310839604e-15    0
187    48    87    3.112594888198304884e-05    2.5181263665687951276e-05    9.1242759619417129942e-06    5.4745655771650279313e-17    0
188    48    90    3.281843236561939823e-05    8.2914317589294011206e-06    6.5112660421411877731e-06    1.8231544917995325695e-16    0
189    48    92    2.7956927855279491098e-05    1.3524427816720989949e-05    7.7125985605457580784e-06    5.8615749060147745107e-16    0
190    50    57    6.9302793143358914271e-06    5.0189555742870481663e-06    5.9069226999810509299e-06    8.5650379149725230066e-16    0
191    50    72    1.0795584379059779994e-05    1.6391221288818716645e-05    8.6274798671385711032e-06    1.7772608526305456877e-15    0
192    50    75    2.1798118236990765345e-05    4.6737775857812213933e-06    4.1604276016828716872e-06    9.9850262440388924491e-17    0
193    51    52    5.1793123182271595312e-06    4.5663784937417194719e-06    1.0973910880277537708e-05    2.9410081159143800965e-15    0
194    51    63    4.5722805687969521904e-06    2.8900940476978088005e-06    9.5184246258306005786e-06    1.6086137617653713444e-15    0
195    52    56    9.3313184975608641318e-06    6.6173695016032743995e-06    9.1270387752994750342e-06    4.0067700223564697369e-15    0
196    52    57    2.2135599619223709741e-05    2.3663358111490684149e-05    5.8540300250904980076e-06    8.7810450376357448449e-17    0
197    52    82    1.3995377663643697444e-05    7.0703214803748678575e-06    1.1470432011119494834e-05    1.3764518413343390679e-15    0
198    52    82    1.8268598274425648642e-05    1.4170135478424973605e-05    1.3531538807171818742e-05    2.435676985290927188e-16    0
199    52    84    1.97883514897579105e-05    1.2655034083533074293e-05    1.2494102716998602349e-05    6.6218744400092589076e-16    0
200    53    60    2.2853976358649351612e-05    1.0052326855992688723e-05    5.304023334717899917e-06    1.2199253669851169763e-16    0
201    53    69    1.0109381563351872171e-05    5.7360813566706880381e-06    5.7738892253604253137e-06    1.0393000605648765572e-16    0
202    53    69    2.0321475107533766889e-05    6.000919396651304872e-06    4.7715367035094486222e-06    2.9106373891407637055e-16    0
203    55    60    3.3659743551113834355e-06    7.7361433835418781744e-06    4.1024645402017300165e-06    4.1024645402017298563e-18    0
204    55    61    3.3541019662496667023e-08    4.6097722286464283873e-08    7.8842354529471608203e-06    1.5768470905894321287e-17    0
205    55    61    3.6400549446402418456e-08    4.1533119314590485351e-08    7.7154332073382962063e-06    1.5430866414676590571e-17    0
206    56    57    7.3315926168993437244e-06    9.9849576525833365782e-06    5.2455481490464039252e-06    1.3638425187520649229e-16    0
207    56    64    1.3131967793949499547e-05    9.7640258521498056091e-06    6.6026762949984511944e-06    6.8667833467983888041e-16    0
208    56    73    8.9548014714030836544e-06    9.8887488950921553771e-06    6.1657187059161572794e-06    2.5279446694256243211e-16    0
209    56    73    1.3395883755700454298e-05    9.6195568979490241913e-06    6.5063623030431701181e-06    1.3012724606086339326e-17    0
210    57    71    5.8803669938048342664e-06    7.046136507206680007e-06    4.693792626078462351e-06    4.3652271422529692503e-16    0
211    57    72    7.4753458213256540062e-06    1.2996519674790422348e-05    8.2832707674126044721e-06    2.9819774762685376912e-16    0
212    58    63    1.0772568219286902776e-05    1.7064305238752491346e-05    6.4687854341254550072e-06    6.5334732884667100317e-16    0
213    58    64    1.8020760135650272515e-05    1.8978771910122430402e-05    7.3815391511089993815e-06    1.1958093424796577617e-15    0
214    58    65    7.5065954700202484578e-06    5.2917899228891190113e-06    6.1296541839271523902e-06    1.5753211252692781847e-15    0
215    58    79    1.6159540079571402759e-05    9.4425903508623862235e-06    5.6960122153198185942e-06    4.4428895279494578255e-16    0
216    58    80    1.8501173608417339881e-05    5.3120370420052351226e-06    4.6274579137865364372e-06    7.3113835037827279211e-16    0
217    59    60    6.433280644017834675e-06    4.3697494807338072833e-06    7.0672843495452121904e-06    4.0283520792407705766e-16    0
218    59    67    4.6056588262340692359e-06    2.1651817129994706935e-06    8.9428764345428805947e-06    6.5282997972163021849e-16    0
219    59    85    1.0952020407734868357e-05    1.1478972583878646637e-05    8.1710195692362395394e-06    4.0855097846181194e-17    0
220    59    89    6.8651932572335222548e-06    7.2792200789832094821e-06    1.5658924455450671923e-05    4.5410880920806955265e-16    0
221    60    61    7.5936058135167725107e-06    2.4367646593915315861e-06    3.7760039735248235691e-06    4.9088051655822700603e-17    0
222    62    64    2.8445819428261482668e-06    5.9603842988739645054e-06    7.0539644180716310628e-06    1.1497962001456759468e-15    0
223    62    67    8.1432627193045206254e-06    4.5619729073543017952e-06    4.9638047964720673953e-06    1.9358838706241059803e-16    0
224    62    72    7.553966343190338044e-06    7.8433713442902743462e-06    6.4848659941153036768e-06    1.0764877550231403227e-15    0
225    62    74    6.5267549858721953307e-06    1.1590910750935262111e-05    8.8315178322330064318e-06    1.3247276748349506328e-16    0
226    63    65    8.5904184198028804613e-06    1.6287871893628298492e-05    8.1735069054645447656e-06    6.1301301790984077617e-16    0
227    63    79    1.1695024157305217426e-05    9.1538513484596066951e-06    7.0692349297322608091e-06    2.8276939718929041131e-17    0
228    63    84    3.4675987675986455404e-06    7.3503382889368571221e-06    1.2371048573712473004e-05    1.4474126831243590463e-15    0
229    64    72    8.0018613612626542369e-06    9.4824180875153442816e-06    1.0433656820129352317e-05    5.2168284100646755496e-17    0
230    64    73    5.0864704837400307656e-06    2.7895532678481551937e-06    7.393844623265805742e-06    1.9445811359189065277e-15    0
231    64    80    1.5231178045824571163e-05    5.6074795165405339834e-06    6.5330513927055691663e-06    9.2769329776419059312e-16    0
232    65    66    3.9895577313806057575e-06    4.8745092868129505603e-06    1.1889416038454472973e-05    1.8309700699219885959e-15    0
233    65    86    1.2544317053419177372e-05    8.121936694414658652e-06    8.8159066465959032657e-06    1.4987041299213034064e-16    0
234    66    90    5.7427855633578508068e-06    6.0326917228706127593e-06    1.2071017786255156882e-05    6.0355088931275779324e-17    0
235    66    91    6.0513799193136790557e-06    8.0442923368876561647e-06    8.1552394302703546639e-06    4.1591721094378808039e-16    0
236    67    69    5.1558536733797299831e-06    1.2326645873454396464e-05    9.6968781208433802268e-06    9.6968781208433798818e-18    0
237    67    74    2.6402439024390120443e-06    7.6091193133434470723e-06    1.1101504268364885864e-05    5.6617671768660915049e-16    0
238    69    87    4.9868408481701911514e-06    7.3322260994022125255e-06    6.8557326110709280924e-06    3.2907516533140455617e-16    0
239    71    72    6.6520240397983959629e-06    1.6816297341175427118e-05    8.3326145378978347682e-06    3.4996981059170901437e-16    0
240    71    83    1.7590155393322814448e-06    3.5240499557404140544e-06    7.5475577618979124622e-06    8.3777891157066818761e-16    0
241    72    73    8.9766053689119238725e-06    6.3690305028347418944e-06    7.7960368550834750447e-06    9.589125331752670779e-16    0
242    72    78    1.4963661026422080176e-05    5.9910102609683029258e-06    8.361277435188048393e-06    1.0033532922225658266e-16    0
243    72    78    1.0769908653746957644e-05    2.0596865919607218264e-06    7.1126359157919582699e-06    1.351400824000471797e-16    0
244    72    83    2.1052377844707071672e-05    9.2260713350097895308e-06    8.5874083363534718232e-06    6.4405562522651022303e-16    0
245    72    88    2.8184375265872055406e-06    3.5600215968757801838e-06    1.3512540447747730705e-05    3.9051241893990937593e-15    0
246    73    82    1.1055950074641927787e-05    2.0397903603232366997e-05    9.20534599695257936e-06    5.3391006782324958058e-16    0
247    73    88    3.9927602940859504264e-06    4.3581258629185706436e-06    6.7673969094257089191e-06    1.5023621138925073628e-15    0
248    74    88    9.1621014638593884367e-06    2.4691642762762300805e-05    1.1437979763827432579e-05    4.575191905530972367e-16    0
249    74    88    7.6508338233468617493e-06    2.0384734288890894553e-05    1.1473526058632603809e-05    5.7367630293163013588e-16    0
250    75    95    6.652164276479734928e-06    4.9195692499150158394e-06    3.7174643892287262949e-06    1.7472082629375010877e-16    0
251    79    80    8.0783983735261763871e-06    1.3228098727738423596e-05    6.1345539594786295773e-06    6.3185905782629885191e-16    0
252    79    84    2.1526228825021822636e-06    5.7374754785982457156e-06    1.6214923000840628494e-05    7.9453122704119079704e-16    0
253    79    86    6.8008155585369105413e-06    3.5800234266051615098e-06    8.0154205782766344517e-06    8.0154205782766335854e-18    0
254    79    93    2.5750826865922312521e-06    2.1638701117250511423e-06    9.6637583419149481443e-06    4.0587785036042777965e-16    0
255    80    82    1.386197073740989751e-05    1.6497102584001895704e-05    8.3412645704735838395e-06    1.2845547438529318249e-15    0
256    80    92    1.4281426205463141786e-05    9.8998150153892290089e-06    6.4487474982576182032e-06    3.8047610239719942693e-16    0
257    80    92    7.2930935489179283274e-06    1.9318862051229784263e-05    7.8602537261822687925e-06    5.9737928318985243941e-16    0
258    80    93    1.3169300536687240705e-05    7.161850394011185319e-06    5.8798685719609036559e-06    1.5875645144294437095e-16    0
259    82    83    1.6621150285058068521e-05    1.0035533726644358757e-05    1.1675022483393625056e-05    5.7207610168628764007e-16    0
260    82    84    2.220313479623822853e-06    3.274127013132360089e-06    1.8014485233365715969e-05    5.1701572619759601758e-15    0
261    84    86    3.150480133124077182e-06    1.7162239284574030388e-06    1.8214259033952313405e-05    2.5499962647533236908e-16    0
262    85    89    5.9303870285911628883e-06    4.7374172475675833762e-06    7.521817142621352301e-06    2.3693723999257256339e-15    0
263    86    96    9.2870878105032951435e-08    3.6400549446402418456e-08    1.2797871327592185052e-05    2.3036168389665930285e-16    0
264    87    89    1.0315693937776863575e-05    1.5817108822791060759e-05    1.03371173429641684e-05    4.8584451511931580129e-16    0
265    87    92    3.9972610995906448196e-06    4.3493214145373991855e-06    8.5203626121971859776e-06    1.405859831012535672e-15    0
266    88    89    1.7039649737438551929e-05    1.3480954338619465194e-05    1.4942561844959288488e-05    3.885066079689414669e-16    0
267    88    94    4.8383815707902732452e-06    2.4171079690078008697e-06    1.0817278542792023292e-05    1.0060069044796579959e-15    0
268    89    92    2.1220190372719944908e-05    9.3167890632102879186e-06    1.1596812640166915235e-05    1.6467473949037016412e-15    0
269    89    92    1.4285261400309568519e-05    7.2120387334352838214e-06    1.2127117010437960909e-05    2.9105080825051109172e-16    0
270    89    94    1.7489100139462119741e-05    9.6722287269633963537e-06    1.0119796949241836292e-05    1.011979694924183524e-16    0
271    90    91    3.7253803980656588032e-06    6.0813225144793095248e-06    7.5052255832299269851e-06    1.1482995142341787943e-15    0
272    90    93    5.6163237212059500123e-06    6.8019833256552331588e-06    1.3673722602301211358e-05    1.9143211643221693453e-16    0
