1    9.9999999999999987895e-19    5.0007510185241698511e-07    0.02778195010291205011    0
2    7.9999999999999990316e-18    5.0037556886672974685e-07    0.032104900177900429215    0
3    5.3229000000000001726e-16    4.0960521697998041643e-06    0.0097741088109291433816    0
4    1.2566724126669639153e-15    4.0968632698059079749e-06    0.0086115218672720254822    0
5    1.2671946250539716379e-15    4.5150547027587886154e-06    0.0095985596850868201702    0
6    1.1956927667818326718e-15    4.5151495933532711719e-06    0.010568731489584501024    0
7    1.5385309663293655195e-15    4.4132380485534668959e-06    0.0095883436083476596135    0
8    1.1929906339689940679e-15    4.5148739814758302047e-06    0.011772968991774750841    0
9    1.9770952878480842637e-15    5.5187158584594720931e-06    0.015666329444340737487    0
10    6.605240485749845949e-16    4.9026503562927239969e-06    0.012991133049456737511    0
11    1.3579125968473985819e-15    4.2041745185852044916e-06    0.013567056365041138891    0
12    3.3700929589472850019e-15    4.5153775215148927847e-06    0.0058155459266591236558    0
13    1.145660955858367034e-15    5.519260883331298638e-06    0.013820542277395105046    0
14    1.6707791526554403666e-15    5.5187525749206542072e-06    0.0080376028464123321776    0
15    9.2809667294569560556e-16    4.9945473670959474228e-06    0.014076157972627021189    0
16    8.2434041548999584771e-16    4.20466279983520498e-06    0.021097829454279383443    0
17    1.9238886986392788626e-15    5.9243831634521482989e-06    0.0081146914081946224656    0
18    1.1482051915471446283e-15    4.5150222778320313528e-06    0.014323694592523243674    0
19    2.3590119514038336859e-15    6.0021910667419427248e-06    0.0072050733769368525972    0
20    1.9755729536876329859e-15    6.5231113433837885354e-06    0.013960270764876655386    0
21    5.2011314137070539314e-16    2.6697065830230713653e-06    0.0152077755335666958    0
22    1.1065499999999997087e-16    1.5036401748657226555e-06    0.047607461032089230801    0
23    1.1592173836067169537e-14    7.141393184661864538e-06    0.0082005385267067566063    0
24    2.854552343158419384e-15    6.5950646400451657284e-06    0.014049493289259439022    0
25    2.4303642488690566013e-15    5.1746101379394529297e-06    0.021424107983276895195    0
26    2.5429281361813176544e-16    3.5113699436187743836e-06    0.014866884067642036418    0
27    3.4529869172586860587e-16    2.8254120349884030765e-06    0.039413631457744922881    0
28    2.1075273396769470993e-15    6.3044714927673337957e-06    0.012145295142572046579    0
29    4.278780071665516969e-15    5.4346947669982906905e-06    0.012534905465091162463    0
30    4.8293424744145721679e-16    3.7550613880157467281e-06    0.021295396232267602143    0
31    2.7975567807835765551e-15    5.9227886199951169366e-06    0.010327111921092263155    0
32    4.1920897192684205509e-15    6.5234394073486324018e-06    0.0092606558186696177892    0
33    6.1928539289003528687e-15    7.4012231826782226606e-06    0.0096148795143522081813    0
34    6.7790714542803502631e-15    9.5349731445312499239e-06    0.012231321788372976136    0
35    2.577078691001228866e-15    6.2305455207824702473e-06    0.012009822755149937232    0
36    7.9999999999999990316e-18    5.0052577257156365645e-07    0.039062499999999909794    0
37    3.2486504077453897484e-15    7.3368802070617672245e-06    0.014372300272017144232    0
38    2.4246539231669840146e-15    6.8731327056884758398e-06    0.014369751457178420173    0
39    2.4033715821844402095e-15    5.2623186111450190932e-06    0.032215161715271174725    0
40    5.8227547547660756578e-16    4.204648971557617274e-06    0.032913461914319291912    0
41    2.9917790638311830995e-15    5.5191121101379387966e-06    0.012146899651020719169    0
42    3.9679720511988895943e-15    5.9236693382263179701e-06    0.014678765117526361775    0
43    1.0304046448415057072e-15    4.9944820404052733573e-06    0.027901748487270571636    0
44    3.2273779472166474443e-15    6.001789093017577631e-06    0.0089528737901995898707    0
45    3.1990229469209637951e-15    6.0794773101806637072e-06    0.015645179128170517979    0
46    7.1606911588001108054e-15    6.6654295921325677955e-06    0.0092775214858452966643    0
47    1.4011099712225795971e-15    5.6840386390686031053e-06    0.032724058297998147304    0
48    8.8257729004954877812e-16    5.5189390182495118553e-06    0.029984461593306453026    0
49    1.7056535588596697774e-15    4.5149068832397461605e-06    0.027329124335120309752    0
50    5.561157979752586393e-16    3.6339488029479978459e-06    0.034723945054051567893    0
51    1.1314470288982083247e-14    8.014372825622558921e-06    0.014465272960255614113    0
52    3.1926890330425126552e-15    7.5900640487670895527e-06    0.020598579958577931115    0
53    7.7156330382593107198e-16    3.6347043514251706392e-06    0.024827268632649199948    0
54    2.0780100000000004113e-15    7.6521034240722651484e-06    0.026404507035233153872    0
55    4.9232891827746538805e-15    7.0086421966552734522e-06    0.013903566094605785894    0
56    3.9236999999999990513e-16    3.8714771270751951874e-06    0.030596540220938436144    0
57    7.5570000000000000792e-17    2.3346457481384276222e-06    0.029764528795570163733    0
58    1.9948558052606934856e-14    1.1584835052490233994e-05    0.018358260206765883438    0
59    3.8676776318360061115e-15    8.3056287765502926691e-06    0.021431445247616986299    0
60    7.7511766613413712656e-16    4.4136981964111324321e-06    0.029034565981041694088    0
61    6.552439541717057638e-16    3.7553958892822266011e-06    0.03240168490488828934    0
62    5.747777400313173996e-15    7.3366875648498533399e-06    0.010000008744246963871    0
63    1.8572748266565406729e-15    6.5237612724304200315e-06    0.02743837634243353335    0
64    3.7414821369464817602e-15    6.0025544166564934724e-06    0.01795976820297703197    0
65    2.1056374667231606416e-15    5.2628312110900875284e-06    0.023368944949485454671    0
66    3.0651828353117753078e-15    5.9245462417602536926e-06    0.021780861036117038498    0
67    5.0351625609603686239e-16    3.6352612972259518109e-06    0.012854985418389286086    0
68    2.716855716592078011e-15    5.2625913619995112888e-06    0.026040112480462708489    0
69    1.5505210387563552696e-15    3.7556180953979489766e-06    0.025492796683170396849    0
70    1.2282617569121110772e-14    8.4755125045776366996e-06    0.013206508273639413695    0
71    2.803532945439631515e-14    1.1204380035400389438e-05    0.009899903270550637277    0
72    2.6135954782990933529e-15    5.5193724632263185191e-06    0.016170369399126586357    0
73    1.0423724933485377987e-15    4.5148034095764155951e-06    0.028493993171231940531    0
74    3.8024313090518549655e-15    5.3494381904602046686e-06    0.025254630577582853207    0
75    3.674504134969958694e-15    5.684585094451904036e-06    0.023866494366639998126    0
76    3.5791799999999999138e-15    7.7141752243041988537e-06    0.022955902195039672165    0
77    1.3418814638050368111e-15    3.634413957595825003e-06    0.035098562969415679491    0
78    1.1018915866058306545e-15    5.3495841026306148913e-06    0.023546777774732057659    0
79    1.442741000789163106e-15    5.349362373352050362e-06    0.022213427791099474989    0
80    6.9120970871001579368e-16    6.0786757469177244451e-06    0.031339427314076115372    0
81    8.9988768842401870946e-15    7.4004874229431153102e-06    0.020482197316362631134    0
82    2.7723886180506272036e-15    5.9241037368774411735e-06    0.020669685831356202771    0
83    1.1575990706837888586e-15    4.0963706970214843291e-06    0.012237283013288326877    0
84    6.5033538743386682715e-15    9.5850639343261718133e-06    0.017343869288030826226    0
85    4.3460999999999997619e-16    3.8720686435699460474e-06    0.0391740341358065014    0
86    3.17226132559217654e-16    3.754840850830078085e-06    0.029770162683461984243    0
87    3.8470293110421332209e-15    6.2308373451232906929e-06    0.026025210563339694347    0
88    8.8443375365888535353e-16    4.0965051651000977713e-06    0.029520823000147907583    0
89    2.6315826974945643192e-15    5.6846714019775385836e-06    0.021982105442342299989    0
90    2.8829174051575844212e-15    7.8349537849426269796e-06    0.026267269510271612498    0
91    7.0129949862907873444e-16    4.5144939422607421325e-06    0.033018233198626130431    0
92    1.0971101039979586785e-15    4.5149703025817871469e-06    0.025413280203161154464    0
93    9.4595866997449704904e-16    3.6349380016326902188e-06    0.011675139648017139257    0
94    2.8402751127409206535e-15    4.5158967971801753028e-06    0.020833771294757448544    0
95    2.3183690456906666713e-15    5.3500328063964844939e-06    0.024516607591420214174    0
96    1.7400718715428529267e-15    4.9013638496398925583e-06    0.032679708000218556097    0
97    1.058041942637799817e-14    7.4011402130126947309e-06    0.014960370004242747391    0
98    1.1352515888214855571e-15    3.6351299285888669105e-06    0.038224060865692563449    0
99    4.7533141739189220996e-15    7.6523699760437002604e-06    0.02188662604050320426    0
100    8.3919539141471643533e-15    6.5957942008972168422e-06    0.017945587789446593857    0
101    1.884474913063227295e-15    5.8450765609741207597e-06    0.027941564024444826703    0
102    2.3002259235710792975e-15    4.5156826972961422429e-06    0.023467852702384023322    0
103    9.4980436064508664235e-16    3.5106341838836670332e-06    0.0098307247077887207481    0
104    5.4324566274337571215e-15    7.5897874832153320459e-06    0.017286162746312703359    0
105    1.4102893819264121347e-15    5.2633590698242189025e-06    0.023868630772671005358    0
106    1.6847314607917950712e-15    5.3495850563049314309e-06    0.021860500588639645431    0
107    7.0921234028874992608e-16    4.5150485038757323788e-06    0.025941815618589585818    0
108    4.9479500115949689372e-15    7.0088496208190915823e-06    0.020261631939603719915    0
109    1.0195744169456955576e-15    4.5153026580810541707e-06    0.029454807847845231039    0
110    1.1629199999999999719e-15    6.0023531913757324259e-06    0.026868306424800755122    0
111    1.9551724458893181314e-15    6.5946750640869139547e-06    0.024788993162511378104    0
112    5.6992253386864055537e-15    6.0792322158813477705e-06    0.01590302057127354271    0
113    9.6383483239844792647e-15    8.5319299697875976789e-06    0.01786434899967289866    0
114    3.2673071337116548112e-16    3.5109732151031494103e-06    0.039174971443090331191    0
115    2.7364940962394208548e-15    6.0792298316955559981e-06    0.025856807839085133721    0
116    7.6728038409440892637e-16    4.0963845252990720351e-06    0.034959474036967481958    0
117    1.7493085812026401829e-14    9.2293748855590810763e-06    0.013906474244225539363    0
118    7.8068170537495433018e-15    7.4013891220092768258e-06    0.018821028837874873713    0
119    1.5900689172025976816e-15    4.902748107910156172e-06    0.020826105753060555892    0
120    5.4878227068319870697e-16    4.414138793945312719e-06    0.027526522883549810888    0
121    6.8132428790138589099e-15    7.1421070098876948668e-06    0.021280262681161957877    0
122    1.2081634421218187651e-15    5.2629828453063961415e-06    0.027832971406788892255    0
123    9.6293821719619080132e-15    7.2072939872741692224e-06    0.0097917593649313947046    0
124    1.1147754775128393699e-16    1.5028482675552367681e-06    0.032397840110031890515    0
125    1.2261043149852342562e-15    5.1749229431152338573e-06    0.028932149580632404023    0
126    2.0708741817732927551e-15    4.7129836082458490486e-06    0.035477124568006494776    0
127    3.4894200000000021787e-15    7.5278635025024407955e-06    0.029142675880325590032    0
128    3.3548210291143917767e-16    3.510467529296874828e-06    0.037150346001133607854    0
129    1.0877990254718114199e-15    4.6153321266174314902e-06    0.02773206052119589482    0
130    7.514943792245151287e-16    5.683931827545165922e-06    0.024919728260414188842    0
131    2.5307700000000010867e-15    5.6841917037963861042e-06    0.023013655889417897887    0
132    2.4566783259911100709e-15    5.9243869781494136101e-06    0.03293481571349439474    0
133    7.955411868905427182e-16    3.6346869468688961217e-06    0.030667229482005797098    0
134    7.4929465044298636421e-15    7.8951692581176752142e-06    0.014976682433652433249    0
135    1.2814954369826982793e-14    8.5314588546752932085e-06    0.0069403395308926104854    0
136    1.5716384084628103806e-15    5.1745491027832028687e-06    0.025118599380485294448    0
137    1.1173634723878904829e-15    5.3495841026306148913e-06    0.028851589936934565056    0
138    4.3921341840910869635e-15    5.4353985786437986245e-06    0.019235348874880625614    0
139    1.4283389942912860186e-15    5.1742758750915528269e-06    0.030383231306408006733    0
140    2.0543600545725384694e-15    5.9233350753784178673e-06    0.025778422060889184808    0
141    1.5843569511363731941e-15    4.994876861572265675e-06    0.026113985763769814036    0
142    2.8243238792504896471e-15    6.5230798721313469653e-06    0.019526403284474407041    0
143    5.8217887122634649063e-15    7.8354873657226558969e-06    0.019186781674650398022    0
144    2.303746136058728563e-15    5.9240512847900391214e-06    0.027008648297537667798    0
145    2.8091366982281437903e-15    7.6521449089050291132e-06    0.023483683080850130398    0
146    1.491462800632560019e-15    4.6147608757019039193e-06    0.024825934925417000865    0
147    1.7856433898323573371e-15    6.3047809600830072584e-06    0.028077695265968205529    0
148    2.2735973633026180357e-15    4.6154007911682130207e-06    0.034214911020796844043    0
149    4.6737138443223509984e-16    3.6346747875213621482e-06    0.032857384216626928097    0
150    2.2847664146960488392e-15    4.902521610260009792e-06    0.026950423336221766835    0
151    1.4717996157252126923e-15    6.873253345489501576e-06    0.027138417966961071726    0
152    1.1216135674149146514e-14    9.3322029113769519604e-06    0.017020880909127778652    0
153    7.05718155243113495e-15    7.0084438323974603303e-06    0.022581395449020099514    0
154    1.6595632254159193222e-15    5.3492531776428222534e-06    0.027135938427044658389    0
155    2.1515075668821228939e-15    6.2305126190185542914e-06    0.020454981131016198442    0
156    3.5594870334523530417e-15    6.2306637763977050582e-06    0.016109603613287226676    0
157    3.6917655116304789086e-15    7.527331352233886264e-06    0.015486344286446599924    0
158    4.0551684169745951402e-16    3.754746913909912068e-06    0.038494263068339529266    0
159    3.4598907129019614816e-15    6.6657481193542479604e-06    0.020461616316480656097    0
160    3.8328626562830712579e-15    5.9235496520996087734e-06    0.033232871426958771055    0
161    3.4999999999999995571e-17    9.1597759723663331022e-07    0.036436644854253352754    0
162    6.6513508767749852919e-16    3.7551121711730954712e-06    0.023719167549026733133    0
163    1.1784006205393440682e-15    4.0958232879638668589e-06    0.022445983379501380922    0
164    5.880099866816660148e-15    7.0757293701171873216e-06    0.018982588675321696026    0
165    1.9680761424284839686e-15    4.614688873291015771e-06    0.018520043660157695792    0
166    1.4769113538094743186e-15    3.8718574047088617592e-06    0.013480667706363365366    0
167    2.3433622037831247402e-15    5.3495874404907223563e-06    0.021601888854041129129    0
168    1.1999999999999997777e-17    5.0090134143829342593e-07    0.041334274214238513057    0
169    1.9270581144126289057e-15    4.204227447509765237e-06    0.027896456605495754261    0
170    3.4146934050778728522e-15    6.8049159049987788418e-06    0.030942244058018202046    0
171    3.4319999999999996107e-17    1.5037828683853148749e-06    0.040732678211626592579    0
172    4.7698767239980718189e-16    3.6346604824066161725e-06    0.028506661917507343518    0
173    3.018775201368651774e-15    4.9020085334777826634e-06    0.030721289977235183982    0
174    1.0786923527232162316e-14    8.0143861770629870866e-06    0.020041400273402842913    0
175    1.5230026751190332028e-15    5.5195975303649896663e-06    0.031169948286594507947    0
176    1.5007389789020290694e-15    5.9247698783874513009e-06    0.02974684012598918445    0
177    3.4742992414166030951e-15    4.9946942329406733381e-06    0.021556759531989072576    0
178    7.4807137257760767704e-15    6.8043503761291496612e-06    0.017338092319236556721    0
179    4.8391783805054296621e-15    7.4007263183593750104e-06    0.024697082687272036566    0
180    3.5463162114232710287e-16    3.2520051002502438415e-06    0.030004806947366267217    0
181    9.1808779391634522342e-15    7.7134103775024408586e-06    0.019830502095625878595    0
182    2.8424867455276161675e-15    5.6843829154968256029e-06    0.024170762730005554419    0
183    6.0176466379900097151e-16    3.9861192703247071826e-06    0.037001692111568521004    0
184    4.5227294304862689837e-15    6.3047475814819334562e-06    0.031923632033442748968    0
185    1.2899221771973028952e-15    3.7552940845489501917e-06    0.0073891101050261717362    0
186    1.0196242713752906462e-15    3.9853181838989257667e-06    0.028174403679025641911    0
187    8.206622109784155072e-16    5.5192866325378418178e-06    0.02810409917196298249    0
188    1.184528298093248696e-15    4.5148792266845699016e-06    0.040205676537200696341    0
189    8.9435288070964891849e-16    4.4137268066406243835e-06    0.026626089626750289174    0
190    1.5925799999999997395e-15    5.924499988555907877e-06    0.02207515228828011572    0
191    1.0885340129350256559e-15    5.6843261718749995464e-06    0.027415127589291599097    0
192    4.9058683997070120042e-15    7.1414546966552732923e-06    0.027720080178491136175    0
193    2.1267166769524534013e-15    6.8730664253234860817e-06    0.012922377659038208203    0
194    3.4793649123594680809e-15    7.2071447372436523818e-06    0.023989694211727322082    0
195    6.4776602800826603728e-15    8.1903009414672852973e-06    0.019606924320795724587    0
196    2.6208873660456626968e-15    4.9021744728088376757e-06    0.031457529372984405214    0
197    9.800999999999992761e-17    2.3344001770019529923e-06    0.045285134640896840263    0
198    2.7224043387691642217e-15    6.5948038101196290066e-06    0.023854215138107561639    0
199    1.6114540652044325567e-15    4.9021587371826168906e-06    0.021152404887515498244    0
200    7.6156464954065126923e-16    3.5107538700103758064e-06    0.010842881732693531241    0
201    2.2166099999999987586e-15    6.5229082107543944098e-06    0.023581318130811955436    0
202    1.7781316333013009117e-14    8.8067378997802734568e-06    0.015511103734834295886    0
203    6.6000614614504729638e-15    6.5945644378662106132e-06    0.02313743862710178692    0
204    6.9428610568873315536e-15    6.8732852935791009924e-06    0.021122227583973616355    0
205    8.8699976288358099226e-15    7.5896110534667967927e-06    0.018328647222587569898    0
206    8.6674826648543420552e-16    4.2039351463317869452e-06    0.033448069781981878967    0
207    1.1140555177318472266e-15    5.1745676994323724254e-06    0.025915563349010319744    0
208    2.6442253780669192477e-15    6.0024375915527338943e-06    0.023506033254490358436    0
209    8.2555861384003735072e-15    7.5906634330749512288e-06    0.015772484909100673023    0
210    3.5706564475231378552e-15    7.8351602554321277231e-06    0.02083983423915934316    0
211    1.0710218154683659141e-15    4.9015865325927736272e-06    0.029142685491044574564    0
212    6.07156870997362878e-15    6.002139091491699366e-06    0.021967044705573108426    0
213    1.1988899999999996473e-15    5.6845669746398923256e-06    0.035458578400254271712    0
214    1.9894675112399568309e-15    5.1746077537536620044e-06    0.02454221824190615589    0
215    7.2934938148216651906e-16    3.6345517635345459101e-06    0.03549834073256425554    0
216    2.5116004088412674138e-15    4.9028029441833491495e-06    0.02623081391224216935    0
217    7.9875890579048322384e-15    9.2298641204833972571e-06    0.010204914216013829045    0
218    3.0128313988169684084e-15    5.8454623222351072222e-06    0.028003698511573259927    0
219    2.3096683700607456583e-15    4.902131557464599325e-06    0.020105430238040067348    0
220    2.1850004350176110503e-15    4.6143364906311031107e-06    0.023913544478642634328    0
221    3.4130873660467167477e-15    6.1549444198608391793e-06    0.021099171939308804247    0
222    2.4950985608236198119e-15    6.8040618896484375276e-06    0.02260556058629454787    0
223    3.741619900273775226e-15    5.9238886833190915741e-06    0.023418578345411594083    0
224    7.6713903371356122694e-15    7.5893602371215816187e-06    0.018272685072136189699    0
225    1.9999999999999997579e-18    5.0030046701431273911e-07    0.059999999999999879818    0
226    6.418957204565165858e-16    3.9852631092071534426e-06    0.030551586954529370843    0
227    4.7358846799454326168e-16    3.1151032447814941469e-06    0.026752079765683209334    0
228    1.9999999999999997579e-18    5.0030046701431273911e-07    0.059999999999999879818    0
229    7.911583773588375985e-16    4.5147848129272460385e-06    0.027965028177495090955    0
230    9.0417421613991040576e-16    4.9017310142517086171e-06    0.034033459583579180052    0
231    1.1366311146097928017e-15    4.6150670051574707641e-06    0.032673157647844966456    0
232    1.4047448645559503307e-15    5.6850905418395996952e-06    0.025230189732142836029    0
233    4.3665600000000036482e-15    8.305717468261718142e-06    0.020475666801843119685    0
234    1.7946373373740697907e-15    4.4137096405029292126e-06    0.028348943091346331252    0
235    2.1175577848694281801e-15    4.902161121368407816e-06    0.028994565723228706011    0
236    1.1940308658809847131e-15    5.6841607093811032274e-06    0.026701982267276609673    0
237    7.1349401134774336778e-15    7.2069687843322749747e-06    0.020776763111528023104    0
238    1.6721099999999998702e-15    6.5226550102233883105e-06    0.022986429840712110234    0
239    3.8620131008512085755e-15    6.2301907539367675087e-06    0.021993554636139975994    0
240    7.7844052347392253451e-15    6.5945601463317866087e-06    0.021615653121625087035    0
241    1.2019113227029874779e-14    9.8321065902709961601e-06    0.013953161782302861763    0
242    6.9774040091964522866e-15    6.8734359741210930659e-06    0.021702861307082488285    0
243    1.9999999999999997579e-18    5.0015020370483399285e-07    0.059999999999999879818    0
244    3.0832532858464058021e-16    3.5105957984924316102e-06    0.033129548154227410339    0
245    7.5482142183934307975e-15    8.531731605529784557e-06    0.019433822442061734342    0
246    3.5299999999999996748e-16    2.3347058296203611437e-06    0.040362988294767851438    0
247    1.1822128397803876487e-15    4.5146675109863277671e-06    0.030019200850370030692    0
248    4.6251883668441154268e-15    6.8045325279235833047e-06    0.023986605731979537132    0
249    2.2807406333277958692e-15    5.2626957893371575467e-06    0.024665642170017536283    0
250    4.5995654429292337587e-15    5.9247670173645016823e-06    0.022008929400720921715    0
251    2.2817916959418680091e-15    6.155400276184081558e-06    0.022759724480088189963    0
252    6.2614222716385132799e-15    7.8953976631164555204e-06    0.019154045943797902429    0
253    3.2217273109762241299e-15    6.0789432525634760966e-06    0.023404228080398912365    0
254    9.3381508210420965383e-17    1.9538837671279906255e-06    0.030539738575886238303    0
255    7.0158941768619585878e-16    4.5149230957031247918e-06    0.031186914432066586977    0
256    4.392171951881434225e-15    7.5270714759826660818e-06    0.019350962211319797796    0
257    2.9385644193045979715e-15    5.519586563110351579e-06    0.026953183137852474577    0
258    1.347144402513954586e-15    6.1554479598999017594e-06    0.027649133700600684455    0
259    2.2877026291913481508e-15    5.1744871139526362681e-06    0.020147875944807696474    0
260    1.2000894389987089547e-15    5.2624788284301757152e-06    0.025544750682650559093    0
261    1.1564999999999996625e-17    9.1585314273834226277e-07    0.017826121655768224772    0
262    6.1766629186925710593e-15    8.53143024444580041e-06    0.028003852192373546864    0
263    7.8299380413608702012e-15    7.4010319709777831618e-06    0.013525593691831584026    0
264    2.2393261214924987528e-15    4.9027147293090815228e-06    0.023264843396835599432    0
265    3.9999999999999995158e-18    5.0030046701431273911e-07    0.059819173824159084518    0
266    4.0507847208595640057e-15    7.3366580009460448489e-06    0.018943551508466084654    0
267    8.880716399235793689e-15    7.527275562286376747e-06    0.013306877367525107511    0
268    5.6729334375876655577e-15    7.4005546569824216078e-06    0.018773440643727563187    0
269    1.5390034650024844466e-15    7.336489200592041065e-06    0.01220092503899810471    0
270    9.8279861620951621845e-16    4.9017758369445800468e-06    0.026425746863442303725    0
271    1.7898518534035389426e-15    4.9025840759277342388e-06    0.034328429382954384064    0
272    1.8172783063664180491e-15    4.6155400276184083136e-06    0.0096434936724515141204    0
273    1.2078922813055010723e-15    3.6356058120727536552e-06    0.032519523497927013689    0
274    8.5625196333393434822e-16    3.6350784301757809744e-06    0.027027066081124300617    0
275    2.4812963963231802269e-15    5.8451848030090331759e-06    0.024015421572533376948    0
276    4.2786621183460257152e-15    6.0016903877258297634e-06    0.021205941403459559885    0
277    3.3249841182468728881e-15    5.6840829849243158418e-06    0.011447459093941285413    0
278    4.7964485704327205095e-15    5.6020545959472655841e-06    0.022874105275784272634    0
279    8.4026747356887458375e-16    3.8718316555023194264e-06    0.03061856182166862797    0
280    4.1160340439222582418e-15    5.2625298500061033815e-06    0.023580989781722877519    0
281    1.2610139910177244673e-15    4.9019012451171876338e-06    0.024064225165226361958    0
282    1.2526947069860466573e-15    5.349853515624999622e-06    0.026097508584645236901    0
283    1.4470991536101151818e-15    4.6152162551879884517e-06    0.028070972085780240141    0
284    1.4419864787954496602e-15    4.614810943603515046e-06    0.0099074395084897300123    0
285    1.3683981782469170154e-15    5.1747274398803712011e-06    0.0277242844810412295    0
286    5.9619762623621291828e-16    3.5109102725982662702e-06    0.033140532295976701804    0
287    6.1373462779840455502e-15    7.590357303619384384e-06    0.023692028601480577543    0
288    1.8962779881944232975e-15    5.6838698387145993214e-06    0.0240027541442772753    0
289    1.8500976029159062689e-15    5.175312519073486478e-06    0.023894839292710801093    0
290    1.3646139071968216121e-15    5.5196638107299802713e-06    0.02580193460964707447    0
291    1.467752449780119409e-15    6.0790123939514154733e-06    0.037879738637197533924    0
292    2.1524740398881139946e-15    5.262821674346923827e-06    0.023167467362729544933    0
293    3.365337874000872915e-16    2.5066471099853512679e-06    0.034994857778457955089    0
294    4.0940926241880985902e-15    5.6025633811950678611e-06    0.02020808236203325281    0
295    6.8081015533783075219e-16    4.6143774986267083822e-06    0.032022619334993562834    0
296    8.1102275529232910232e-15    8.2482986450195312398e-06    0.020560099806632991387    0
297    5.1081094730112384534e-15    7.5266141891479484703e-06    0.021275219876159427723    0
298    3.3940371973072457204e-16    3.6340510845184325252e-06    0.031751635501705330333    0
299    1.1282700000000000893e-15    6.2307395935058593648e-06    0.028816357746296906994    0
300    4.4998197543513842305e-15    5.3495812416076661197e-06    0.028913181137293415823    0
301    1.5485402426085362853e-15    4.9946932792663567986e-06    0.035078150455923988449    0
302    3.2827182599113605723e-15    5.9246563911437983408e-06    0.015188295415874466035    0
303    1.8425455797212243856e-15    4.9023122787475585828e-06    0.028213232737885691331    0
304    1.8015128279644870641e-15    5.2632880210876464467e-06    0.024167618266926389065    0
305    1.1457241988671279387e-15    4.9942417144775384243e-06    0.025966010113214421651    0
306    1.4576034397002064602e-15    4.2047696113586421633e-06    0.020597568803917103153    0
307    9.9999999999999987895e-19    5.0007510185241698511e-07    0.02778195010291205011    0
308    1.4999999999999997221e-17    5.0090134143829342593e-07    0.038404814359155860226    0
309    1.3413364106758911673e-15    4.9021592140197755839e-06    0.021725679940297868559    0
310    3.083940712718852444e-16    3.5111107826232909708e-06    0.032814692722061923613    0
311    1.4941412092026251524e-15    5.6023197174072263103e-06    0.030763327531891936778    0
312    4.1151972550191159681e-16    3.510396003723144526e-06    0.038895593540283143752    0
313    6.6020186455464188917e-16    3.5110006332397458991e-06    0.014900630629097390278    0
314    2.3012982828109769129e-15    6.2307319641113278954e-06    0.026891080868279935295    0
315    1.0308964576212949518e-15    3.9857947826385492807e-06    0.026302518509822857967    0
316    6.5274242996769297934e-16    5.1744422912597656854e-06    0.045683412620936426907    0
317    7.8178645818742021228e-15    7.0753970146179194508e-06    0.015788485709996386008    0
318    8.399587239493525449e-15    6.5234360694885249368e-06    0.016452003320282227589    0
319    6.4720322779251727146e-16    3.1148037910461422319e-06    0.033153256441153598766    0
320    2.7616131687213986088e-15    4.9943714141845700158e-06    0.023920271843773065201    0
321    5.1686886751593382886e-15    6.2299323081970208653e-06    0.021039062138923765588    0
322    1.8431375782131746821e-15    5.6850538253784175811e-06    0.032600473717589582845    0
323    1.4960900772795897048e-15    5.3490977287292474821e-06    0.021502950102386685777    0
324    2.8974169650194838863e-15    5.6023235321044916214e-06    0.022847044534999985665    0
325    3.9236606272139557094e-15    6.0789489746093744869e-06    0.028805460189373816721    0
326    2.1421339436520830264e-16    3.5105338096618650096e-06    0.037836396416006487509    0
327    1.5815709552178635087e-14    9.6351051330566404223e-06    0.014114797241270380518    0
328    1.3060509211377950122e-15    5.4356026649475092897e-06    0.026146645393235343202    0
329    5.1930312057566379852e-15    7.5282173156738278416e-06    0.0084604107328052988862    0
330    1.0903395862424410944e-15    4.4139528274536129172e-06    0.029397470785513454827    0
331    1.2582437837687250133e-15    4.6147160530090333366e-06    0.025646614260659242324    0
332    4.5274570142761045081e-16    5.2620477676391599767e-06    0.031883868288740083163    0
333    7.9209466910361031876e-16    3.7546861171722409301e-06    0.032911555081107768395    0
334    7.9601680671789037186e-15    8.5314378738403310324e-06    0.014881797680387354524    0
335    5.0173175906994921228e-16    3.9857258796691892507e-06    0.024652766159254397432    0
336    2.5459340963588006703e-15    5.9241166114807123399e-06    0.030434281618460866381    0
337    1.866785333105417771e-15    5.6840934753417969298e-06    0.031925394755273714398    0
338    1.8999999999999997507e-17    9.1562777757644650877e-07    0.038450659447112393863    0
339    9.8999999999999935438e-19    5.0067603588104250859e-07    0.027777777777777720725    0
340    3.0844086417828159918e-15    4.9950637817382811693e-06    0.024773393935653496845    0
341    1.0898020809868536514e-15    4.7115640640258785537e-06    0.028795904003945393262    0
342    5.2451592931364347824e-15    7.7746787071228030697e-06    0.024158592563784060669    0
343    3.9106856995783227203e-15    5.9239778518676757403e-06    0.025772671438305531227    0
344    1.7407216248782542251e-15    6.2299537658691400406e-06    0.025416132477771958414    0
345    3.3617425549337222802e-15    5.5184946060180662571e-06    0.020732757555675673106    0
346    5.557199999999999858e-16    4.9944820404052733573e-06    0.028519431832106988817    0
347    4.9024447661305899001e-15    6.804029464721679418e-06    0.024356882516788323778    0
348    9.982795366667430748e-15    8.2476425170898435071e-06    0.010041760917825692453    0
349    1.5801311328983756386e-15    5.2628598213195794799e-06    0.01269186527276496175    0
350    4.5392993661124882696e-15    7.0081081390380858416e-06    0.018145713338977912527    0
351    1.4090829268931814468e-15    5.4347324371337884971e-06    0.028735745073801291505    0
352    5.4702056432318694441e-15    5.6848487854003903764e-06    0.017330343268475052743    0
353    2.0104979368093477486e-15    5.2623524665832515886e-06    0.036472590639656125855    0
354    2.2652645411546087933e-15    6.873552799224853491e-06    0.028414310798559799798    0
355    4.2512070555030450095e-16    4.6146531105041501964e-06    0.037272358799301893995    0
356    3.5883376228305361524e-15    7.5270657539367668445e-06    0.031087066901067252067    0
357    1.7483077770492993199e-15    4.7122516632080078565e-06    0.026580922312509705496    0
358    6.6557997178801385129e-16    3.9847636222839355203e-06    0.014051672367610202122    0
359    1.1801985986966447854e-15    4.9944367408752440813e-06    0.025705189661973017884    0
360    7.3104269839588374153e-16    3.5113613605499267982e-06    0.030840415005192755443    0
361    4.5176054758586187756e-15    6.0020771026611327654e-06    0.021168877556618805741    0
362    1.5994833521492242199e-15    5.5187001228332513081e-06    0.028061281087443289139    0
363    5.5335321711164553264e-15    7.1412544250488279384e-06    0.019388964646626989652    0
364    3.6109315573763955555e-15    6.804874420166015724e-06    0.028458374043725719049    0
365    3.2388158572400431123e-15    4.902105331420898299e-06    0.01823038042024363245    0
366    1.9999999999999997579e-18    5.0022536516189573137e-07    0.059999999999999879818    0
367    1.7836499999999997066e-15    6.2305932044982904487e-06    0.024670676468159059153    0
368    3.0525121231398797784e-15    5.8449416160583494712e-06    0.022445667429046026881    0
369    3.2587265947209438308e-15    5.1743226051330564887e-06    0.017024557975943457183    0
370    1.241804549575922964e-14    7.8953428268432616959e-06    0.020317894517896645246    0
371    2.4510156263789802731e-15    8.5861616134643549354e-06    0.023773578801839223562    0
372    1.281043178641244111e-15    4.6151266098022455923e-06    0.02844874129671496818    0
373    9.9406745906125795134e-16    3.8715927600860597263e-06    0.029117407508381057402    0
374    8.9782064440454840764e-16    4.4134669303894042013e-06    0.030117151484660046462    0
375    7.1698772866716985722e-16    4.6144628524780272372e-06    0.037387466597916856059    0
376    1.1371218568212308338e-15    4.4137511253356931774e-06    0.028318162849822414717    0
377    8.2265081213817387654e-16    3.8720712661743163195e-06    0.026992320911448888787    0
378    2.3403600000000008188e-15    7.0083417892456049977e-06    0.026486344509626492255    0
379    2.5019125053121218941e-15    4.7125597000122069333e-06    0.020772634536518765069    0
380    5.9999999999999988885e-18    5.0045067071914675459e-07    0.039879449216106144238    0
381    1.1051230139729919948e-15    4.5152068138122559217e-06    0.03214789940284993458    0
382    7.7999999999999985551e-17    1.502687335014343165e-06    0.036513797581452830943    0
383    1.6928382315907944536e-15    5.1748738288879392701e-06    0.029765939680111389021    0
384    2.491499498897847767e-15    6.5235290527343744142e-06    0.027081395623032796655    0
385    4.934419889241792101e-15    8.5308437347412107473e-06    0.019325669464524415642    0
386    1.2276560834361629197e-14    8.3628358840942382837e-06    0.019603572938532362602    0
387    1.453996708353330919e-15    6.2309322357177732493e-06    0.02721661029933663406    0
388    2.0736075292040241962e-15    6.5949950218200676584e-06    0.025991553316333446122    0
389    7.330277421021817188e-15    7.5270471572875972878e-06    0.015495139114625274337    0
390    1.2752580153205422901e-15    5.9240274429321290207e-06    0.025515356425610556668    0
391    1.4999999999999997221e-17    5.0075113773345941045e-07    0.045799497484264678482    0
392    4.5079434265260070636e-15    6.0027375221252436555e-06    0.019776481207596712658    0
393    7.4967936180994007966e-16    4.4135947227478027137e-06    0.026412555976111012218    0
394    9.9999999999999987895e-19    5.0007510185241698511e-07    0.02778195010291205011    0
395    1.7157437900700154062e-15    4.7121257781982415762e-06    0.02460245900793394877    0
396    3.8923202034392103704e-15    6.5951523780822755087e-06    0.025266574274688508028    0
397    1.0349308481418377001e-16    1.5036582946777343659e-06    0.029391230414501468698    0
398    8.9411614721937666172e-16    3.8719370365142822239e-06    0.024975624133704809465    0
399    1.605177473100551174e-15    5.4346661567687987391e-06    0.02567862170819505685    0
400    2.1551920133170826541e-15    4.902708053588866593e-06    0.0088212479790978938488    0
401    1.7585373695897827198e-15    4.5157904624938959657e-06    0.027534198328030258518    0
402    7.6670541329034316112e-15    6.8733921051025390227e-06    0.017344485758042735984    0
403    5.9999999999999988885e-18    5.0037556886672974685e-07    0.023148148148148091352    0
404    1.6445110810199204104e-15    5.349843025207519381e-06    0.031083105690630285362    0
405    1.2546699564040516581e-15    5.1749143600463866954e-06    0.032753305286119471784    0
406    7.0365287826630273731e-15    7.6521520614624027363e-06    0.016197398566300980072    0
407    1.3352113269594581251e-15    4.9943242073059076607e-06    0.014058800276308180965    0
408    1.3952059762848855789e-15    5.9231972694396969602e-06    0.024178702768532744222    0
409    5.1411980360195604761e-15    7.3373303413391112129e-06    0.021528933954478687157    0
410    3.1193146745125057952e-15    8.3622808456420901911e-06    0.02433529089521178565    0
411    2.3562800263342286469e-16    3.1145465373992918983e-06    0.013203752288513510849    0
412    4.3855776773172207164e-15    5.8455486297607417697e-06    0.022594038526075485573    0
413    1.1995979105995916673e-15    6.1549587249755855785e-06    0.027450482677947231347    0
414    3.1995907340147015445e-15    5.2623052597045892335e-06    0.018688987345172686227    0
415    2.3752771971382354151e-15    4.6159019470214838283e-06    0.023689983221778426747    0
416    7.1081999999999998172e-16    4.4134693145751951267e-06    0.022900014785554732161    0
417    1.3171970199662197237e-15    5.4351615905761720035e-06    0.026583359575755961118    0
418    6.3723000000000019996e-16    4.4137802124023438222e-06    0.039114740331178891874    0
419    6.0873823027939357898e-15    7.5897698402404781818e-06    0.011093570074668721373    0
420    2.0835602947726785133e-15    7.714071273803710442e-06    0.027772302200293270263    0
421    1.4589237484606552516e-15    5.2622718811035154314e-06    0.025658952496979473695    0
422    9.259230654320172159e-16    5.2624726295471186316e-06    0.027633658711610276093    0
423    7.2009934047100388585e-15    7.5895109176635736922e-06    0.014544318345440223825    0
424    9.5728192112265881472e-15    8.131443023681640957e-06    0.024920485648415431623    0
425    2.233377813072672011e-15    5.9235534667968749316e-06    0.025789908252338487188    0
426    1.6702167363118454595e-15    5.3494138717651367216e-06    0.030108248696383652782    0
427    3.4620158823113499786e-15    6.8734931945800778157e-06    0.023063291270099685326    0
428    1.9920340743274063496e-15    4.6151676177978517108e-06    0.02408472732120692239    0
429    9.3385789879539138835e-16    4.615363121032714367e-06    0.024408120012891242057    0
430    3.1553404092407736776e-16    3.5110385417938230523e-06    0.025539789709349711155    0
431    6.1496821156425814269e-15    6.8740172386169430316e-06    0.011867069930754436252    0
432    5.6553941065783685093e-16    4.0962362289428708869e-06    0.028071750951153551235    0
433    3.9999999999999995158e-18    5.0030046701431273911e-07    0.047264532404273966459    0
434    6.9321386630413574859e-16    4.9023933410644525863e-06    0.031635275287921253706    0
435    8.9545405229037564261e-16    3.8718125820159911765e-06    0.033947394449315181075    0
436    1.0131965127798572937e-15    4.71308183670043907e-06    0.027961939831737059325    0
437    4.7716197499794234155e-16    4.4134774208068844423e-06    0.029997428552644155725    0
438    3.7827275399743228596e-15    7.1411018371582027858e-06    0.018485663815745699556    0
439    4.3352874836855738737e-15    6.3047108650207513421e-06    0.022072419150108567309    0
440    1.4962200000000008716e-15    6.5949330329895019048e-06    0.025052562247948335916    0
441    2.7034797687648457157e-15    6.1550116539001463239e-06    0.02335209353662092216    0
442    1.1530864439934484084e-15    5.5193772315979003698e-06    0.013384281989205066427    0
443    1.2931925208392631573e-15    6.5234494209289547965e-06    0.026728704173432045466    0
444    2.3779259439443036472e-15    6.5225076675415037019e-06    0.027976232541882660454    0
445    2.3715024081479687106e-15    5.3498711585998534861e-06    0.011910351917261533666    0
446    1.1299200000000000273e-15    5.9239869117736815955e-06    0.031221806681816965251    0
447    1.0539236228104760431e-15    4.20444869995117192e-06    0.025637863419707414975    0
448    1.1307297598531969485e-14    8.7520408630371092731e-06    0.019538578235303111219    0
449    3.3415810737951778286e-15    6.6649465560913086982e-06    0.020158220037019707743    0
450    5.8558271303533446667e-16    2.5079653263092040466e-06    0.040413776502491789711    0
451    4.2955316375860812003e-15    5.9242205619812007516e-06    0.021829532069820665324    0
452    1.7351059642288896911e-15    6.7348942756652827328e-06    0.023916420917959882453    0
453    2.3100000000000000343e-18    5.0120180845260618767e-07    0.039643476143821410052    0
454    2.8454675842439995976e-15    4.9021682739257814391e-06    0.023671309857867198906    0
455    3.1999999999999996126e-17    1.2341995239257812205e-06    0.03268132678984129319    0
456    8.0514440180705343811e-15    8.3627147674560538542e-06    0.016273501529268669802    0
457    1.367066803104647812e-15    5.5192298889160157612e-06    0.027519429611600840918    0
458    3.9064381450967947794e-15    5.6850423812866208005e-06    0.0084960101181035165702    0
459    1.4312184792630744332e-15    4.5154461860656734681e-06    0.023957659466679354088    0
460    6.7920444896692588251e-15    7.0089330673217773582e-06    0.017529856697978359048    0
461    3.2402992615538737085e-15    5.9243364334106446371e-06    0.025804279120407995485    0
462    2.8168799999999989457e-15    7.0752468109130852236e-06    0.032038019604561832065    0
463    2.5535274752634507116e-15    5.6845569610595699309e-06    0.024339645892950807077    0
464    1.5935270202643979989e-15    5.1749553680419919669e-06    0.028202026742593384184    0
465    4.6058704383199810314e-15    7.3366208076477048886e-06    0.021332058113095787172    0
466    7.4764999999999993135e-17    1.5038012266159057202e-06    0.021272036002853114689    0
467    1.0399999999999998895e-16    1.7401181459426878897e-06    0.034951433635232738439    0
468    7.7189213163274674881e-16    5.1740441322326659028e-06    0.028472607321159928984    0
469    7.1965950140418530367e-15    6.5232629776000971485e-06    0.022901138665130719302    0
470    2.4473183483634496746e-15    5.6842441558837890033e-06    0.02775437839242740623    0
471    2.7277515524328075069e-15    7.3364677429199218897e-06    0.021322652622075062567    0
472    2.5071945732220309627e-15    6.8729958534240723192e-06    0.025899294950501756951    0
473    2.7641822066866661439e-15    5.8445367813110347588e-06    0.018755095925704897558    0
474    3.458344446944566284e-15    7.3364791870117186703e-06    0.02387083439539926244    0
475    3.0095999999999986536e-16    3.6346421241760251155e-06    0.032700123181860933641    0
476    8.4975000000000015073e-16    5.4345340728759762222e-06    0.051236381674609109138    0
477    3.2656698507028814758e-16    3.7555491924285885231e-06    0.031696977435212915497    0
478    3.9846810761430922865e-15    6.3054156303405758157e-06    0.029499283569869218929    0
479    1.7177146296134494932e-15    5.5194330215454098868e-06    0.021942081261239334417    0
480    2.4153750457214128238e-15    5.263112545013427733e-06    0.025720270124367811126    0
481    2.5879525974511948542e-15    4.7126660346984862703e-06    0.031438657099085776103    0
482    3.6004664782100885611e-15    6.5947856903076172962e-06    0.024285910050681844968    0
483    3.2940098392399495617e-15    6.8043737411499019156e-06    0.025219824128452195122    0
484    5.3368884271213535878e-15    6.8049755096435545171e-06    0.024788298716373734915    0
485    4.40548297568829712e-15    6.5229449272155756769e-06    0.02232635007219003348    0
486    3.7159899759062503752e-15    5.349632263183593786e-06    0.020441724370958071211    0
487    1.7850673642090124391e-15    6.0793795585632323791e-06    0.025611206283994190219    0
488    6.612134633844689909e-15    6.8051257133483887443e-06    0.015152591273294430466    0
489    4.1827373711443645064e-15    7.2071113586425777326e-06    0.024772845522168983334    0
490    1.1286671139844602922e-15    4.5147714614868161788e-06    0.026257997711490326659    0
491    1.587927481749375586e-15    5.6839132308959955183e-06    0.03507301337919966483    0
492    1.6131161081427780463e-15    4.9020175933837885186e-06    0.025670476263811439072    0
493    5.3291874964775181168e-15    6.5241804122924802961e-06    0.022184468469369389432    0
494    3.8212309638106413109e-15    6.2301621437072747102e-06    0.029675064359891735466    0
495    2.9797007036486676153e-15    6.523021697998046523e-06    0.034988868690566041209    0
496    6.8424190360878995747e-16    4.6151967048645015085e-06    0.030219347071179392811    0
497    3.5751926118576380037e-15    5.4349055290222162855e-06    0.021512217107584080678    0
498    2.1463434031863940503e-15    4.6151814460754394168e-06    0.027059006294748846888    0
499    1.3742658172651861917e-15    5.5201187133789061105e-06    0.0144219982233735073    0
500    1.4279070409845284897e-15    3.6353344917297362689e-06    0.026374127100712397437    0
501    1.0188844116903302223e-15    4.9950995445251458968e-06    0.04189368066198934093    0
502    1.1302267660711090435e-15    3.635364294052123683e-06    0.030148112481074830493    0
503    1.3006059594522966189e-15    4.5159959793090818637e-06    0.025479638367816779404    0
504    5.0499999999999981657e-19    5.0075113773345941045e-07    0.027819507651858848413    0
505    4.9033429241678822848e-16    3.5112159252166748452e-06    0.033394730039861098003    0
506    6.3049302758476503988e-16    3.5114355087280273722e-06    0.031324564886550769482    0
507    1.8281999999999998092e-16    3.2511944770812987242e-06    0.046507082432640386993    0
508    3.7109471149535277197e-16    2.5086052417755127245e-06    0.037163600588993081497    0
509    1.8452995852975779604e-16    2.5068058967590330805e-06    0.036482017043579631488    0
510    9.9000000000000012475e-18    5.0135201215744020314e-07    0.067736662132354075183    0
511    1.7447063269491149369e-16    1.5039111375808714452e-06    0.033597831525376133099    0
512    2.3999999999999995554e-17    9.1576510667800904024e-07    0.030149509393937130863    0
513    6.6990000000000017173e-17    1.5037684440612792258e-06    0.052791663473283970132    0
