95    9.999999999999999124e-05    9.999999999999999124e-05    9.999999999999999124e-05
1    0    6.0999999999999998722e-05    0    0    0    0    
2    1.9999999999999998248e-05    9.999999999999999124e-05    9.9999999999999995475e-07    1    0    0    1    20    
3    9.8999999999999994038e-05    8.2000000000000000948e-05    1.9999999999999999095e-06    0    0    0    
4    4.8999999999999998418e-05    8.7999999999999997712e-05    3.999999999999999819e-06    2    9    9    0    0    43    44    
5    9.6999999999999999634e-05    9.0999999999999989318e-05    3.999999999999999819e-06    0    0    0    
6    7.3999999999999996228e-05    1.2000000000000000304e-05    4.999999999999999562e-06    8    -1    -1    -1    10    10    12    15    28    1    0    1    2    3    45    46    47    48    49    
7    8.700000000000000051e-05    6.8999999999999996666e-05    6.000000000000000152e-06    4    8    12    29    29    0    0    50    51    52    53    
8    5.19999999999999968e-05    7.3999999999999996228e-05    6.000000000000000152e-06    4    7    10    11    22    0    0    50    54    55    56    
9    6.0999999999999998722e-05    9.6999999999999999634e-05    6.000000000000000152e-06    3    0    4    4    0    1    21    43    44    
10    5.0999999999999999598e-05    3.7999999999999995316e-05    6.999999999999999895e-06    12    6    6    8    11    12    16    20    28    29    30    34    40    0    0    45    46    54    57    58    59    60    61    62    63    64    65    
11    2.3000000000000000018e-05    4.999999999999999562e-05    6.999999999999999895e-06    8    8    10    16    17    22    24    30    32    0    0    55    57    66    67    68    69    70    71    
12    7.3999999999999996228e-05    3.2999999999999995754e-05    7.999999999999999638e-06    5    6    7    10    20    29    0    0    47    51    58    72    73    
13    9.8999999999999994038e-05    9.6999999999999999634e-05    1.0999999999999999714e-05    0    0    0    
14    7.7999999999999998588e-05    9.6000000000000002432e-05    1.29999999999999992e-05    2    0    21    0    1    22    74    
15    9.3999999999999994476e-05    4.999999999999999562e-06    1.4999999999999998686e-05    4    -1    6    28    31    1    0    4    48    75    76    
16    3.3999999999999999732e-05    2.699999999999999899e-05    1.4999999999999998686e-05    5    10    11    26    28    30    0    0    59    66    77    78    79    
17    1.4999999999999998686e-05    1.2000000000000000304e-05    1.5999999999999999276e-05    7    -1    11    19    26    28    32    32    1    0    5    67    80    81    82    83    84    
18    6.999999999999999895e-06    8.3999999999999995352e-05    1.6999999999999999866e-05    5    23    25    25    35    35    0    0    85    86    87    88    89    
19    3.999999999999999819e-06    3.7999999999999995316e-05    1.8999999999999997658e-05    2    17    32    0    0    80    90    
20    7.7000000000000001386e-05    3.6999999999999998114e-05    1.9999999999999998248e-05    5    10    12    28    29    29    0    0    60    72    91    92    93    
21    8.8999999999999994914e-05    9.6999999999999999634e-05    2.0999999999999998838e-05    3    0    14    27    0    1    23    74    94    
22    3.9999999999999996496e-05    6.5999999999999991508e-05    2.1999999999999999428e-05    5    8    11    30    35    43    0    0    56    68    95    96    97    
23    3.8999999999999999294e-05    9.6000000000000002432e-05    2.3000000000000000018e-05    6    0    18    35    36    43    44    0    1    24    85    98    99    100    101    
24    1.0999999999999999714e-05    4.999999999999999562e-05    2.499999999999999781e-05    4    11    32    32    35    0    0    69    102    103    104    
25    3.000000000000000076e-06    9.7999999999999996836e-05    2.900000000000000017e-05    3    0    18    18    0    1    25    86    87    
26    3.6999999999999998114e-05    1.29999999999999992e-05    2.9999999999999997372e-05    4    16    17    28    38    0    0    77    81    105    106    
27    8.4999999999999992554e-05    8.299999999999999815e-05    2.9999999999999997372e-05    2    21    29    0    0    94    107    
28    5.3000000000000000778e-05    1.9999999999999998248e-05    3.100000000000000135e-05    20    -1    6    10    15    16    17    20    26    31    31    38    38    38    40    50    50    50    51    57    65    1    0    6    49    61    75    78    82    91    105    108    109    110    111    112    113    114    115    116    117    118    119    
29    9.2999999999999997274e-05    6.20000000000000027e-05    3.100000000000000135e-05    12    7    7    10    12    20    20    27    30    31    42    42    49    0    0    52    53    62    73    92    93    107    120    121    122    123    124    
30    2.699999999999999899e-05    4.1999999999999997676e-05    3.1999999999999998552e-05    15    10    11    16    22    29    32    32    32    35    40    40    46    46    47    64    0    0    63    70    79    95    120    125    126    127    128    129    130    131    132    133    134    
31    9.0999999999999989318e-05    1.9999999999999998248e-05    3.2999999999999995754e-05    6    15    28    28    29    51    51    0    0    76    108    109    121    135    136    
32    6.000000000000000152e-06    2.9999999999999997372e-05    3.6000000000000000912e-05    15    -1    -1    -1    11    17    17    19    24    24    30    30    30    38    47    47    1    0    7    8    9    71    83    84    90    102    103    125    126    127    137    138    139    
33    3.4999999999999996934e-05    9.999999999999999124e-05    3.6000000000000000912e-05    1    0    0    1    26    
34    5.9999999999999994744e-05    4.3999999999999998856e-05    3.6999999999999998114e-05    2    10    40    0    0    64    140    
35    6.999999999999999895e-06    6.8999999999999996666e-05    3.6999999999999998114e-05    10    18    18    22    23    24    30    36    37    52    58    0    0    88    89    96    98    104    128    141    142    143    144    
36    3.7999999999999995316e-05    8.299999999999999815e-05    4.1000000000000000474e-05    8    0    23    35    43    43    43    44    58    0    1    27    99    141    145    146    147    148    149    
37    2.4000000000000000608e-05    9.6000000000000002432e-05    4.1999999999999997676e-05    3    0    35    45    0    1    28    142    150    
38    1.399999999999999979e-05    1.399999999999999979e-05    4.6999999999999997238e-05    8    -1    26    28    28    28    32    47    65    1    0    10    106    110    111    112    137    151    152    
39    9.0999999999999989318e-05    9.3999999999999994476e-05    5.0999999999999999598e-05    4    0    43    44    49    0    1    29    153    154    155    
40    5.3000000000000000778e-05    3.2999999999999995754e-05    5.19999999999999968e-05    11    10    28    30    30    34    51    57    57    63    64    64    0    0    65    113    129    130    140    156    157    158    159    160    161    
41    9.4999999999999991678e-05    3.4999999999999996934e-05    5.19999999999999968e-05    0    0    0    
42    7.7000000000000001386e-05    6.20000000000000027e-05    5.19999999999999968e-05    6    29    29    43    49    55    56    0    0    122    123    162    163    164    165    
43    5.19999999999999968e-05    6.9999999999999993868e-05    5.19999999999999968e-05    10    22    23    36    36    36    39    42    44    62    64    0    0    97    100    145    146    147    153    162    166    167    168    
44    5.8999999999999997542e-05    9.4999999999999991678e-05    5.19999999999999968e-05    6    0    23    36    39    43    72    0    1    30    101    148    154    166    169    
45    6.999999999999999895e-06    9.6000000000000002432e-05    5.19999999999999968e-05    4    0    37    54    58    0    1    31    150    170    171    
46    2.699999999999999899e-05    4.8000000000000001216e-05    5.3000000000000000778e-05    4    30    30    47    52    0    0    131    132    172    173    
47    1.399999999999999979e-05    2.499999999999999781e-05    5.4999999999999995182e-05    12    30    32    32    38    46    52    57    66    80    87    90    92    0    0    133    138    139    151    172    174    175    176    177    178    179    180    
48    9.7999999999999996836e-05    3.6999999999999998114e-05    5.599999999999999916e-05    0    0    0    
49    8.8999999999999994914e-05    7.7999999999999998588e-05    5.599999999999999916e-05    6    29    39    42    56    72    75    0    0    124    155    163    181    182    183    
50    6.7000000000000002262e-05    1.2000000000000000304e-05    5.800000000000000034e-05    6    -1    28    28    28    51    63    1    0    11    114    115    116    184    185    
51    8.3999999999999995352e-05    2.3000000000000000018e-05    5.800000000000000034e-05    11    -1    28    31    31    40    50    55    56    82    82    84    1    0    12    117    135    136    156    184    186    187    188    189    190    
52    1.2000000000000000304e-05    5.399999999999999798e-05    5.800000000000000034e-05    5    35    46    47    69    69    0    0    143    173    174    191    192    
53    2.3000000000000000018e-05    9.999999999999999124e-05    6.0999999999999998722e-05    1    0    0    1    32    
54    7.999999999999999638e-06    9.6999999999999999634e-05    6.20000000000000027e-05    4    45    60    61    61    0    0    170    193    194    195    
55    7.5999999999999990632e-05    4.4999999999999996058e-05    6.2999999999999999902e-05    6    42    51    56    64    73    73    0    0    164    186    196    197    198    199    
56    8.5999999999999989756e-05    6.3999999999999997104e-05    6.4999999999999994306e-05    6    42    49    51    55    71    72    0    0    165    181    187    196    200    201    
57    2.900000000000000017e-05    2.699999999999999899e-05    6.7999999999999999464e-05    9    28    40    40    47    63    64    65    79    80    0    0    118    157    158    175    202    203    204    205    206    
58    1.8999999999999997658e-05    7.9999999999999992992e-05    6.7999999999999999464e-05    7    35    36    45    60    67    85    89    0    0    144    149    171    207    208    209    210    
59    1.8000000000000000456e-05    3.999999999999999819e-06    6.8999999999999996666e-05    3    -1    65    66    1    0    13    211    212    
60    3.999999999999999819e-06    8.700000000000000051e-05    6.8999999999999996666e-05    4    54    58    61    69    0    0    193    207    213    214    
61    1.0999999999999999714e-05    9.8999999999999994038e-05    6.8999999999999996666e-05    4    0    54    54    60    0    1    33    194    195    213    
62    4.999999999999999562e-05    7.499999999999999343e-05    6.9999999999999993868e-05    5    43    64    67    72    74    0    0    167    215    216    217    218    
63    5.800000000000000034e-05    1.399999999999999979e-05    7.2000000000000001824e-05    6    40    50    57    65    79    84    0    0    159    185    202    219    220    221    
64    5.3000000000000000778e-05    5.9999999999999994744e-05    7.2000000000000001824e-05    10    30    40    40    43    55    57    62    72    73    80    0    0    134    160    161    168    197    203    215    222    223    224    
65    2.9999999999999997372e-05    9.999999999999999124e-06    7.2999999999999999026e-05    8    -1    28    38    57    59    63    66    86    1    0    14    119    152    204    211    219    225    226    
66    1.0999999999999999714e-05    1.29999999999999992e-05    7.2999999999999999026e-05    5    47    59    65    90    91    0    0    176    212    225    227    228    
67    3.2999999999999995754e-05    7.7999999999999998588e-05    7.2999999999999999026e-05    4    58    62    69    74    0    0    208    216    229    230    
68    8.700000000000000051e-05    4.8000000000000001216e-05    7.499999999999999343e-05    0    0    0    
69    1.399999999999999979e-05    6.3999999999999997104e-05    7.7000000000000001386e-05    5    52    52    60    67    87    0    0    191    192    214    229    231    
70    0    4.8999999999999998418e-05    7.7999999999999998588e-05    0    0    0    
71    9.4999999999999991678e-05    7.099999999999999107e-05    7.7999999999999998588e-05    3    56    72    83    0    0    200    232    233    
72    6.8999999999999996666e-05    8.2000000000000000948e-05    7.7999999999999998588e-05    12    0    44    49    56    62    64    71    73    78    78    83    88    0    1    34    169    182    201    217    222    232    234    235    236    237    238    
73    6.5999999999999991508e-05    5.9999999999999994744e-05    7.9999999999999992992e-05    6    55    55    64    72    82    88    0    0    198    199    223    234    239    240    
74    4.1000000000000000474e-05    9.6000000000000002432e-05    7.9999999999999992992e-05    5    0    62    67    88    88    0    1    35    218    230    241    242    
75    9.6999999999999999634e-05    9.0999999999999989318e-05    8.2000000000000000948e-05    3    0    49    95    0    1    36    183    243    
76    9.7999999999999996836e-05    9.9999999999999995475e-07    8.299999999999999815e-05    1    -1    1    0    15    
77    8.5999999999999989756e-05    3.9999999999999996496e-05    8.3999999999999995352e-05    0    0    0    
78    7.7999999999999998588e-05    9.7999999999999996836e-05    8.3999999999999995352e-05    3    0    72    72    0    1    37    235    236    
79    5.19999999999999968e-05    2.0999999999999998838e-05    8.5999999999999989756e-05    6    57    63    80    84    86    93    0    0    205    220    244    245    246    247    
80    4.3999999999999998856e-05    4.1000000000000000474e-05    8.700000000000000051e-05    8    47    57    64    79    82    92    92    93    0    0    177    206    224    244    248    249    250    251    
81    3.9999999999999996496e-05    7.2000000000000001824e-05    8.7999999999999997712e-05    0    0    0    
82    7.9999999999999992992e-05    2.900000000000000017e-05    8.8999999999999994914e-05    6    51    51    73    80    83    84    0    0    188    189    239    248    252    253    
83    9.2999999999999997274e-05    6.4999999999999994306e-05    8.8999999999999994914e-05    3    71    72    82    0    0    233    237    252    
84    7.2999999999999999026e-05    6.999999999999999895e-06    8.9999999999999992116e-05    6    -1    51    63    79    82    86    1    0    16    190    221    245    253    254    
85    6.000000000000000152e-06    8.9999999999999992116e-05    8.9999999999999992116e-05    3    0    58    89    0    1    38    209    255    
86    4.999999999999999562e-05    3.999999999999999819e-06    9.0999999999999989318e-05    4    -1    65    79    84    1    0    17    226    246    254    
87    3.999999999999999819e-06    5.599999999999999916e-05    9.0999999999999989318e-05    4    47    69    89    92    0    0    178    231    256    257    
88    6.2999999999999999902e-05    6.8999999999999996666e-05    9.0999999999999989318e-05    8    0    0    72    73    74    74    89    94    0    1    39    40    238    240    241    242    258    259    
89    2.0999999999999998838e-05    8.299999999999999815e-05    9.2000000000000000072e-05    8    0    58    85    87    88    92    92    94    0    1    41    210    255    256    258    260    261    262    
90    2.0999999999999998838e-05    9.000000000000000228e-06    9.3999999999999994476e-05    5    -1    47    66    91    93    1    0    18    179    227    263    264    
91    4.999999999999999562e-06    1.4999999999999998686e-05    9.3999999999999994476e-05    3    -1    66    90    1    0    19    228    263    
92    1.8999999999999997658e-05    5.0999999999999999598e-05    9.3999999999999994476e-05    6    47    80    80    87    89    89    0    0    180    249    250    257    260    261    
93    4.1999999999999997676e-05    2.3000000000000000018e-05    9.6000000000000002432e-05    3    79    80    90    0    0    247    251    264    
94    4.6999999999999997238e-05    6.2999999999999999902e-05    9.6000000000000002432e-05    2    88    89    0    0    259    262    
95    9.6999999999999999634e-05    9.7999999999999996836e-05    9.6000000000000002432e-05    2    0    75    0    1    42    243    
