240    0.00014999999999999998686    0.00014999999999999998686    0.00014999999999999998686
1    0.00014300000000000000645    0.00014199999999999998214    0    0    0    0    
2    9.9999999999999995475e-07    5.0999999999999999598e-05    9.9999999999999995475e-07    1    -1    1    0    1    
3    0.00014999999999999998686    0.00011600000000000000068    1.9999999999999999095e-06    2    0    15    0    1    51    105    
4    0.00010699999999999999876    0.00014199999999999998214    3.000000000000000076e-06    3    15    26    38    0    0    106    107    108    
5    9.9999999999999995475e-07    9.999999999999999124e-06    3.999999999999999819e-06    1    -1    1    0    2    
6    0.00011600000000000000068    3.6000000000000000912e-05    3.999999999999999819e-06    4    27    27    40    40    0    0    109    110    111    112    
7    5.3000000000000000778e-05    0.00011899999999999999229    3.999999999999999819e-06    2    16    52    0    0    113    114    
8    0.00012199999999999999744    4.999999999999999562e-06    4.999999999999999562e-06    1    12    0    0    115    
9    4.1999999999999997676e-05    6.2999999999999999902e-05    4.999999999999999562e-06    3    20    25    30    0    0    116    117    118    
10    0.00014599999999999999805    9.999999999999999124e-06    6.000000000000000152e-06    3    0    27    50    0    1    52    119    120    
11    3.2999999999999995754e-05    9.4999999999999991678e-05    6.000000000000000152e-06    5    14    17    36    54    54    0    0    121    122    123    124    125    
12    0.00010100000000000000199    1.29999999999999992e-05    6.999999999999999895e-06    5    8    35    43    43    55    0    0    115    126    127    128    129    
13    7.099999999999999107e-05    3.6999999999999998114e-05    6.999999999999999895e-06    4    25    32    32    48    0    0    130    131    132    133    
14    9.999999999999999124e-06    7.9999999999999992992e-05    6.999999999999999895e-06    6    -1    11    17    23    51    54    1    0    3    121    134    135    136    137    
15    0.00011600000000000000068    0.00010999999999999999036    6.999999999999999895e-06    14    0    0    3    4    21    26    28    29    34    37    38    44    78    78    0    1    53    54    105    106    138    139    140    141    142    143    144    145    146    147    
16    5.6999999999999996362e-05    0.00013899999999999999053    6.999999999999999895e-06    7    7    24    38    46    52    52    53    0    0    113    148    149    150    151    152    153    
17    6.000000000000000152e-06    9.999999999999999124e-05    7.999999999999999638e-06    3    -1    11    14    1    0    4    122    134    
18    2.900000000000000017e-05    6.999999999999999895e-06    9.000000000000000228e-06    3    32    41    47    0    0    154    155    156    
19    0.00012799999999999999421    7.2000000000000001824e-05    9.999999999999999124e-06    3    21    21    34    0    0    157    158    159    
20    6.4999999999999994306e-05    7.7000000000000001386e-05    9.999999999999999124e-06    5    9    28    45    52    54    0    0    116    160    161    162    163    
21    0.00011799999999999999508    9.4999999999999991678e-05    9.999999999999999124e-06    6    15    19    19    28    37    40    0    0    138    157    158    164    165    166    
22    1.0999999999999999714e-05    0.00013300000000000000732    1.0999999999999999714e-05    3    -1    36    59    1    0    5    167    168    
23    1.399999999999999979e-05    5.0999999999999999598e-05    1.2000000000000000304e-05    6    -1    -1    14    30    41    79    1    0    6    7    135    169    170    171    
24    3.2999999999999995754e-05    0.00013999999999999998774    1.2000000000000000304e-05    2    16    46    0    0    148    172    
25    6.7999999999999999464e-05    5.399999999999999798e-05    1.29999999999999992e-05    7    9    13    30    30    40    45    48    0    0    117    130    173    174    175    176    177    
26    0.0001240000000000000054    0.00014500000000000000085    1.29999999999999992e-05    2    4    15    0    0    107    139    
27    0.00014099999999999998494    4.3999999999999998856e-05    1.399999999999999979e-05    12    0    6    6    10    34    40    40    43    50    56    80    80    0    1    55    109    110    119    178    179    180    181    182    183    184    185    
28    8.9999999999999992116e-05    0.00010600000000000000156    1.399999999999999979e-05    11    15    20    21    37    37    38    45    52    54    54    63    0    0    140    160    164    186    187    188    189    190    191    192    193    
29    0.00014300000000000000645    0.00012999999999999998861    1.399999999999999979e-05    3    0    15    49    0    1    56    141    194    
30    3.2999999999999995754e-05    4.1999999999999997676e-05    1.5999999999999999276e-05    9    9    23    25    25    32    41    54    62    79    0    0    118    169    173    174    195    196    197    198    199    
31    2.59999999999999984e-05    2.900000000000000017e-05    1.8000000000000000456e-05    0    0    0    
32    4.2999999999999994878e-05    3.100000000000000135e-05    2.1999999999999999428e-05    10    13    13    18    30    42    42    48    55    61    79    0    0    131    132    154    195    200    201    202    203    204    205    
33    5.9999999999999994744e-05    7.5999999999999990632e-05    2.1999999999999999428e-05    0    0    0    
34    0.00014400000000000000365    8.0999999999999990194e-05    2.1999999999999999428e-05    6    0    0    0    15    19    27    0    1    57    58    59    142    159    178    
35    9.2000000000000000072e-05    9.9999999999999995475e-07    2.3000000000000000018e-05    2    12    55    0    0    126    206    
36    2.4000000000000000608e-05    0.00012199999999999999744    2.3000000000000000018e-05    8    11    22    52    52    59    66    66    92    0    0    123    167    207    208    209    210    211    212    
37    0.00010899999999999999316    0.0001029999999999999964    2.499999999999999781e-05    10    15    21    28    28    40    40    57    57    63    64    0    0    143    165    186    187    213    214    215    216    217    218    
38    8.9999999999999992116e-05    0.00013500000000000000173    2.499999999999999781e-05    11    4    15    16    28    44    52    52    53    53    75    75    0    0    108    144    149    188    219    220    221    222    223    224    225    
39    5.8999999999999997542e-05    4.999999999999999562e-06    2.59999999999999984e-05    5    42    47    47    55    82    0    0    226    227    228    229    230    
40    9.7999999999999996836e-05    6.20000000000000027e-05    2.59999999999999984e-05    15    6    6    21    25    27    27    37    37    43    45    56    57    63    72    72    0    0    111    112    166    175    179    180    213    214    231    232    233    234    235    236    237    
41    9.000000000000000228e-06    1.0999999999999999714e-05    2.699999999999999899e-05    7    -1    -1    18    23    30    60    79    1    0    8    9    155    170    196    238    239    
42    4.6000000000000000036e-05    2.3000000000000000018e-05    2.699999999999999899e-05    6    32    32    39    47    61    61    0    0    200    201    226    240    241    242    
43    0.0001019999999999999992    3.2999999999999995754e-05    2.799999999999999958e-05    7    12    12    27    40    48    55    85    0    0    127    128    181    231    243    244    245    
44    0.00011199999999999999832    0.00013099999999999998581    2.900000000000000017e-05    2    15    38    0    0    145    219    
45    7.499999999999999343e-05    6.8999999999999996666e-05    3.100000000000000135e-05    8    20    25    28    40    48    57    62    69    0    0    161    176    189    232    246    247    248    249    
46    3.9999999999999996496e-05    0.00014599999999999999805    3.100000000000000135e-05    4    16    24    53    89    0    0    150    172    250    251    
47    4.1999999999999997676e-05    6.999999999999999895e-06    3.1999999999999998552e-05    5    18    39    39    42    82    0    0    156    227    228    240    252    
48    7.2999999999999999026e-05    4.2999999999999994878e-05    3.1999999999999998552e-05    10    13    25    32    43    45    55    57    61    85    86    0    0    133    177    202    243    246    253    254    255    256    257    
49    0.00013999999999999998774    0.00014400000000000000365    3.1999999999999998552e-05    9    0    29    74    74    74    74    74    75    78    0    1    60    194    258    259    260    261    262    263    264    
50    0.00013799999999999999333    6.000000000000000152e-06    3.4999999999999996934e-05    5    0    10    27    76    76    0    1    61    120    182    265    266    
51    1.5999999999999999276e-05    9.6999999999999999634e-05    3.6000000000000000912e-05    6    -1    14    52    54    65    66    1    0    10    136    267    268    269    270    
52    5.3000000000000000778e-05    0.00011799999999999999508    3.6000000000000000912e-05    30    7    16    16    20    28    36    36    38    38    51    53    54    54    65    66    66    77    77    89    96    97    97    97    103    109    109    109    113    118    130    0    0    114    151    152    162    190    207    208    220    221    267    271    272    273    274    275    276    277    278    279    280    281    282    283    284    285    286    287    288    289    290    
53    5.8999999999999997542e-05    0.00014500000000000000085    3.6000000000000000912e-05    5    16    38    38    46    52    0    0    153    222    223    250    271    
54    3.6000000000000000912e-05    7.899999999999999579e-05    3.6999999999999998114e-05    14    11    11    14    20    28    28    30    51    52    52    62    65    69    79    0    0    124    125    137    163    191    192    197    268    272    273    291    292    293    294    
55    7.7999999999999998588e-05    1.5999999999999999276e-05    3.7999999999999995316e-05    14    12    32    35    39    43    48    61    82    85    85    86    95    98    98    0    0    129    203    206    229    244    253    295    296    297    298    299    300    301    302    
56    0.00013099999999999998581    3.6000000000000000912e-05    3.8999999999999999294e-05    8    0    27    40    76    76    80    85    99    0    1    62    183    233    303    304    305    306    307    
57    8.5999999999999989756e-05    6.3999999999999997104e-05    3.8999999999999999294e-05    11    37    37    40    45    48    63    70    84    86    107    107    0    0    215    216    234    247    254    308    309    310    311    312    313    
58    0.00014699999999999999525    0.00010100000000000000199    3.8999999999999999294e-05    2    0    78    0    1    63    314    
59    1.29999999999999992e-05    0.00013999999999999998774    3.8999999999999999294e-05    5    -1    22    36    89    92    1    0    11    168    209    315    316    
60    9.9999999999999995475e-07    9.9999999999999995475e-07    4.1000000000000000474e-05    2    -1    41    1    0    12    238    
61    5.9999999999999994744e-05    2.59999999999999984e-05    4.1000000000000000474e-05    7    32    42    42    48    55    98    129    0    0    204    241    242    255    295    317    318    
62    4.3999999999999998856e-05    5.599999999999999916e-05    4.1999999999999997676e-05    6    30    45    54    69    79    79    0    0    198    248    291    319    320    321    
63    8.5999999999999989756e-05    9.0999999999999989318e-05    4.2999999999999994878e-05    11    28    37    40    57    64    70    77    77    77    77    100    0    0    193    217    235    308    322    323    324    325    326    327    328    
64    0.0001259999999999999998    9.2000000000000000072e-05    4.2999999999999994878e-05    5    37    63    72    77    78    0    0    218    322    329    330    331    
65    2.1999999999999999428e-05    8.3999999999999995352e-05    4.4999999999999996058e-05    9    -1    51    52    54    66    67    88    100    100    1    0    13    269    274    292    332    333    334    335    336    
66    9.000000000000000228e-06    0.00010999999999999999036    4.4999999999999996058e-05    11    -1    -1    36    36    51    52    52    65    96    96    101    1    0    14    15    210    211    270    275    276    332    337    338    339    
67    4.999999999999999562e-06    7.499999999999999343e-05    4.6000000000000000036e-05    4    -1    65    79    88    1    0    16    333    340    341    
68    8.5999999999999989756e-05    0.00012299999999999998109    4.6000000000000000036e-05    0    0    0    
69    4.8000000000000001216e-05    6.20000000000000027e-05    4.6999999999999997238e-05    3    45    54    62    0    0    249    293    319    
70    6.9999999999999993868e-05    8.5999999999999989756e-05    4.6999999999999997238e-05    4    57    63    100    100    0    0    309    323    342    343    
71    8.5999999999999989756e-05    0.00012199999999999999744    4.6999999999999997238e-05    0    0    0    
72    0.00011399999999999999272    7.099999999999999107e-05    4.8000000000000001216e-05    5    40    40    64    80    84    0    0    236    237    329    344    345    
73    0.0001039999999999999936    0.00012699999999999999701    4.8000000000000001216e-05    3    75    77    77    0    0    346    347    348    
74    0.00014400000000000000365    0.00013300000000000000732    4.999999999999999562e-05    11    0    49    49    49    49    49    78    78    103    106    106    0    1    64    258    259    260    261    262    349    350    351    352    353    
75    0.00010600000000000000156    0.00013799999999999999333    4.999999999999999562e-05    6    38    38    49    73    103    103    0    0    224    225    263    346    354    355    
76    0.00012199999999999999744    1.2000000000000000304e-05    5.0999999999999999598e-05    13    0    50    50    56    56    85    85    85    94    99    104    122    122    0    1    65    265    266    303    304    356    357    358    359    360    361    362    363    
77    8.9999999999999992116e-05    0.00011199999999999999832    5.0999999999999999598e-05    14    52    52    63    63    63    63    64    73    73    78    78    78    103    109    0    0    277    278    324    325    326    327    330    347    348    364    365    366    367    368    
78    0.00012999999999999998861    0.00011600000000000000068    5.0999999999999999598e-05    15    0    0    15    15    49    58    64    74    74    77    77    77    103    109    124    0    1    66    67    146    147    264    314    331    349    350    364    365    366    369    370    371    
79    1.399999999999999979e-05    3.6999999999999998114e-05    5.19999999999999968e-05    19    -1    -1    -1    23    30    32    41    54    62    62    67    82    82    88    114    114    129    129    146    1    0    17    18    19    171    199    205    239    294    320    321    340    372    373    374    375    376    377    378    379    
80    0.00012999999999999998861    6.4999999999999994306e-05    5.19999999999999968e-05    11    0    0    0    0    27    27    56    72    85    123    123    0    1    68    69    70    71    184    185    305    344    380    381    382    
81    0.00014999999999999998686    8.0999999999999990194e-05    5.19999999999999968e-05    1    0    0    1    72    
82    2.799999999999999958e-05    6.999999999999999895e-06    5.3000000000000000778e-05    9    39    47    55    79    79    98    110    129    129    0    0    230    252    296    372    373    383    384    385    386    
83    0.00014899999999999998966    8.9999999999999992116e-05    5.399999999999999798e-05    1    0    0    1    73    
84    0.0001029999999999999964    7.2999999999999999026e-05    5.599999999999999916e-05    4    57    72    85    107    0    0    310    345    387    388    
85    0.0001019999999999999992    3.6999999999999998114e-05    5.6999999999999996362e-05    18    43    48    55    55    56    76    76    76    80    84    86    95    104    122    123    126    133    150    0    0    245    256    297    298    306    356    357    358    380    387    389    390    391    392    393    394    395    396    
86    7.3999999999999996228e-05    4.8999999999999998418e-05    5.6999999999999996362e-05    8    48    55    57    85    107    112    126    129    0    0    257    299    311    389    397    398    399    400    
87    4.2999999999999994878e-05    6.7999999999999999464e-05    5.6999999999999996362e-05    1    100    0    0    401    
88    1.6999999999999999866e-05    7.499999999999999343e-05    5.8999999999999997542e-05    9    -1    65    67    79    90    100    101    101    114    1    0    20    334    341    374    402    403    404    405    406    
89    3.1999999999999998552e-05    0.00014199999999999998214    5.9999999999999994744e-05    9    46    52    59    92    92    97    121    125    138    0    0    251    279    315    407    408    409    410    411    412    
90    4.2999999999999994878e-05    5.4999999999999995182e-05    6.0999999999999998722e-05    4    88    102    129    134    0    0    402    413    414    415    
91    0.00014999999999999998686    9.6000000000000002432e-05    6.0999999999999998722e-05    1    0    0    1    74    
92    3.999999999999999819e-06    0.00014199999999999998214    6.0999999999999998722e-05    6    -1    36    59    89    89    125    1    0    21    212    316    407    408    416    
93    0.00012899999999999999141    9.4999999999999991678e-05    6.2999999999999999902e-05    1    111    0    0    417    
94    0.00014599999999999999805    4.999999999999999562e-06    6.4999999999999994306e-05    4    0    76    122    127    0    1    75    359    418    419    
95    8.4999999999999992554e-05    2.59999999999999984e-05    6.4999999999999994306e-05    5    55    85    119    122    126    0    0    300    390    420    421    422    
96    2.59999999999999984e-05    0.00010899999999999999316    6.4999999999999994306e-05    5    52    66    66    113    125    0    0    280    337    338    423    424    
97    6.20000000000000027e-05    0.00013500000000000000173    6.4999999999999994306e-05    9    52    52    52    89    113    113    118    121    130    0    0    281    282    283    409    425    426    427    428    429    
98    6.5999999999999991508e-05    1.0999999999999999714e-05    6.5999999999999991508e-05    10    55    55    61    82    102    119    122    129    129    129    0    0    301    302    317    383    430    431    432    433    434    435    
99    0.00014599999999999999805    3.7999999999999995316e-05    6.5999999999999991508e-05    4    0    56    76    123    0    1    76    307    360    436    
100    5.800000000000000034e-05    8.299999999999999815e-05    6.7000000000000002262e-05    14    63    65    65    70    70    87    88    108    108    109    115    115    134    134    0    0    328    335    336    342    343    401    403    437    438    439    440    441    442    443    
101    6.000000000000000152e-06    9.6000000000000002432e-05    6.7999999999999999464e-05    4    -1    66    88    88    1    0    22    339    404    405    
102    5.4999999999999995182e-05    3.6999999999999998114e-05    6.8999999999999996666e-05    4    90    98    129    129    0    0    413    430    444    445    
103    0.00010899999999999999316    0.00012899999999999999141    6.8999999999999996666e-05    10    52    74    75    75    77    78    118    142    163    163    0    0    284    351    354    355    367    369    446    447    448    449    
104    0.00012799999999999999421    3.6000000000000000912e-05    6.9999999999999993868e-05    5    76    85    122    123    123    0    0    361    391    450    451    452    
105    9.9999999999999995475e-07    0.00012299999999999998109    6.9999999999999993868e-05    1    -1    1    0    23    
106    0.00014500000000000000085    0.00014400000000000000365    7.099999999999999107e-05    3    0    74    74    0    1    77    352    353    
107    9.0999999999999989318e-05    6.4999999999999994306e-05    7.2000000000000001824e-05    7    57    57    84    86    126    134    153    0    0    312    313    388    397    453    454    455    
108    2.799999999999999958e-05    9.4999999999999991678e-05    7.2000000000000001824e-05    3    100    100    115    0    0    437    438    456    
109    8.9999999999999992116e-05    9.6999999999999999634e-05    7.2000000000000001824e-05    11    52    52    52    77    78    100    131    134    136    153    154    0    0    285    286    287    368    370    439    457    458    459    460    461    
110    3.999999999999999819e-06    3.999999999999999819e-06    7.2999999999999999026e-05    3    -1    82    148    1    0    24    384    462    
111    0.00014199999999999998214    9.999999999999999124e-05    7.2999999999999999026e-05    3    93    120    139    0    0    417    463    464    
112    6.20000000000000027e-05    4.8999999999999998418e-05    7.499999999999999343e-05    4    86    129    129    134    0    0    398    465    466    467    
113    3.7999999999999995316e-05    0.00010999999999999999036    7.5999999999999990632e-05    6    52    96    97    97    115    121    0    0    288    423    425    426    468    469    
114    9.000000000000000228e-06    6.7999999999999999464e-05    7.7999999999999998588e-05    5    -1    79    79    88    147    1    0    25    375    376    406    470    
115    5.0999999999999999598e-05    9.999999999999999124e-05    7.899999999999999579e-05    7    100    100    108    113    135    135    144    0    0    440    441    456    468    471    472    473    
116    0.00014999999999999998686    0.00012100000000000000024    7.899999999999999579e-05    1    0    0    1    78    
117    0.00014999999999999998686    0.00012999999999999998861    7.899999999999999579e-05    1    0    0    1    79    
118    8.2000000000000000948e-05    0.00013899999999999999053    7.899999999999999579e-05    6    52    97    103    130    157    163    0    0    289    427    446    474    475    476    
119    8.7999999999999997712e-05    1.2000000000000000304e-05    7.9999999999999992992e-05    6    95    98    122    122    143    190    0    0    420    431    477    478    479    480    
120    0.00013599999999999999893    8.2000000000000000948e-05    7.9999999999999992992e-05    2    111    123    0    0    463    481    
121    3.6000000000000000912e-05    0.00012799999999999999421    7.9999999999999992992e-05    9    89    97    113    125    140    145    145    145    155    0    0    410    428    469    482    483    484    485    486    487    
122    0.0001039999999999999936    1.8999999999999997658e-05    8.0999999999999990194e-05    18    76    76    85    94    95    98    104    119    119    127    127    150    164    164    164    165    180    190    0    0    362    363    392    418    421    432    450    477    478    488    489    490    491    492    493    494    495    496    
123    0.00014400000000000000365    6.0999999999999998722e-05    8.0999999999999990194e-05    13    0    80    80    85    99    104    104    120    126    127    152    152    162    0    1    80    381    382    393    436    451    452    481    497    498    499    500    501    
124    0.0001019999999999999992    0.00010999999999999999036    8.0999999999999990194e-05    2    78    131    0    0    371    502    
125    1.0999999999999999714e-05    0.00012999999999999998861    8.0999999999999990194e-05    12    -1    -1    -1    -1    -1    89    92    96    121    132    141    155    1    0    26    27    28    29    30    411    416    424    482    503    504    505    
126    7.7999999999999998588e-05    4.1000000000000000474e-05    8.2000000000000000948e-05    15    85    86    95    107    123    129    129    129    134    150    150    158    158    159    188    0    0    394    399    422    453    497    506    507    508    509    510    511    512    513    514    515    
127    0.00014199999999999998214    1.8999999999999997658e-05    8.299999999999999815e-05    9    0    0    0    94    122    122    123    165    165    0    1    81    82    83    419    488    489    498    516    517    
128    3.2999999999999995754e-05    6.0999999999999998722e-05    8.3999999999999995352e-05    3    129    134    147    0    0    518    519    520    
129    3.6000000000000000912e-05    3.100000000000000135e-05    8.4999999999999992554e-05    29    61    79    79    82    82    86    90    98    98    98    102    102    112    112    126    126    126    128    134    134    143    147    147    148    159    159    161    172    208    0    0    318    377    378    385    386    400    414    433    434    435    444    445    465    466    506    507    508    518    521    522    523    524    525    526    527    528    529    530    531    
130    6.20000000000000027e-05    0.00014099999999999998494    8.4999999999999992554e-05    6    52    97    118    138    140    157    0    0    290    429    474    532    533    534    
131    8.5999999999999989756e-05    0.00010999999999999999036    8.5999999999999989756e-05    3    109    124    163    0    0    457    502    535    
132    9.000000000000000228e-06    0.00014300000000000000645    8.5999999999999989756e-05    4    -1    125    138    141    1    0    31    503    536    537    
133    0.00011100000000000000112    4.2999999999999994878e-05    8.700000000000000051e-05    2    85    150    0    0    395    538    
134    5.4999999999999995182e-05    6.7000000000000002262e-05    8.700000000000000051e-05    19    90    100    100    107    109    112    126    128    129    129    135    136    137    147    158    159    173    181    194    0    0    415    442    443    454    458    467    509    519    521    522    539    540    541    542    543    544    545    546    547    
135    4.3999999999999998856e-05    8.7999999999999997712e-05    8.8999999999999994914e-05    4    115    115    134    147    0    0    471    472    539    548    
136    8.8999999999999994914e-05    8.2000000000000000948e-05    9.0999999999999989318e-05    8    109    134    153    153    153    154    170    181    0    0    459    540    549    550    551    552    553    554    
137    7.499999999999999343e-05    9.4999999999999991678e-05    9.2000000000000000072e-05    2    134    144    0    0    541    555    
138    2.900000000000000017e-05    0.00014400000000000000365    9.2999999999999997274e-05    7    89    130    132    141    145    175    179    0    0    412    532    536    556    557    558    559    
139    0.00012999999999999998861    0.00011399999999999999272    9.4999999999999991678e-05    9    0    111    142    142    149    154    154    156    200    0    1    84    464    560    561    562    563    564    565    566    
140    4.8000000000000001216e-05    0.00012699999999999999701    9.4999999999999991678e-05    4    121    130    144    145    0    0    483    533    567    568    
141    9.000000000000000228e-06    0.00014300000000000000645    9.6000000000000002432e-05    8    -1    125    132    138    145    155    175    175    1    0    32    504    537    556    569    570    571    572    
142    0.0001240000000000000054    0.00014599999999999999805    9.6000000000000002432e-05    6    0    103    139    139    176    176    0    1    85    447    560    561    573    574    
143    6.4999999999999994306e-05    1.29999999999999992e-05    9.6999999999999999634e-05    3    119    129    159    0    0    479    523    575    
144    5.399999999999999798e-05    0.00010799999999999999596    9.6999999999999999634e-05    7    115    137    140    147    169    181    185    0    0    473    555    567    576    577    578    579    
145    2.799999999999999958e-05    0.00012799999999999999421    9.7999999999999996836e-05    8    121    121    121    138    140    141    155    155    0    0    484    485    486    557    568    569    580    581    
146    4.999999999999999562e-06    3.2999999999999995754e-05    9.8999999999999994038e-05    4    -1    -1    79    161    1    0    33    34    379    582    
147    2.499999999999999781e-05    7.7999999999999998588e-05    9.8999999999999994038e-05    12    114    128    129    129    134    135    144    155    166    168    178    182    0    0    470    520    524    525    542    548    576    583    584    585    586    587    
148    2.3000000000000000018e-05    6.000000000000000152e-06    9.999999999999999124e-05    5    110    129    172    172    212    0    0    462    526    588    589    590    
149    0.00014199999999999998214    9.2999999999999997274e-05    0.00010100000000000000199    4    0    139    153    162    0    1    86    562    591    592    
150    0.0001039999999999999936    3.1999999999999998552e-05    0.0001019999999999999992    11    85    122    126    126    133    165    180    180    187    188    188    0    0    396    490    510    511    538    593    594    595    596    597    598    
151    0.00014599999999999999805    3.3999999999999999732e-05    0.0001019999999999999992    0    0    0    
152    0.00012799999999999999421    6.0999999999999998722e-05    0.0001019999999999999992    6    123    123    153    162    171    174    0    0    499    500    599    600    601    602    
153    0.0001029999999999999964    6.8999999999999996666e-05    0.0001019999999999999992    10    107    109    136    136    136    149    152    154    184    188    0    0    455    460    549    550    551    591    599    603    604    605    
154    0.00010999999999999999036    9.3999999999999994476e-05    0.0001019999999999999992    8    109    136    139    139    153    156    163    196    0    0    461    552    563    564    603    606    607    608    
155    1.2000000000000000304e-05    0.00010100000000000000199    0.0001019999999999999992    13    -1    121    125    141    145    145    147    168    178    182    183    198    215    1    0    35    487    505    570    580    581    583    609    610    611    612    613    614    
156    0.00011899999999999999229    0.00011999999999999998949    0.0001019999999999999992    4    139    154    163    205    0    0    565    606    615    616    
157    7.2999999999999999026e-05    0.00013699999999999999613    0.0001019999999999999992    6    118    130    163    179    179    185    0    0    475    534    617    618    619    620    
158    7.7999999999999998588e-05    4.6999999999999997238e-05    0.0001029999999999999964    4    126    126    134    159    0    0    512    513    543    621    
159    6.4999999999999994306e-05    2.4000000000000000608e-05    0.0001049999999999999908    8    126    129    129    134    143    158    172    180    0    0    514    527    528    544    575    621    622    623    
160    0.00014899999999999998966    3.6000000000000000912e-05    0.00010600000000000000156    1    0    0    1    87    
161    9.000000000000000228e-06    4.3999999999999998856e-05    0.00010600000000000000156    6    -1    -1    129    146    166    208    1    0    36    37    529    582    624    625    
162    0.00013999999999999998774    7.7000000000000001386e-05    0.00010600000000000000156    8    0    0    123    149    152    174    196    201    0    1    88    89    501    592    600    626    627    628    
163    9.8999999999999994038e-05    0.00012899999999999999141    0.00010600000000000000156    10    103    103    118    131    154    156    157    177    179    185    0    0    448    449    476    535    607    615    617    629    630    631    
164    0.00011799999999999999508    1.0999999999999999714e-05    0.00010799999999999999596    5    122    122    122    165    187    0    0    491    492    493    632    633    
165    0.00013500000000000000173    2.1999999999999999428e-05    0.00010799999999999999596    12    0    0    122    127    127    150    164    171    174    213    213    217    0    1    90    91    494    516    517    593    632    634    635    636    637    638    
166    1.399999999999999979e-05    6.7000000000000002262e-05    0.00010799999999999999596    4    147    161    168    186    0    0    584    624    639    640    
167    4.1000000000000000474e-05    9.4999999999999991678e-05    0.00010799999999999999596    0    0    0    
168    4.999999999999999562e-06    7.899999999999999579e-05    0.00010999999999999999036    6    -1    147    155    166    182    186    1    0    38    585    609    639    641    642    
169    5.8999999999999997542e-05    9.6000000000000002432e-05    0.00011199999999999999832    4    144    178    185    185    0    0    577    643    644    645    
170    7.3999999999999996228e-05    0.0001039999999999999936    0.00011199999999999999832    3    136    185    197    0    0    553    646    647    
171    0.00012699999999999999701    4.3999999999999998856e-05    0.00011299999999999999552    6    152    165    174    188    199    199    0    0    601    634    648    649    650    651    
172    5.19999999999999968e-05    2.900000000000000017e-05    0.00011399999999999999272    17    129    148    148    159    173    180    191    191    208    208    210    212    221    221    227    228    229    0    0    530    588    589    622    652    653    654    655    656    657    658    659    660    661    662    663    664    
173    4.8000000000000001216e-05    6.20000000000000027e-05    0.00011499999999999998993    4    134    172    178    194    0    0    545    652    665    666    
174    0.00013699999999999999613    6.2999999999999999902e-05    0.00011499999999999998993    8    0    0    152    162    165    171    195    196    0    1    92    93    602    626    635    648    667    668    
175    2.799999999999999958e-05    0.00014099999999999998494    0.00011499999999999998993    6    138    141    141    179    183    198    0    0    558    571    572    669    670    671    
176    0.00014599999999999999805    0.00014300000000000000645    0.00011499999999999998993    5    0    142    142    200    205    0    1    94    573    574    672    673    
177    8.700000000000000051e-05    0.0001240000000000000054    0.00011600000000000000068    4    163    179    185    197    0    0    629    674    675    676    
178    4.6000000000000000036e-05    8.0999999999999990194e-05    0.00011699999999999999788    14    147    155    169    173    181    183    183    185    185    215    221    222    224    226    0    0    586    610    643    665    677    678    679    680    681    682    683    684    685    686    
179    7.7000000000000001386e-05    0.00013400000000000000452    0.00011699999999999999788    10    138    157    157    163    175    177    185    185    202    226    0    0    559    618    619    630    669    674    687    688    689    690    
180    7.9999999999999992992e-05    2.59999999999999984e-05    0.00011799999999999999508    10    122    150    150    159    172    187    188    190    207    210    0    0    495    594    595    623    653    691    692    693    694    695    
181    6.9999999999999993868e-05    7.899999999999999579e-05    0.00011799999999999999508    7    134    136    144    178    192    223    224    0    0    546    554    578    677    696    697    698    
182    6.000000000000000152e-06    8.4999999999999992554e-05    0.00011799999999999999508    5    -1    147    155    168    222    1    0    39    587    611    641    699    
183    3.6000000000000000912e-05    0.00012100000000000000024    0.00011899999999999999229    7    155    175    178    178    185    198    226    0    0    612    670    678    679    700    701    702    
184    0.00010100000000000000199    7.3999999999999996228e-05    0.00011999999999999998949    5    153    188    192    196    197    0    0    604    703    704    705    706    
185    5.4999999999999995182e-05    0.00011899999999999999229    0.00011999999999999998949    18    144    157    163    169    169    170    177    178    178    179    179    183    197    202    224    225    226    226    0    0    579    620    631    644    645    646    675    680    681    687    688    700    707    708    709    710    711    712    
186    4.999999999999999562e-06    6.3999999999999997104e-05    0.00012100000000000000024    6    -1    -1    166    168    208    208    1    0    40    41    640    642    713    714    
187    0.00010899999999999999316    1.29999999999999992e-05    0.00012199999999999999744    6    150    164    180    190    207    217    0    0    596    633    691    715    716    717    
188    0.0001039999999999999936    5.8999999999999997542e-05    0.00012199999999999999744    10    126    150    150    153    171    180    184    196    199    210    0    0    515    597    598    605    649    692    703    718    719    720    
189    0.0001029999999999999964    0.00014599999999999999805    0.00012199999999999999744    0    0    0    
190    8.0999999999999990194e-05    9.000000000000000228e-06    0.00012299999999999998109    6    119    122    180    187    191    219    0    0    480    496    693    715    721    722    
191    6.20000000000000027e-05    1.2000000000000000304e-05    0.00012299999999999998109    5    172    172    190    227    228    0    0    654    655    721    723    724    
192    8.3999999999999995352e-05    7.7000000000000001386e-05    0.00012299999999999998109    4    181    184    194    197    0    0    696    704    725    726    
193    0.00013799999999999999333    4.6999999999999997238e-05    0.0001250000000000000026    0    0    0    
194    6.4999999999999994306e-05    6.2999999999999999902e-05    0.00012699999999999999701    4    134    173    192    221    0    0    547    666    725    727    
195    0.00014599999999999999805    6.9999999999999993868e-05    0.00012799999999999999421    4    0    174    196    214    0    1    95    667    728    729    
196    0.00011999999999999998949    8.0999999999999990194e-05    0.00012799999999999999421    13    154    162    174    184    188    195    199    200    205    205    205    214    220    0    0    608    627    668    705    718    728    730    731    732    733    734    735    736    
197    9.999999999999999124e-05    0.0001039999999999999936    0.00012799999999999999421    8    170    177    184    185    192    205    220    232    0    0    647    676    706    707    726    737    738    739    
198    2.9999999999999997372e-05    0.00013099999999999998581    0.00012799999999999999421    6    155    175    183    209    215    226    0    0    613    671    701    740    741    742    
199    0.00011699999999999999788    5.8999999999999997542e-05    0.00012999999999999998861    6    171    171    188    196    213    220    0    0    650    651    719    730    743    744    
200    0.00014400000000000000365    0.00011199999999999999832    0.00012999999999999998861    7    0    139    176    196    201    205    205    0    1    96    566    672    731    745    746    747    
201    0.00014799999999999999246    8.9999999999999992116e-05    0.00013199999999999998302    4    0    162    200    236    0    1    97    628    745    748    
202    7.899999999999999579e-05    0.00014500000000000000085    0.00013199999999999998302    3    179    185    230    0    0    689    708    749    
203    0.00014999999999999998686    0    0.00013300000000000000732    1    0    0    1    98    
204    0.00013699999999999999613    3.8999999999999999294e-05    0.00013400000000000000452    0    0    0    
205    0.00012899999999999999141    0.00012799999999999999421    0.00013400000000000000452    11    0    156    176    196    196    196    197    200    200    232    232    0    1    99    616    673    732    733    734    737    746    747    750    751    
206    4.999999999999999562e-06    1.29999999999999992e-05    0.00013599999999999999893    5    -1    -1    208    208    233    1    0    42    43    752    753    754    
207    0.0001029999999999999964    1.9999999999999998248e-05    0.00013599999999999999893    6    180    187    210    217    219    234    0    0    694    716    755    756    757    758    
208    1.399999999999999979e-05    4.4999999999999996058e-05    0.00013599999999999999893    13    -1    -1    129    161    172    172    186    186    206    206    212    222    239    1    0    44    45    531    625    656    657    713    714    752    753    759    760    761    
209    7.999999999999999638e-06    0.00012799999999999999421    0.00013599999999999999893    6    -1    198    215    216    226    237    1    0    46    740    762    763    764    765    
210    9.4999999999999991678e-05    3.9999999999999996496e-05    0.00013699999999999999613    8    172    180    188    207    213    229    229    234    0    0    658    695    720    755    766    767    768    769    
211    9.0999999999999989318e-05    7.099999999999999107e-05    0.00013799999999999999333    0    0    0    
212    2.9999999999999997372e-05    2.3000000000000000018e-05    0.00013899999999999999053    5    148    172    208    228    239    0    0    590    659    759    770    771    
213    0.00013099999999999998581    2.799999999999999958e-05    0.00013899999999999999053    7    0    165    165    199    210    214    217    0    1    100    636    637    743    766    772    773    
214    0.00014400000000000000365    6.3999999999999997104e-05    0.00013899999999999999053    4    0    195    196    213    0    1    101    729    735    772    
215    1.8000000000000000456e-05    0.00010600000000000000156    0.00013899999999999999053    8    -1    155    178    198    209    222    226    231    1    0    47    614    682    741    762    774    775    776    
216    3.000000000000000076e-06    0.00014599999999999999805    0.00013899999999999999053    2    -1    209    1    0    48    763    
217    0.00012199999999999999744    6.999999999999999895e-06    0.00013999999999999998774    7    0    0    165    187    207    213    219    0    1    102    103    638    717    756    773    777    
218    8.700000000000000051e-05    0.00012299999999999998109    0.00013999999999999998774    2    225    232    0    0    778    779    
219    0.00010100000000000000199    3.000000000000000076e-06    0.00014099999999999998494    4    190    207    217    238    0    0    722    757    777    780    
220    0.00011399999999999999272    6.7999999999999999464e-05    0.00014099999999999998494    5    196    197    199    223    235    0    0    736    738    744    781    782    
221    5.19999999999999968e-05    5.599999999999999916e-05    0.00014199999999999998214    7    172    172    178    194    222    223    229    0    0    660    661    683    727    783    784    785    
222    9.000000000000000228e-06    8.0999999999999990194e-05    0.00014199999999999998214    7    -1    -1    178    182    208    215    221    1    0    49    50    684    699    760    774    783    
223    7.2000000000000001824e-05    8.2000000000000000948e-05    0.00014199999999999998214    7    181    220    221    224    229    229    235    0    0    697    781    784    786    787    788    789    
224    5.4999999999999995182e-05    9.0999999999999989318e-05    0.00014199999999999998214    4    178    181    185    223    0    0    685    698    709    786    
225    7.3999999999999996228e-05    0.00011799999999999999508    0.00014300000000000000645    3    185    218    230    0    0    710    778    790    
226    4.2999999999999994878e-05    0.00012100000000000000024    0.00014300000000000000645    10    178    179    183    185    185    198    209    215    230    230    0    0    686    690    702    711    712    742    764    775    791    792    
227    7.2000000000000001824e-05    7.999999999999999638e-06    0.00014400000000000000365    4    172    191    228    234    0    0    662    723    793    794    
228    5.399999999999999798e-05    1.4999999999999998686e-05    0.00014400000000000000365    5    172    191    212    227    233    0    0    663    724    770    793    795    
229    6.9999999999999993868e-05    4.999999999999999562e-05    0.00014400000000000000365    6    172    210    210    221    223    223    0    0    664    767    768    785    787    788    
230    6.9999999999999993868e-05    0.00013300000000000000732    0.00014400000000000000365    4    202    225    226    226    0    0    749    790    791    792    
231    3.3999999999999999732e-05    8.9999999999999992116e-05    0.00014500000000000000085    1    215    0    0    776    
232    0.0001049999999999999908    0.00011999999999999998949    0.00014500000000000000085    4    197    205    205    218    0    0    739    750    751    779    
233    2.799999999999999958e-05    3.000000000000000076e-06    0.00014599999999999999805    2    206    228    0    0    754    795    
234    9.2999999999999997274e-05    2.1999999999999999428e-05    0.00014599999999999999805    3    207    210    227    0    0    758    769    794    
235    9.7999999999999996836e-05    6.20000000000000027e-05    0.00014599999999999999805    2    220    223    0    0    782    789    
236    0.00014799999999999999246    9.8999999999999994038e-05    0.00014599999999999999805    2    0    201    0    1    104    748    
237    2.499999999999999781e-05    0.00014699999999999999525    0.00014699999999999999525    1    209    0    0    765    
238    9.0999999999999989318e-05    9.9999999999999995475e-07    0.00014799999999999999246    1    219    0    0    780    
239    2.799999999999999958e-05    2.900000000000000017e-05    0.00014799999999999999246    2    208    212    0    0    761    771    
240    4.1000000000000000474e-05    0.0001019999999999999992    0.00014799999999999999246    0    0    0    
