205    0.00014999999999999998686    0.00014999999999999998686    0.00014999999999999998686
1    3.100000000000000135e-05    0.00013999999999999998774    9.9999999999999995475e-07    1    -1    1    0    1    
2    3.000000000000000076e-06    8.700000000000000051e-05    3.000000000000000076e-06    1    -1    1    0    2    
3    0.00014099999999999998494    6.000000000000000152e-06    3.999999999999999819e-06    4    -1    -1    5    29    1    0    3    4    72    73    
4    8.3999999999999995352e-05    0.00011999999999999998949    3.999999999999999819e-06    5    -1    18    18    30    34    1    0    5    74    75    76    77    
5    0.0001240000000000000054    1.2000000000000000304e-05    4.999999999999999562e-06    4    -1    3    21    29    1    0    6    72    78    79    
6    4.1999999999999997676e-05    1.5999999999999999276e-05    4.999999999999999562e-06    8    -1    10    14    16    16    32    32    40    1    0    7    80    81    82    83    84    85    86    
7    3.999999999999999819e-06    2.59999999999999984e-05    4.999999999999999562e-06    3    -1    12    16    1    0    8    87    88    
8    0.00013300000000000000732    0.00011399999999999999272    4.999999999999999562e-06    3    -1    13    15    1    0    9    89    90    
9    4.999999999999999562e-06    0.00012100000000000000024    4.999999999999999562e-06    4    -1    17    24    43    1    0    10    91    92    93    
10    8.3999999999999995352e-05    3.6000000000000000912e-05    7.999999999999999638e-06    10    -1    -1    6    14    21    34    37    37    44    44    1    0    11    12    80    94    95    96    97    98    99    100    
11    0.00010100000000000000199    6.2999999999999999902e-05    7.999999999999999638e-06    8    -1    -1    21    21    26    26    33    34    1    0    13    14    101    102    103    104    105    106    
12    6.000000000000000152e-06    5.800000000000000034e-05    9.000000000000000228e-06    4    -1    7    14    14    1    0    15    87    107    108    
13    0.00014500000000000000085    9.2999999999999997274e-05    9.000000000000000228e-06    1    8    0    0    89    
14    4.6000000000000000036e-05    8.8999999999999994914e-05    1.0999999999999999714e-05    14    -1    -1    -1    6    10    12    12    17    34    36    41    42    42    53    1    0    16    17    18    81    94    107    108    109    110    111    112    113    114    115    
15    0.00011799999999999999508    0.00013300000000000000732    1.0999999999999999714e-05    7    -1    -1    8    18    19    38    61    1    0    19    20    90    116    117    118    119    
16    1.6999999999999999866e-05    1.8999999999999997658e-05    1.2000000000000000304e-05    7    -1    6    6    7    20    28    41    1    0    21    82    83    88    120    121    122    
17    3.2999999999999995754e-05    0.00010799999999999999596    1.2000000000000000304e-05    7    -1    9    14    27    36    43    43    1    0    22    91    109    123    124    125    126    
18    0.0001039999999999999936    0.00011199999999999999832    1.29999999999999992e-05    8    -1    4    4    15    31    34    34    38    1    0    23    74    75    116    127    128    129    130    
19    0.00014500000000000000085    0.00014500000000000000085    1.29999999999999992e-05    2    15    38    0    0    117    131    
20    9.999999999999999124e-06    6.999999999999999895e-06    1.399999999999999979e-05    5    -1    16    28    40    52    1    0    24    120    132    133    134    
21    0.0001049999999999999908    2.1999999999999999428e-05    1.399999999999999979e-05    11    -1    5    10    11    11    23    29    33    37    51    51    1    0    25    78    95    101    102    135    136    137    138    139    140    
22    5.8999999999999997542e-05    2.699999999999999899e-05    1.399999999999999979e-05    0    0    0    
23    0.00014099999999999998494    3.8999999999999999294e-05    1.399999999999999979e-05    5    -1    21    29    29    33    1    0    26    135    141    142    143    
24    1.399999999999999979e-05    0.00014500000000000000085    1.5999999999999999276e-05    3    9    27    43    0    0    92    144    145    
25    4.3999999999999998856e-05    1.9999999999999998248e-05    1.6999999999999999866e-05    0    0    0    
26    0.00013099999999999998581    6.4999999999999994306e-05    1.8999999999999997658e-05    9    -1    11    11    33    34    34    39    39    49    1    0    27    103    104    146    147    148    149    150    151    
27    5.19999999999999968e-05    0.00013500000000000000173    1.8999999999999997658e-05    7    -1    17    24    30    43    50    50    1    0    28    123    144    152    153    154    155    
28    6.000000000000000152e-06    2.1999999999999999428e-05    2.0999999999999998838e-05    3    16    20    48    0    0    121    132    156    
29    0.00013699999999999999613    2.499999999999999781e-05    2.0999999999999998838e-05    11    -1    -1    3    5    21    23    23    33    37    51    79    1    0    29    30    73    79    136    141    142    157    158    159    160    
30    7.3999999999999996228e-05    0.00011600000000000000068    2.0999999999999998838e-05    5    4    27    31    34    60    0    0    76    152    161    162    163    
31    8.700000000000000051e-05    0.00011999999999999998949    2.4000000000000000608e-05    5    18    30    38    57    60    0    0    127    161    164    165    166    
32    6.3999999999999997104e-05    3.999999999999999819e-06    2.499999999999999781e-05    5    6    6    40    44    54    0    0    84    85    167    168    169    
33    0.00012899999999999999141    5.3000000000000000778e-05    2.59999999999999984e-05    9    11    21    23    26    29    34    37    39    56    0    0    105    137    143    146    157    170    171    172    173    
34    9.0999999999999989318e-05    7.499999999999999343e-05    2.59999999999999984e-05    20    -1    4    10    11    14    18    18    26    26    30    33    38    38    56    57    57    59    60    62    62    1    0    31    77    96    106    110    128    129    147    148    162    170    174    175    176    177    178    179    180    181    182    
35    3.000000000000000076e-06    5.800000000000000034e-05    3.100000000000000135e-05    2    48    55    0    0    183    184    
36    2.1999999999999999428e-05    7.9999999999999992992e-05    3.100000000000000135e-05    11    14    17    42    42    42    55    55    55    58    58    67    0    0    111    124    185    186    187    188    189    190    191    192    193    
37    0.00010799999999999999596    2.9999999999999997372e-05    3.1999999999999998552e-05    8    10    10    21    29    33    51    56    74    0    0    97    98    138    158    171    194    195    196    
38    0.00013199999999999998302    0.00012699999999999999701    3.2999999999999995754e-05    16    15    18    19    31    34    34    57    59    59    59    61    62    77    84    84    84    0    0    118    130    131    164    174    175    197    198    199    200    201    202    203    204    205    206    
39    0.00013999999999999998774    5.4999999999999995182e-05    3.3999999999999999732e-05    5    26    26    33    65    75    0    0    149    150    172    207    208    
40    4.999999999999999562e-05    9.000000000000000228e-06    3.6000000000000000912e-05    5    6    20    32    41    66    0    0    86    133    167    209    210    
41    5.0999999999999999598e-05    1.9999999999999998248e-05    3.6000000000000000912e-05    5    14    16    40    47    52    0    0    112    122    209    211    212    
42    4.1000000000000000474e-05    7.099999999999999107e-05    3.6000000000000000912e-05    11    14    14    36    36    36    53    56    67    80    88    94    0    0    113    114    185    186    187    213    214    215    216    217    218    
43    2.0999999999999998838e-05    0.0001240000000000000054    3.6000000000000000912e-05    14    9    17    17    24    27    50    58    58    60    60    68    88    89    93    0    0    93    125    126    145    153    219    220    221    222    223    224    225    226    227    
44    7.2999999999999999026e-05    2.1999999999999999428e-05    3.6999999999999998114e-05    6    10    10    32    47    51    54    0    0    99    100    168    228    229    230    
45    6.2999999999999999902e-05    7.9999999999999992992e-05    3.6999999999999998114e-05    0    0    0    
46    1.9999999999999999095e-06    3.000000000000000076e-06    3.9999999999999996496e-05    0    0    0    
47    6.20000000000000027e-05    3.2999999999999995754e-05    3.9999999999999996496e-05    5    41    44    53    80    83    0    0    211    228    231    232    233    
48    3.999999999999999819e-06    4.2999999999999994878e-05    3.9999999999999996496e-05    6    28    35    52    52    64    97    0    0    156    183    234    235    236    237    
49    0.00013799999999999999333    8.4999999999999992554e-05    4.1000000000000000474e-05    5    26    59    59    59    85    0    0    151    238    239    240    241    
50    6.0999999999999998722e-05    0.00014300000000000000645    4.1000000000000000474e-05    5    27    27    43    72    93    0    0    154    155    219    242    243    
51    0.00010899999999999999316    1.29999999999999992e-05    4.2999999999999994878e-05    9    21    21    29    37    44    54    74    79    86    0    0    139    140    159    194    229    244    245    246    247    
52    1.399999999999999979e-05    1.8999999999999997658e-05    4.2999999999999994878e-05    6    20    41    48    48    64    66    0    0    134    212    234    235    248    249    
53    4.2999999999999994878e-05    5.0999999999999999598e-05    4.2999999999999994878e-05    5    14    42    47    55    83    0    0    115    213    231    250    251    
54    8.299999999999999815e-05    6.000000000000000152e-06    4.3999999999999998856e-05    9    32    44    51    74    78    78    78    107    133    0    0    169    230    244    252    253    254    255    256    257    
55    1.6999999999999999866e-05    5.8999999999999997542e-05    4.3999999999999998856e-05    11    35    36    36    36    53    64    67    67    81    81    103    0    0    184    188    189    190    250    258    259    260    261    262    263    
56    8.5999999999999989756e-05    6.5999999999999991508e-05    4.3999999999999998856e-05    11    33    34    37    42    74    75    80    90    94    94    98    0    0    173    176    195    214    264    265    266    267    268    269    270    
57    7.2000000000000001824e-05    9.3999999999999994476e-05    4.3999999999999998856e-05    6    31    34    34    38    60    98    0    0    165    177    178    197    271    272    
58    1.6999999999999999866e-05    9.3999999999999994476e-05    4.4999999999999996058e-05    8    36    36    43    43    67    88    88    88    0    0    191    192    220    221    273    274    275    276    
59    0.00012999999999999998861    9.8999999999999994038e-05    4.4999999999999996058e-05    11    34    38    38    38    49    49    49    62    84    85    85    0    0    179    198    199    200    238    239    240    277    278    279    280    
60    5.0999999999999999598e-05    0.00011600000000000000068    4.4999999999999996058e-05    11    30    31    34    43    43    57    72    88    89    89    89    0    0    163    166    180    222    223    271    281    282    283    284    285    
61    0.0001019999999999999992    0.00014199999999999998214    4.6999999999999997238e-05    5    15    38    71    77    100    0    0    119    201    286    287    288    
62    0.0001019999999999999992    9.2000000000000000072e-05    4.8999999999999998418e-05    6    34    34    38    59    71    90    0    0    181    182    202    277    289    290    
63    0    3.000000000000000076e-06    5.19999999999999968e-05    0    0    0    
64    1.4999999999999998686e-05    4.1000000000000000474e-05    5.19999999999999968e-05    4    48    52    55    66    0    0    236    248    258    291    
65    0.00014400000000000000365    5.4999999999999995182e-05    5.19999999999999968e-05    3    39    75    95    0    0    207    292    293    
66    2.0999999999999998838e-05    1.5999999999999999276e-05    5.3000000000000000778e-05    6    40    52    64    83    83    112    0    0    210    249    291    294    295    296    
67    2.499999999999999781e-05    8.2000000000000000948e-05    5.4999999999999995182e-05    8    36    42    55    55    58    88    103    118    0    0    193    215    259    260    273    297    298    299    
68    1.9999999999999999095e-06    0.00011699999999999999788    5.4999999999999995182e-05    1    43    0    0    224    
69    0.00014899999999999998966    0.00012100000000000000024    5.4999999999999995182e-05    0    0    0    
70    8.2000000000000000948e-05    0.00010699999999999999876    5.599999999999999916e-05    0    0    0    
71    8.9999999999999992116e-05    0.00012199999999999999744    5.599999999999999916e-05    3    61    62    89    0    0    286    289    300    
72    6.7000000000000002262e-05    0.00013500000000000000173    5.599999999999999916e-05    3    50    60    100    0    0    242    281    301    
73    8.0999999999999990194e-05    0.00010799999999999999596    5.6999999999999996362e-05    0    0    0    
74    9.2000000000000000072e-05    2.4000000000000000608e-05    5.800000000000000034e-05    6    37    51    54    56    80    107    0    0    196    245    252    264    302    303    
75    0.00012299999999999998109    3.6000000000000000912e-05    5.800000000000000034e-05    7    39    56    65    79    86    95    107    0    0    208    265    292    304    305    306    307    
76    8.2000000000000000948e-05    0.00010999999999999999036    5.8999999999999997542e-05    0    0    0    
77    0.00010899999999999999316    0.00014099999999999998494    5.8999999999999997542e-05    4    38    61    100    104    0    0    203    287    308    309    
78    6.5999999999999991508e-05    9.999999999999999124e-06    6.0999999999999998722e-05    6    54    54    54    86    91    133    0    0    253    254    255    310    311    312    
79    0.00014199999999999998214    1.0999999999999999714e-05    6.0999999999999998722e-05    7    29    51    75    86    95    108    108    0    0    160    246    304    313    314    315    316    
80    6.8999999999999996666e-05    4.4999999999999996058e-05    6.0999999999999998722e-05    7    42    47    56    74    83    91    101    0    0    216    232    266    302    317    318    319    
81    9.000000000000000228e-06    5.599999999999999916e-05    6.0999999999999998722e-05    4    55    55    103    103    0    0    261    262    320    321    
82    0.00014899999999999998966    6.9999999999999993868e-05    6.2999999999999999902e-05    0    0    0    
83    4.6999999999999997238e-05    2.699999999999999899e-05    6.3999999999999997104e-05    7    47    53    66    66    80    91    97    0    0    233    251    294    295    317    322    323    
84    0.00013799999999999999333    0.00012799999999999999421    6.3999999999999997104e-05    7    38    38    38    59    85    104    110    0    0    204    205    206    278    324    325    326    
85    0.00014300000000000000645    0.00010799999999999999596    6.4999999999999994306e-05    5    49    59    59    84    121    0    0    241    279    280    324    327    
86    0.00011600000000000000068    4.999999999999999562e-06    6.7000000000000002262e-05    7    51    75    78    79    107    107    108    0    0    247    305    310    313    328    329    330    
87    3.000000000000000076e-06    7.3999999999999996228e-05    6.7999999999999999464e-05    1    88    0    0    331    
88    1.8999999999999997658e-05    8.7999999999999997712e-05    6.7999999999999999464e-05    14    42    43    58    58    58    60    67    87    92    93    109    118    119    140    0    0    217    225    274    275    276    282    297    331    332    333    334    335    336    337    
89    6.7000000000000002262e-05    0.00011499999999999998993    6.7999999999999999464e-05    11    43    60    60    60    71    92    93    98    100    100    111    0    0    226    283    284    285    300    338    339    340    341    342    343    
90    0.0001029999999999999964    7.499999999999999343e-05    6.9999999999999993868e-05    5    56    62    96    105    106    0    0    267    290    344    345    346    
91    5.4999999999999995182e-05    2.1999999999999999428e-05    7.099999999999999107e-05    6    78    80    83    101    133    133    0    0    311    318    322    347    348    349    
92    4.3999999999999998856e-05    0.00011699999999999999788    7.099999999999999107e-05    4    88    89    93    102    0    0    332    338    350    351    
93    3.8999999999999999294e-05    0.00013099999999999998581    7.099999999999999107e-05    7    43    50    88    89    92    100    117    0    0    227    243    333    339    350    352    353    
94    5.399999999999999798e-05    6.8999999999999996666e-05    7.2000000000000001824e-05    5    42    56    56    99    115    0    0    218    268    269    354    355    
95    0.00013999999999999998774    3.3999999999999999732e-05    7.3999999999999996228e-05    12    65    75    79    105    105    106    108    108    123    123    130    137    0    0    293    306    314    356    357    358    359    360    361    362    363    364    
96    0.00010899999999999999316    9.2999999999999997274e-05    7.3999999999999996228e-05    3    90    98    121    0    0    344    365    366    
97    2.59999999999999984e-05    4.1000000000000000474e-05    7.5999999999999990632e-05    7    48    83    103    103    112    115    120    0    0    237    323    367    368    369    370    371    
98    8.0999999999999990194e-05    8.2000000000000000948e-05    7.7999999999999998588e-05    11    56    57    89    96    99    113    114    114    124    131    139    0    0    270    272    340    365    372    373    374    375    376    377    378    
99    6.7000000000000002262e-05    8.299999999999999815e-05    7.7999999999999998588e-05    2    94    98    0    0    354    372    
100    7.5999999999999990632e-05    0.00014300000000000000645    7.7999999999999998588e-05    7    61    72    77    89    89    93    111    0    0    288    301    308    341    342    352    379    
101    7.499999999999999343e-05    3.6000000000000000912e-05    7.899999999999999579e-05    4    80    91    107    114    0    0    319    347    380    381    
102    4.6999999999999997238e-05    9.7999999999999996836e-05    7.899999999999999579e-05    3    92    118    124    0    0    351    382    383    
103    1.29999999999999992e-05    5.399999999999999798e-05    7.9999999999999992992e-05    12    55    67    81    81    97    97    112    112    115    118    127    128    0    0    263    298    320    321    367    368    384    385    386    387    388    389    
104    0.00010899999999999999316    0.00014099999999999998494    7.9999999999999992992e-05    9    77    84    113    122    125    125    125    145    145    0    0    309    325    390    391    392    393    394    395    396    
105    0.00011399999999999999272    5.0999999999999999598e-05    8.0999999999999990194e-05    6    90    95    95    106    114    123    0    0    345    356    357    397    398    399    
106    0.00012299999999999998109    6.0999999999999998722e-05    8.0999999999999990194e-05    3    90    95    105    0    0    346    358    397    
107    9.8999999999999994038e-05    2.59999999999999984e-05    8.2000000000000000948e-05    10    54    74    75    86    86    101    123    133    133    151    0    0    256    303    307    328    329    380    400    401    402    403    
108    0.00013300000000000000732    1.399999999999999979e-05    8.299999999999999815e-05    7    79    79    86    95    95    137    137    0    0    315    316    330    359    360    404    405    
109    2.1999999999999999428e-05    0.00011299999999999999552    8.4999999999999992554e-05    3    88    119    140    0    0    334    406    407    
110    0.00013799999999999999333    0.0001250000000000000026    8.700000000000000051e-05    8    84    121    121    121    121    122    145    146    0    0    326    408    409    410    411    412    413    414    
111    7.7000000000000001386e-05    0.00013599999999999999893    8.700000000000000051e-05    4    89    100    113    180    0    0    343    379    415    416    
112    7.999999999999999638e-06    2.900000000000000017e-05    8.7999999999999997712e-05    6    66    97    103    103    128    128    0    0    296    369    384    385    417    418    
113    9.6000000000000002432e-05    0.00013400000000000000452    8.7999999999999997712e-05    9    98    104    111    125    132    139    139    145    156    0    0    373    390    415    419    420    421    422    423    424    
114    7.7999999999999998588e-05    6.4999999999999994306e-05    8.8999999999999994914e-05    11    98    98    101    105    115    123    129    144    148    151    151    0    0    374    375    381    398    425    426    427    428    429    430    431    
115    3.2999999999999995754e-05    7.2000000000000001824e-05    9.0999999999999989318e-05    11    94    97    103    114    118    128    129    150    151    153    155    0    0    355    370    386    425    432    433    434    435    436    437    438    
116    0    0.00014500000000000000085    9.0999999999999989318e-05    0    0    0    
117    3.6999999999999998114e-05    0.00013500000000000000173    9.2000000000000000072e-05    5    93    119    126    132    141    0    0    353    439    440    441    442    
118    2.59999999999999984e-05    8.9999999999999992116e-05    9.2999999999999997274e-05    9    67    88    102    103    115    129    140    150    153    0    0    299    335    382    387    432    443    444    445    446    
119    1.0999999999999999714e-05    0.0001259999999999999998    9.2999999999999997274e-05    6    88    109    117    126    140    140    0    0    336    406    439    447    448    449    
120    3.2999999999999995754e-05    3.1999999999999998552e-05    9.3999999999999994476e-05    7    97    128    133    138    151    151    161    0    0    371    450    451    452    453    454    455    
121    0.00013899999999999999053    9.6999999999999999634e-05    9.3999999999999994476e-05    9    85    96    110    110    110    110    142    146    149    0    0    327    366    408    409    410    411    456    457    458    
122    0.00014300000000000000645    0.00014199999999999998214    9.3999999999999994476e-05    4    104    110    145    145    0    0    391    412    459    460    
123    0.00011499999999999998993    2.9999999999999997372e-05    9.4999999999999991678e-05    10    95    95    105    107    114    130    137    144    152    171    0    0    361    362    399    400    426    461    462    463    464    465    
124    5.9999999999999994744e-05    0.00010899999999999999316    9.6000000000000002432e-05    6    98    102    129    132    139    150    0    0    376    383    466    467    468    469    
125    0.00011499999999999998993    0.00013500000000000000173    9.6000000000000002432e-05    7    104    104    104    113    145    146    156    0    0    392    393    394    419    470    471    472    
126    1.4999999999999998686e-05    0.00013899999999999999053    9.6000000000000002432e-05    6    117    119    140    140    141    143    0    0    440    447    473    474    475    476    
127    3.999999999999999819e-06    6.7000000000000002262e-05    9.7999999999999996836e-05    5    103    128    134    134    153    0    0    388    477    478    479    480    
128    1.8000000000000000456e-05    4.6999999999999997238e-05    9.8999999999999994038e-05    10    103    112    112    115    120    127    134    138    138    151    0    0    389    417    418    433    450    477    481    482    483    484    
129    5.19999999999999968e-05    8.3999999999999995352e-05    9.8999999999999994038e-05    6    114    115    118    124    148    155    0    0    427    434    443    466    485    486    
130    0.00013400000000000000452    5.6999999999999996362e-05    0.00010100000000000000199    4    95    123    136    170    0    0    363    461    487    488    
131    0.00010100000000000000199    9.6000000000000002432e-05    0.00010100000000000000199    3    98    139    154    0    0    377    489    490    
132    5.8999999999999997542e-05    0.00013300000000000000732    0.00010100000000000000199    6    113    117    124    139    141    180    0    0    420    441    467    491    492    493    
133    5.6999999999999996362e-05    6.999999999999999895e-06    0.0001039999999999999936    10    54    78    91    91    107    107    120    147    158    161    0    0    257    312    348    349    401    402    451    494    495    496    
134    3.999999999999999819e-06    5.19999999999999968e-05    0.0001049999999999999908    4    127    127    128    178    0    0    478    479    481    497    
135    0.00014699999999999999525    0    0.00010600000000000000156    0    0    0    
136    0.00014500000000000000085    6.0999999999999998722e-05    0.00010600000000000000156    3    130    167    170    0    0    487    498    499    
137    0.00012699999999999999701    1.399999999999999979e-05    0.00010699999999999999876    9    95    108    108    123    170    170    177    189    190    0    0    364    404    405    462    500    501    502    503    504    
138    1.0999999999999999714e-05    1.8999999999999997658e-05    0.00010699999999999999876    6    120    128    128    161    163    185    0    0    452    482    483    505    506    507    
139    7.899999999999999579e-05    0.00011499999999999998993    0.00010699999999999999876    9    98    113    113    124    131    132    150    156    168    0    0    378    421    422    468    489    491    508    509    510    
140    7.999999999999999638e-06    0.00012199999999999999744    0.00010699999999999999876    11    88    109    118    119    119    126    126    143    153    173    174    0    0    337    407    444    448    449    473    474    511    512    513    514    
141    4.4999999999999996058e-05    0.00014300000000000000645    0.00010699999999999999876    4    117    126    132    181    0    0    442    475    492    515    
142    0.00011899999999999999229    0.00010699999999999999876    0.00010899999999999999316    6    121    146    146    154    156    162    0    0    456    516    517    518    519    520    
143    6.000000000000000152e-06    0.00014199999999999998214    0.00010899999999999999316    3    126    140    181    0    0    476    511    521    
144    8.8999999999999994914e-05    5.4999999999999995182e-05    0.00010999999999999999036    6    114    123    151    152    159    160    0    0    428    463    522    523    524    525    
145    0.00014099999999999998494    0.00012699999999999999701    0.00010999999999999999036    16    104    104    110    113    122    122    125    146    146    149    156    162    168    180    180    187    0    0    395    396    413    423    459    460    470    526    527    528    529    530    531    532    533    534    
146    0.00012799999999999999421    0.00011699999999999999788    0.00011100000000000000112    10    110    121    125    142    142    145    145    156    162    162    0    0    414    457    471    516    517    526    527    535    536    537    
147    7.7000000000000001386e-05    3.000000000000000076e-06    0.00011199999999999999832    2    133    152    0    0    494    538    
148    7.2000000000000001824e-05    7.899999999999999579e-05    0.00011199999999999999832    6    114    129    155    157    160    172    0    0    429    485    539    540    541    542    
149    0.00014500000000000000085    9.4999999999999991678e-05    0.00011199999999999999832    3    121    145    167    0    0    458    528    543    
150    5.800000000000000034e-05    0.00010600000000000000156    0.00011399999999999999272    8    115    118    124    139    173    175    179    196    0    0    435    445    469    508    544    545    546    547    
151    6.0999999999999998722e-05    4.2999999999999994878e-05    0.00011499999999999998993    12    107    114    114    115    120    120    128    144    159    160    164    191    0    0    403    430    431    436    453    454    484    522    548    549    550    551    
152    8.700000000000000051e-05    2.4000000000000000608e-05    0.00011699999999999999788    5    123    144    147    159    171    0    0    464    523    538    552    553    
153    9.000000000000000228e-06    7.9999999999999992992e-05    0.00011699999999999999788    5    115    118    127    140    178    0    0    437    446    480    512    554    
154    0.00011100000000000000112    0.00010100000000000000199    0.00011699999999999999788    5    131    142    156    162    166    0    0    490    518    555    556    557    
155    4.6999999999999997238e-05    7.499999999999999343e-05    0.00011799999999999999508    4    115    129    148    172    0    0    438    486    539    558    
156    0.0001029999999999999964    0.00011199999999999999832    0.00011799999999999999508    11    113    125    139    142    145    146    154    162    168    179    179    0    0    424    472    509    519    529    535    555    559    560    561    562    
157    8.299999999999999815e-05    9.6000000000000002432e-05    0.00012100000000000000024    2    148    179    0    0    540    563    
158    6.20000000000000027e-05    6.000000000000000152e-06    0.00012299999999999998109    4    133    159    171    184    0    0    495    564    565    566    
159    6.7999999999999999464e-05    3.2999999999999995754e-05    0.00012299999999999998109    15    0    0    0    144    151    152    158    161    164    171    184    184    190    190    193    0    1    32    33    34    524    548    552    564    567    568    569    570    571    572    573    574    
160    7.5999999999999990632e-05    6.7999999999999999464e-05    0.00012299999999999998109    8    144    148    151    164    172    172    186    193    0    0    525    541    549    575    576    577    578    579    
161    3.6999999999999998114e-05    1.6999999999999999866e-05    0.0001240000000000000054    7    120    133    138    159    163    184    191    0    0    455    496    505    567    580    581    582    
162    0.00013500000000000000173    0.00010899999999999999316    0.0001250000000000000026    9    142    145    146    146    154    156    167    168    198    0    0    520    530    536    537    556    559    583    584    585    
163    6.000000000000000152e-06    6.000000000000000152e-06    0.0001259999999999999998    2    138    161    0    0    506    580    
164    5.0999999999999999598e-05    5.3000000000000000778e-05    0.0001259999999999999998    6    151    159    160    175    191    193    0    0    550    568    575    586    587    588    
165    1.9999999999999999095e-06    0.00013500000000000000173    0.0001259999999999999998    0    0    0    
166    0.00011499999999999998993    7.9999999999999992992e-05    0.00012799999999999999421    7    154    167    179    186    188    188    194    0    0    557    589    590    591    592    593    594    
167    0.00013799999999999999333    9.2999999999999997274e-05    0.00012799999999999999421    7    136    149    162    166    170    170    188    0    0    498    543    583    589    595    596    597    
168    9.8999999999999994038e-05    0.00011699999999999999788    0.00012899999999999999141    8    139    145    156    162    179    179    180    198    0    0    510    531    560    584    598    599    600    601    
169    0.0001029999999999999964    5.4999999999999995182e-05    0.00012999999999999998861    3    186    186    190    0    0    602    603    604    
170    0.00012899999999999999141    5.8999999999999997542e-05    0.00012999999999999998861    12    0    130    136    137    137    167    167    188    190    192    192    194    0    1    35    488    499    500    501    595    596    605    606    607    608    609    
171    0.00010799999999999999596    4.999999999999999562e-06    0.00013099999999999998581    7    123    152    158    159    177    189    190    0    0    465    553    565    569    610    611    612    
172    5.4999999999999995182e-05    8.2000000000000000948e-05    0.00013099999999999998581    8    148    155    160    160    179    186    195    196    0    0    542    558    576    577    613    614    615    616    
173    1.5999999999999999276e-05    0.00010600000000000000156    0.00013099999999999998581    8    0    0    140    150    174    195    196    199    0    1    36    37    513    544    617    618    619    620    
174    2.4000000000000000608e-05    0.00011999999999999998949    0.00013099999999999998581    3    140    173    181    0    0    514    617    621    
175    3.3999999999999999732e-05    6.7000000000000002262e-05    0.00013199999999999998302    4    0    150    164    178    0    1    38    545    586    622    
176    0.00014899999999999998966    0.00014400000000000000365    0.00013199999999999998302    0    0    0    
177    0.00013999999999999998774    6.000000000000000152e-06    0.00013300000000000000732    6    0    137    171    189    189    192    0    1    39    502    610    623    624    625    
178    7.999999999999999638e-06    6.0999999999999998722e-05    0.00013300000000000000732    5    134    153    175    185    199    0    0    497    554    622    626    627    
179    9.2999999999999997274e-05    9.6000000000000002432e-05    0.00013400000000000000452    17    0    0    150    156    156    157    166    168    168    172    180    183    186    186    196    198    198    0    1    40    41    546    561    562    563    590    598    599    613    628    629    630    631    632    633    634    
180    6.7999999999999999464e-05    0.00014400000000000000365    0.00013400000000000000452    12    0    111    132    145    145    168    179    181    182    182    183    183    0    1    42    416    493    532    533    600    628    635    636    637    638    639    
181    4.1999999999999997676e-05    0.00014099999999999998494    0.00013500000000000000173    6    141    143    174    180    183    201    0    0    515    521    621    635    640    641    
182    0.0001029999999999999964    0.00014599999999999999805    0.00013500000000000000173    4    0    180    180    187    0    1    43    636    637    642    
183    5.399999999999999798e-05    0.0001259999999999999998    0.00013599999999999999893    6    0    179    180    180    181    196    0    1    44    629    638    639    640    643    
184    5.0999999999999999598e-05    4.999999999999999562e-06    0.00013699999999999999613    6    0    158    159    159    161    191    0    1    45    566    570    571    581    644    
185    1.2000000000000000304e-05    4.1999999999999997676e-05    0.00013699999999999999613    6    0    138    178    191    191    199    0    1    46    507    626    645    646    647    
186    9.0999999999999989318e-05    7.499999999999999343e-05    0.00013699999999999999613    12    0    0    0    160    166    169    169    172    179    179    194    200    0    1    47    48    49    578    591    602    603    614    630    631    648    649    
187    0.0001240000000000000054    0.00013999999999999998774    0.00013799999999999999333    4    0    145    182    198    0    1    50    534    642    650    
188    0.00013599999999999999893    8.299999999999999815e-05    0.00013899999999999999053    9    0    166    166    167    170    194    194    197    198    0    1    51    592    593    597    605    651    652    653    654    
189    0.0001259999999999999998    1.399999999999999979e-05    0.00013999999999999998774    7    0    137    171    177    177    190    192    0    1    52    503    611    623    624    655    656    
190    0.00011199999999999999832    3.8999999999999999294e-05    0.00013999999999999998774    9    0    137    159    159    169    170    171    189    192    0    1    53    504    572    573    604    606    612    655    657    
191    2.900000000000000017e-05    3.2999999999999995754e-05    0.00014300000000000000645    8    0    0    151    161    164    184    185    185    0    1    54    55    551    582    587    644    645    646    
192    0.00013300000000000000732    3.3999999999999999732e-05    0.00014300000000000000645    6    0    170    170    177    189    190    0    1    56    607    608    625    656    657    
193    6.8999999999999996666e-05    5.9999999999999994744e-05    0.00014400000000000000365    5    0    159    160    164    200    0    1    57    574    579    588    658    
194    0.00010899999999999999316    7.2000000000000001824e-05    0.00014400000000000000365    8    0    0    0    166    170    186    188    188    0    1    58    59    60    594    609    648    651    652    
195    4.3999999999999998856e-05    9.2000000000000000072e-05    0.00014599999999999999805    4    0    172    173    196    0    1    61    615    618    659    
196    6.20000000000000027e-05    0.00010100000000000000199    0.00014599999999999999805    8    0    150    172    173    179    183    195    200    0    1    62    547    616    619    632    643    659    660    
197    0.00014400000000000000365    0.00010600000000000000156    0.00014599999999999999805    3    0    188    198    0    1    63    653    661    
198    0.00011600000000000000068    0.00011600000000000000068    0.00014599999999999999805    8    0    162    168    179    179    187    188    197    0    1    64    585    601    633    634    650    654    661    
199    3.000000000000000076e-06    8.700000000000000051e-05    0.00014799999999999999246    4    0    173    178    185    0    1    65    620    627    647    
200    6.9999999999999993868e-05    8.9999999999999992116e-05    0.00014799999999999999246    4    0    186    193    196    0    1    66    649    658    660    
201    3.999999999999999819e-06    0.00014500000000000000085    0.00014799999999999999246    2    0    181    0    1    67    641    
202    0.00012299999999999998109    9.9999999999999995475e-07    0.00014999999999999998686    1    0    0    1    68    
203    5.800000000000000034e-05    4.4999999999999996058e-05    0.00014999999999999998686    1    0    0    1    69    
204    0.00013699999999999999613    0.00014799999999999999246    0.00014999999999999998686    1    0    0    1    70    
205    3.9999999999999996496e-05    0.00014899999999999998966    0.00014999999999999998686    1    0    0    1    71    
