215    0.00014999999999999998686    0.00014999999999999998686    0.00014999999999999998686
1    3.1999999999999998552e-05    0.00013999999999999998774    9.9999999999999995475e-07    0    0    0    
2    1.29999999999999992e-05    0.00014099999999999998494    9.9999999999999995475e-07    2    10    26    0    0    91    92    
3    3.999999999999999819e-06    8.700000000000000051e-05    3.000000000000000076e-06    1    -1    1    0    1    
4    0.00014099999999999998494    6.000000000000000152e-06    3.999999999999999819e-06    4    0    0    7    31    0    1    50    51    93    94    
5    3.999999999999999819e-06    2.59999999999999984e-05    3.999999999999999819e-06    3    -1    13    17    1    0    2    95    96    
6    0.00013500000000000000173    0.00011499999999999998993    3.999999999999999819e-06    3    0    14    16    0    1    52    97    98    
7    0.0001250000000000000026    1.2000000000000000304e-05    4.999999999999999562e-06    3    4    23    31    0    0    93    99    100    
8    4.2999999999999994878e-05    1.5999999999999999276e-05    4.999999999999999562e-06    7    15    17    17    18    34    34    42    0    0    101    102    103    104    105    106    107    
9    7.499999999999999343e-05    0.00011600000000000000068    4.999999999999999562e-06    4    20    20    32    36    0    0    108    109    110    111    
10    4.999999999999999562e-06    0.00012299999999999998109    4.999999999999999562e-06    5    -1    -1    2    19    45    1    0    3    4    91    112    113    
11    7.5999999999999990632e-05    5.6999999999999996362e-05    6.000000000000000152e-06    2    15    36    0    0    114    115    
12    0.0001019999999999999992    6.2999999999999999902e-05    6.999999999999999895e-06    6    23    23    28    28    35    36    0    0    116    117    118    119    120    121    
13    6.999999999999999895e-06    5.800000000000000034e-05    7.999999999999999638e-06    4    -1    5    18    18    1    0    5    95    122    123    
14    0.00014699999999999999525    9.2999999999999997274e-05    7.999999999999999638e-06    2    0    6    0    1    53    97    
15    8.9999999999999992116e-05    3.6000000000000000912e-05    9.999999999999999124e-06    8    8    11    18    23    39    39    46    46    0    0    101    114    124    125    126    127    128    129    
16    0.00011899999999999999229    0.00013300000000000000732    9.999999999999999124e-06    5    6    20    21    40    63    0    0    98    130    131    132    133    
17    1.8000000000000000456e-05    1.8999999999999997658e-05    1.0999999999999999714e-05    6    5    8    8    22    30    43    0    0    96    102    103    134    135    136    
18    4.6000000000000000036e-05    8.2000000000000000948e-05    1.0999999999999999714e-05    12    -1    8    13    13    15    19    36    38    43    44    44    55    1    0    6    104    122    123    124    137    138    139    140    141    142    143    
19    3.3999999999999999732e-05    0.00010799999999999999596    1.0999999999999999714e-05    6    10    18    29    38    45    45    0    0    112    137    144    145    146    147    
20    0.0001049999999999999908    0.00011199999999999999832    1.2000000000000000304e-05    7    9    9    16    33    36    36    40    0    0    108    109    130    148    149    150    151    
21    0.00014699999999999999525    0.00014500000000000000085    1.2000000000000000304e-05    3    0    16    40    0    1    54    131    152    
22    1.0999999999999999714e-05    6.999999999999999895e-06    1.29999999999999992e-05    5    -1    17    30    42    54    1    0    7    134    153    154    155    
23    0.00010600000000000000156    2.1999999999999999428e-05    1.29999999999999992e-05    10    7    12    12    15    25    31    35    39    53    53    0    0    99    116    117    125    156    157    158    159    160    161    
24    5.9999999999999994744e-05    2.699999999999999899e-05    1.29999999999999992e-05    0    0    0    
25    0.00014199999999999998214    3.8999999999999999294e-05    1.29999999999999992e-05    5    0    23    31    31    35    0    1    55    156    162    163    164    
26    1.4999999999999998686e-05    0.00014500000000000000085    1.4999999999999998686e-05    3    2    29    45    0    0    92    165    166    
27    4.4999999999999996058e-05    1.9999999999999998248e-05    1.5999999999999999276e-05    0    0    0    
28    0.00013199999999999998302    6.4999999999999994306e-05    1.8000000000000000456e-05    10    0    0    12    12    35    36    36    41    41    51    0    1    56    57    118    119    167    168    169    170    171    172    
29    5.3000000000000000778e-05    0.00013500000000000000173    1.8000000000000000456e-05    6    19    26    32    45    52    52    0    0    144    165    173    174    175    176    
30    6.999999999999999895e-06    2.1999999999999999428e-05    1.9999999999999998248e-05    3    17    22    50    0    0    135    153    177    
31    0.00013799999999999999333    2.499999999999999781e-05    1.9999999999999998248e-05    10    0    4    7    23    25    25    35    39    53    82    0    1    58    94    100    157    162    163    178    179    180    181    
32    7.499999999999999343e-05    0.00011600000000000000068    1.9999999999999998248e-05    5    9    29    33    36    62    0    0    110    173    182    183    184    
33    8.7999999999999997712e-05    0.00011999999999999998949    2.3000000000000000018e-05    5    20    32    40    59    62    0    0    148    182    185    186    187    
34    6.4999999999999994306e-05    3.999999999999999819e-06    2.4000000000000000608e-05    5    8    8    42    46    56    0    0    105    106    188    189    190    
35    0.00012999999999999998861    5.3000000000000000778e-05    2.499999999999999781e-05    10    0    12    23    25    28    31    36    39    41    58    0    1    59    120    158    164    167    178    191    192    193    194    
36    9.2000000000000000072e-05    7.499999999999999343e-05    2.499999999999999781e-05    19    9    11    12    18    20    20    28    28    32    35    40    40    58    59    59    61    62    64    64    0    0    111    115    121    138    149    150    168    169    183    191    195    196    197    198    199    200    201    202    203    
37    3.000000000000000076e-06    5.6999999999999996362e-05    2.9999999999999997372e-05    3    -1    50    57    1    0    8    204    205    
38    2.3000000000000000018e-05    7.9999999999999992992e-05    2.9999999999999997372e-05    12    -1    18    19    44    44    44    57    57    57    60    60    71    1    0    9    139    145    206    207    208    209    210    211    212    213    214    
39    0.00010899999999999999316    2.9999999999999997372e-05    3.100000000000000135e-05    8    15    15    23    31    35    53    58    77    0    0    126    127    159    179    192    215    216    217    
40    0.00013300000000000000732    0.00012699999999999999701    3.1999999999999998552e-05    17    0    16    20    21    33    36    36    59    61    61    61    63    64    80    87    87    87    0    1    60    132    151    152    185    195    196    218    219    220    221    222    223    224    225    226    227    
41    0.00014099999999999998494    5.4999999999999995182e-05    3.2999999999999995754e-05    7    0    0    28    28    35    67    78    0    1    61    62    170    171    193    228    229    
42    5.0999999999999999598e-05    9.000000000000000228e-06    3.4999999999999996934e-05    5    8    22    34    43    69    0    0    107    154    188    230    231    
43    5.19999999999999968e-05    1.9999999999999998248e-05    3.4999999999999996934e-05    5    17    18    42    49    54    0    0    136    140    230    232    233    
44    4.1999999999999997676e-05    7.099999999999999107e-05    3.4999999999999996934e-05    11    18    18    38    38    38    55    58    71    83    91    97    0    0    141    142    206    207    208    234    235    236    237    238    239    
45    2.1999999999999999428e-05    0.0001240000000000000054    3.4999999999999996934e-05    18    -1    -1    -1    10    19    19    26    29    52    60    60    62    62    68    68    91    92    96    1    0    10    11    12    113    146    147    166    174    240    241    242    243    244    245    246    247    248    249    
46    7.3999999999999996228e-05    2.1999999999999999428e-05    3.6000000000000000912e-05    6    15    15    34    49    53    56    0    0    128    129    189    250    251    252    
47    6.3999999999999997104e-05    7.9999999999999992992e-05    3.6000000000000000912e-05    0    0    0    
48    1.9999999999999999095e-06    3.000000000000000076e-06    3.8999999999999999294e-05    1    -1    1    0    13    
49    6.2999999999999999902e-05    3.2999999999999995754e-05    3.8999999999999999294e-05    5    43    46    55    83    86    0    0    232    250    253    254    255    
50    3.999999999999999819e-06    4.2999999999999994878e-05    3.9999999999999996496e-05    7    -1    30    37    54    54    66    100    1    0    14    177    204    256    257    258    259    
51    0.00013899999999999999053    8.4999999999999992554e-05    3.9999999999999996496e-05    5    28    61    61    61    88    0    0    172    260    261    262    263    
52    6.20000000000000027e-05    0.00014300000000000000645    3.9999999999999996496e-05    5    29    29    45    75    96    0    0    175    176    240    264    265    
53    0.00010999999999999999036    1.29999999999999992e-05    4.1999999999999997676e-05    9    23    23    31    39    46    56    77    82    89    0    0    160    161    180    215    251    266    267    268    269    
54    1.4999999999999998686e-05    1.8999999999999997658e-05    4.1999999999999997676e-05    10    -1    -1    -1    -1    22    43    50    50    66    69    1    0    15    16    17    18    155    233    256    257    270    271    
55    4.3999999999999998856e-05    5.0999999999999999598e-05    4.1999999999999997676e-05    5    18    44    49    57    86    0    0    143    234    253    272    273    
56    8.3999999999999995352e-05    6.000000000000000152e-06    4.2999999999999994878e-05    9    34    46    53    77    81    81    81    110    137    0    0    190    252    266    274    275    276    277    278    279    
57    1.8000000000000000456e-05    5.8999999999999997542e-05    4.2999999999999994878e-05    12    -1    37    38    38    38    55    66    70    71    71    84    106    1    0    19    205    209    210    211    272    280    281    282    283    284    285    
58    8.700000000000000051e-05    6.5999999999999991508e-05    4.2999999999999994878e-05    11    35    36    39    44    77    78    83    93    97    97    101    0    0    194    197    216    235    286    287    288    289    290    291    292    
59    7.2999999999999999026e-05    9.3999999999999994476e-05    4.2999999999999994878e-05    6    33    36    36    40    62    101    0    0    186    198    199    218    293    294    
60    1.8000000000000000456e-05    9.3999999999999994476e-05    4.3999999999999998856e-05    10    -1    -1    38    38    45    45    71    91    91    91    1    0    20    21    212    213    241    242    295    296    297    298    
61    0.00013099999999999998581    9.8999999999999994038e-05    4.3999999999999998856e-05    11    36    40    40    40    51    51    51    64    87    88    88    0    0    200    219    220    221    260    261    262    299    300    301    302    
62    5.19999999999999968e-05    0.00011600000000000000068    4.3999999999999998856e-05    11    32    33    36    45    45    59    75    91    92    92    92    0    0    184    187    201    243    244    293    303    304    305    306    307    
63    0.0001029999999999999964    0.00014199999999999998214    4.6000000000000000036e-05    5    16    40    74    80    103    0    0    133    222    308    309    310    
64    0.0001029999999999999964    9.2000000000000000072e-05    4.8000000000000001216e-05    6    36    36    40    61    74    93    0    0    202    203    223    299    311    312    
65    9.9999999999999995475e-07    3.000000000000000076e-06    5.0999999999999999598e-05    1    -1    1    0    22    
66    1.5999999999999999276e-05    4.1000000000000000474e-05    5.0999999999999999598e-05    4    50    54    57    69    0    0    258    270    280    313    
67    0.00014500000000000000085    5.4999999999999995182e-05    5.0999999999999999598e-05    4    0    41    78    98    0    1    63    228    314    315    
68    3.000000000000000076e-06    0.00014300000000000000645    5.0999999999999999598e-05    3    -1    45    45    1    0    23    245    246    
69    2.1999999999999999428e-05    1.5999999999999999276e-05    5.19999999999999968e-05    7    -1    42    54    66    86    86    115    1    0    24    231    271    313    316    317    318    
70    3.000000000000000076e-06    6.4999999999999994306e-05    5.399999999999999798e-05    3    -1    57    84    1    0    25    281    319    
71    2.59999999999999984e-05    8.2000000000000000948e-05    5.399999999999999798e-05    8    38    44    57    57    60    91    106    122    0    0    214    236    282    283    295    320    321    322    
72    0.00014999999999999998686    0.00012100000000000000024    5.399999999999999798e-05    1    0    0    1    64    
73    8.299999999999999815e-05    0.00010699999999999999876    5.4999999999999995182e-05    0    0    0    
74    9.0999999999999989318e-05    0.00012199999999999999744    5.4999999999999995182e-05    3    63    64    92    0    0    308    311    323    
75    6.7999999999999999464e-05    0.00013500000000000000173    5.4999999999999995182e-05    3    52    62    103    0    0    264    303    324    
76    8.2000000000000000948e-05    0.00010799999999999999596    5.599999999999999916e-05    0    0    0    
77    9.2999999999999997274e-05    2.4000000000000000608e-05    5.6999999999999996362e-05    6    39    53    56    58    83    110    0    0    217    267    274    286    325    326    
78    0.0001240000000000000054    3.6000000000000000912e-05    5.6999999999999996362e-05    7    41    58    67    82    89    98    110    0    0    229    287    314    327    328    329    330    
79    8.299999999999999815e-05    0.00010999999999999999036    5.800000000000000034e-05    0    0    0    
80    0.00010999999999999999036    0.00014099999999999998494    5.800000000000000034e-05    4    40    63    103    107    0    0    224    309    331    332    
81    6.7000000000000002262e-05    9.999999999999999124e-06    5.9999999999999994744e-05    6    56    56    56    89    94    137    0    0    275    276    277    333    334    335    
82    0.00014300000000000000645    1.0999999999999999714e-05    5.9999999999999994744e-05    8    0    31    53    78    89    98    111    111    0    1    65    181    268    327    336    337    338    339    
83    6.9999999999999993868e-05    4.4999999999999996058e-05    5.9999999999999994744e-05    7    44    49    58    77    86    94    104    0    0    237    254    288    325    340    341    342    
84    9.999999999999999124e-06    5.599999999999999916e-05    5.9999999999999994744e-05    5    -1    57    70    106    106    1    0    26    284    319    343    344    
85    0.00014999999999999998686    6.9999999999999993868e-05    6.20000000000000027e-05    1    0    0    1    66    
86    4.8000000000000001216e-05    2.699999999999999899e-05    6.2999999999999999902e-05    7    49    55    69    69    83    94    100    0    0    255    273    316    317    340    345    346    
87    0.00013899999999999999053    0.00012799999999999999421    6.2999999999999999902e-05    9    0    0    40    40    40    61    88    107    113    0    1    67    68    225    226    227    300    347    348    349    
88    0.00014400000000000000365    0.00010799999999999999596    6.3999999999999997104e-05    7    0    0    51    61    61    87    126    0    1    69    70    263    301    302    347    350    
89    0.00011699999999999999788    4.999999999999999562e-06    6.5999999999999991508e-05    7    53    78    81    82    110    110    111    0    0    269    328    333    336    351    352    353    
90    3.999999999999999819e-06    7.3999999999999996228e-05    6.7000000000000002262e-05    2    -1    91    1    0    27    354    
91    1.9999999999999998248e-05    8.7999999999999997712e-05    6.7000000000000002262e-05    15    -1    44    45    60    60    60    62    71    90    95    96    112    122    123    144    1    0    28    238    247    296    297    298    304    320    354    355    356    357    358    359    360    
92    6.7999999999999999464e-05    0.00011499999999999998993    6.7000000000000002262e-05    11    45    62    62    62    74    95    96    101    103    103    114    0    0    248    305    306    307    323    361    362    363    364    365    366    
93    0.0001039999999999999936    7.499999999999999343e-05    6.8999999999999996666e-05    5    58    64    99    108    109    0    0    289    312    367    368    369    
94    5.599999999999999916e-05    2.1999999999999999428e-05    6.9999999999999993868e-05    6    81    83    86    104    137    137    0    0    334    341    345    370    371    372    
95    4.4999999999999996058e-05    0.00011699999999999999788    6.9999999999999993868e-05    4    91    92    96    105    0    0    355    361    373    374    
96    3.9999999999999996496e-05    0.00013099999999999998581    6.9999999999999993868e-05    7    45    52    91    92    95    103    120    0    0    249    265    356    362    373    375    376    
97    5.4999999999999995182e-05    6.8999999999999996666e-05    7.099999999999999107e-05    5    44    58    58    102    118    0    0    239    290    291    377    378    
98    0.00014099999999999998494    3.3999999999999999732e-05    7.2999999999999999026e-05    14    0    67    78    82    108    108    109    111    111    121    127    127    134    141    0    1    71    315    329    337    379    380    381    382    383    384    385    386    387    388    
99    0.00010999999999999999036    9.2999999999999997274e-05    7.2999999999999999026e-05    3    93    101    126    0    0    367    389    390    
100    2.699999999999999899e-05    4.1000000000000000474e-05    7.499999999999999343e-05    7    50    86    106    106    115    118    125    0    0    259    346    391    392    393    394    395    
101    8.2000000000000000948e-05    8.2000000000000000948e-05    7.7000000000000001386e-05    11    58    59    92    99    102    116    117    117    128    135    143    0    0    292    294    363    389    396    397    398    399    400    401    402    
102    6.7999999999999999464e-05    8.299999999999999815e-05    7.7000000000000001386e-05    2    97    101    0    0    377    396    
103    7.7000000000000001386e-05    0.00014300000000000000645    7.7000000000000001386e-05    7    63    75    80    92    92    96    114    0    0    310    324    331    364    365    375    403    
104    7.5999999999999990632e-05    3.6000000000000000912e-05    7.7999999999999998588e-05    4    83    94    110    117    0    0    342    370    404    405    
105    4.8000000000000001216e-05    9.7999999999999996836e-05    7.7999999999999998588e-05    3    95    122    128    0    0    374    406    407    
106    1.399999999999999979e-05    5.399999999999999798e-05    7.899999999999999579e-05    14    -1    -1    57    71    84    84    100    100    115    115    118    122    131    132    1    0    29    30    285    321    343    344    391    392    408    409    410    411    412    413    
107    0.00010999999999999999036    0.00014099999999999998494    7.899999999999999579e-05    9    80    87    116    124    129    129    129    148    148    0    0    332    348    414    415    416    417    418    419    420    
108    0.00011499999999999998993    5.0999999999999999598e-05    7.9999999999999992992e-05    6    93    98    98    109    117    127    0    0    368    379    380    421    422    423    
109    0.0001240000000000000054    6.0999999999999998722e-05    7.9999999999999992992e-05    3    93    98    108    0    0    369    381    421    
110    9.999999999999999124e-05    2.59999999999999984e-05    8.0999999999999990194e-05    10    56    77    78    89    89    104    127    137    137    155    0    0    278    326    330    351    352    404    424    425    426    427    
111    0.00013400000000000000452    1.399999999999999979e-05    8.2000000000000000948e-05    8    0    82    82    89    98    98    141    141    0    1    72    338    339    353    382    383    428    429    
112    2.3000000000000000018e-05    0.00011299999999999999552    8.3999999999999995352e-05    3    91    123    144    0    0    357    430    431    
113    0.00013899999999999999053    0.0001250000000000000026    8.5999999999999989756e-05    10    0    0    87    124    126    126    126    126    148    150    0    1    73    74    349    432    433    434    435    436    437    438    
114    7.7999999999999998588e-05    0.00013599999999999999893    8.5999999999999989756e-05    4    92    103    116    184    0    0    366    403    439    440    
115    9.000000000000000228e-06    2.900000000000000017e-05    8.700000000000000051e-05    8    -1    -1    69    100    106    106    132    132    1    0    31    32    318    393    408    409    441    442    
116    9.6999999999999999634e-05    0.00013400000000000000452    8.700000000000000051e-05    9    101    107    114    129    136    143    143    148    159    0    0    397    414    439    443    444    445    446    447    448    
117    7.899999999999999579e-05    6.4999999999999994306e-05    8.7999999999999997712e-05    11    101    101    104    108    118    127    133    147    152    155    155    0    0    398    399    405    422    449    450    451    452    453    454    455    
118    3.3999999999999999732e-05    7.2000000000000001824e-05    8.9999999999999992116e-05    11    97    100    106    117    122    132    133    154    155    158    161    0    0    378    394    410    449    456    457    458    459    460    461    462    
119    9.9999999999999995475e-07    0.00014500000000000000085    8.9999999999999992116e-05    1    -1    1    0    33    
120    3.7999999999999995316e-05    0.00013500000000000000173    9.0999999999999989318e-05    5    96    123    130    136    145    0    0    376    463    464    465    466    
121    0.00014799999999999999246    1.9999999999999998248e-05    9.2000000000000000072e-05    2    0    98    0    1    75    384    
122    2.699999999999999899e-05    8.9999999999999992116e-05    9.2000000000000000072e-05    9    71    91    105    106    118    133    144    154    161    0    0    322    358    406    411    456    467    468    469    470    
123    1.2000000000000000304e-05    0.0001259999999999999998    9.2000000000000000072e-05    7    -1    91    112    120    130    144    144    1    0    34    359    430    463    471    472    473    
124    0.00014500000000000000085    0.00014199999999999998214    9.2000000000000000072e-05    5    0    107    113    148    148    0    1    76    415    432    474    475    
125    3.3999999999999999732e-05    3.1999999999999998552e-05    9.2999999999999997274e-05    7    100    132    137    142    155    155    165    0    0    395    476    477    478    479    480    481    
126    0.00013999999999999998774    9.6999999999999999634e-05    9.2999999999999997274e-05    10    0    88    99    113    113    113    113    146    150    153    0    1    77    350    390    433    434    435    436    482    483    484    
127    0.00011600000000000000068    2.9999999999999997372e-05    9.3999999999999994476e-05    10    98    98    108    110    117    134    141    147    156    175    0    0    385    386    423    424    450    485    486    487    488    489    
128    6.0999999999999998722e-05    0.00010899999999999999316    9.4999999999999991678e-05    6    101    105    133    136    143    154    0    0    400    407    490    491    492    493    
129    0.00011600000000000000068    0.00013500000000000000173    9.4999999999999991678e-05    7    107    107    107    116    148    150    159    0    0    416    417    418    443    494    495    496    
130    1.5999999999999999276e-05    0.00013899999999999999053    9.4999999999999991678e-05    6    120    123    144    144    145    149    0    0    464    471    497    498    499    500    
131    3.999999999999999819e-06    6.7999999999999999464e-05    9.6999999999999999634e-05    6    -1    106    132    139    139    161    1    0    35    412    501    502    503    504    
132    1.8999999999999997658e-05    4.6999999999999997238e-05    9.7999999999999996836e-05    10    106    115    115    118    125    131    139    142    142    155    0    0    413    441    442    457    476    501    505    506    507    508    
133    5.3000000000000000778e-05    8.3999999999999995352e-05    9.7999999999999996836e-05    6    117    118    122    128    152    158    0    0    451    458    467    490    509    510    
134    0.00013500000000000000173    5.6999999999999996362e-05    9.999999999999999124e-05    4    98    127    140    174    0    0    387    485    511    512    
135    0.0001019999999999999992    9.6000000000000002432e-05    9.999999999999999124e-05    3    101    143    157    0    0    401    513    514    
136    5.9999999999999994744e-05    0.00013300000000000000732    9.999999999999999124e-05    6    116    120    128    143    145    184    0    0    444    465    491    515    516    517    
137    5.800000000000000034e-05    6.999999999999999895e-06    0.0001029999999999999964    10    56    81    94    94    110    110    125    151    162    165    0    0    279    335    371    372    425    426    477    518    519    520    
138    0.00014799999999999999246    0    0.0001049999999999999908    0    0    0    
139    3.999999999999999819e-06    5.3000000000000000778e-05    0.0001049999999999999908    5    -1    131    131    132    182    1    0    36    502    503    505    521    
140    0.00014699999999999999525    6.0999999999999998722e-05    0.0001049999999999999908    4    0    134    153    174    0    1    78    511    522    523    
141    0.00012799999999999999421    1.399999999999999979e-05    0.00010600000000000000156    10    0    98    111    111    127    174    174    181    194    195    0    1    79    388    428    429    486    524    525    526    527    528    
142    1.2000000000000000304e-05    1.8999999999999997658e-05    0.00010600000000000000156    7    -1    125    132    132    165    166    189    1    0    37    478    506    507    529    530    531    
143    7.9999999999999992992e-05    0.00011499999999999998993    0.00010600000000000000156    9    101    116    116    128    135    136    154    159    172    0    0    402    445    446    492    513    515    532    533    534    
144    7.999999999999999638e-06    0.00012199999999999999744    0.00010600000000000000156    13    -1    -1    91    112    122    123    123    130    130    149    161    177    178    1    0    38    39    360    431    468    472    473    497    498    535    536    537    538    
145    4.6000000000000000036e-05    0.00014300000000000000645    0.00010600000000000000156    4    120    130    136    185    0    0    466    499    516    539    
146    0.00011999999999999998949    0.00010699999999999999876    0.00010799999999999999596    6    126    150    150    157    159    167    0    0    482    540    541    542    543    544    
147    8.9999999999999992116e-05    5.4999999999999995182e-05    0.00010899999999999999316    6    117    127    155    156    163    164    0    0    452    487    545    546    547    548    
148    0.00014199999999999998214    0.00012699999999999999701    0.00010899999999999999316    17    0    107    107    113    116    124    124    129    150    150    153    159    167    172    184    184    191    0    1    80    419    420    437    447    474    475    494    549    550    551    552    553    554    555    556    557    
149    6.999999999999999895e-06    0.00014199999999999998214    0.00010899999999999999316    4    -1    130    144    185    1    0    40    500    535    558    
150    0.00012899999999999999141    0.00011699999999999999788    0.00010999999999999999036    10    113    126    129    146    146    148    148    159    167    167    0    0    438    483    495    540    541    549    550    559    560    561    
151    7.7999999999999998588e-05    3.000000000000000076e-06    0.00011100000000000000112    2    137    156    0    0    518    562    
152    7.2999999999999999026e-05    7.899999999999999579e-05    0.00011100000000000000112    6    117    133    158    160    164    176    0    0    453    509    563    564    565    566    
153    0.00014599999999999999805    9.4999999999999991678e-05    0.00011100000000000000112    7    0    126    140    148    171    174    174    0    1    81    484    522    551    567    568    569    
154    5.8999999999999997542e-05    0.00010600000000000000156    0.00011299999999999999552    8    118    122    128    143    177    179    183    193    0    0    459    469    493    532    570    571    572    573    
155    6.20000000000000027e-05    4.2999999999999994878e-05    0.00011399999999999999272    12    110    117    117    118    125    125    132    147    163    164    168    196    0    0    427    454    455    460    479    480    508    545    574    575    576    577    
156    8.7999999999999997712e-05    2.4000000000000000608e-05    0.00011600000000000000068    5    127    147    151    163    175    0    0    488    546    562    578    579    
157    0.00011199999999999999832    0.00010100000000000000199    0.00011600000000000000068    5    135    146    159    167    170    0    0    514    542    580    581    582    
158    4.8000000000000001216e-05    7.499999999999999343e-05    0.00011699999999999999788    4    118    133    152    176    0    0    461    510    563    583    
159    0.0001039999999999999936    0.00011199999999999999832    0.00011699999999999999788    11    116    129    143    146    148    150    157    167    172    183    183    0    0    448    496    533    543    552    559    580    584    585    586    587    
160    8.3999999999999995352e-05    9.6000000000000002432e-05    0.00011999999999999998949    2    152    183    0    0    564    588    
161    6.000000000000000152e-06    7.7000000000000001386e-05    0.00012100000000000000024    6    -1    118    122    131    144    182    1    0    41    462    470    504    536    589    
162    6.2999999999999999902e-05    6.000000000000000152e-06    0.00012199999999999999744    4    137    163    175    188    0    0    519    590    591    592    
163    6.8999999999999996666e-05    3.2999999999999995754e-05    0.00012199999999999999744    12    147    155    156    162    165    168    175    188    188    195    195    198    0    0    547    574    578    590    593    594    595    596    597    598    599    600    
164    7.7000000000000001386e-05    6.7999999999999999464e-05    0.00012199999999999999744    8    147    152    155    168    176    176    190    198    0    0    548    565    575    601    602    603    604    605    
165    3.7999999999999995316e-05    1.6999999999999999866e-05    0.00012299999999999998109    7    125    137    142    163    166    188    196    0    0    481    520    529    593    606    607    608    
166    6.000000000000000152e-06    6.000000000000000152e-06    0.0001240000000000000054    3    -1    142    165    1    0    42    530    606    
167    0.00013599999999999999893    0.00010899999999999999316    0.0001240000000000000054    9    146    148    150    150    157    159    171    172    202    0    0    544    553    560    561    581    584    609    610    611    
168    5.19999999999999968e-05    5.3000000000000000778e-05    0.0001250000000000000026    6    155    163    164    179    196    198    0    0    576    594    601    612    613    614    
169    1.9999999999999999095e-06    0.00013500000000000000173    0.0001250000000000000026    1    -1    1    0    43    
170    0.00011600000000000000068    7.9999999999999992992e-05    0.00012699999999999999701    7    157    171    183    190    192    192    199    0    0    582    615    616    617    618    619    620    
171    0.00013899999999999999053    9.2999999999999997274e-05    0.00012699999999999999701    5    0    153    167    170    192    0    1    82    567    609    615    621    
172    9.999999999999999124e-05    0.00011699999999999999788    0.00012799999999999999421    8    143    148    159    167    183    183    184    202    0    0    534    554    585    610    622    623    624    625    
173    0.0001039999999999999936    5.4999999999999995182e-05    0.00012899999999999999141    3    190    190    195    0    0    626    627    628    
174    0.00012999999999999998861    5.8999999999999997542e-05    0.00012899999999999999141    14    0    134    140    141    141    153    153    192    195    197    197    199    210    210    0    1    83    512    523    524    525    568    569    629    630    631    632    633    634    635    
175    0.00010899999999999999316    4.999999999999999562e-06    0.00012999999999999998861    7    127    156    162    163    181    194    195    0    0    489    579    591    595    636    637    638    
176    5.599999999999999916e-05    8.2000000000000000948e-05    0.00012999999999999998861    8    152    158    164    164    183    190    193    203    0    0    566    583    602    603    639    640    641    642    
177    1.6999999999999999866e-05    0.00010600000000000000156    0.00012999999999999998861    8    -1    144    154    178    200    203    204    208    1    0    44    537    570    643    644    645    646    647    
178    2.499999999999999781e-05    0.00011999999999999998949    0.00012999999999999998861    3    144    177    185    0    0    538    643    648    
179    3.4999999999999996934e-05    6.7000000000000002262e-05    0.00013099999999999998581    3    154    168    182    0    0    571    612    649    
180    0.00014999999999999998686    0.00014400000000000000365    0.00013099999999999998581    1    0    0    1    84    
181    0.00014099999999999998494    6.000000000000000152e-06    0.00013199999999999998302    6    0    141    175    194    194    197    0    1    85    526    636    650    651    652    
182    9.000000000000000228e-06    6.0999999999999998722e-05    0.00013199999999999998302    6    -1    139    161    179    189    204    1    0    45    521    589    649    653    654    
183    9.3999999999999994476e-05    9.6000000000000002432e-05    0.00013300000000000000732    15    154    159    159    160    170    172    172    176    184    187    190    190    193    202    202    0    0    572    586    587    588    616    622    623    639    655    656    657    658    659    660    661    
184    6.8999999999999996666e-05    0.00014400000000000000365    0.00013300000000000000732    11    114    136    148    148    172    183    185    186    186    187    187    0    0    440    517    555    556    624    655    662    663    664    665    666    
185    4.2999999999999994878e-05    0.00014099999999999998494    0.00013400000000000000452    6    145    149    178    184    187    206    0    0    539    558    648    662    667    668    
186    0.0001039999999999999936    0.00014599999999999999805    0.00013400000000000000452    3    184    184    191    0    0    663    664    669    
187    5.4999999999999995182e-05    0.0001259999999999999998    0.00013500000000000000173    5    183    184    184    185    200    0    0    656    665    666    667    670    
188    5.19999999999999968e-05    4.999999999999999562e-06    0.00013599999999999999893    5    162    163    163    165    196    0    0    592    596    597    607    671    
189    1.29999999999999992e-05    4.1999999999999997676e-05    0.00013599999999999999893    8    -1    142    182    196    196    204    211    211    1    0    46    531    653    672    673    674    675    676    
190    9.2000000000000000072e-05    7.499999999999999343e-05    0.00013599999999999999893    10    164    170    173    173    176    183    183    193    198    199    0    0    604    617    626    627    640    657    658    677    678    679    
191    0.0001250000000000000026    0.00013999999999999998774    0.00013699999999999999613    3    148    186    202    0    0    557    669    680    
192    0.00013699999999999999613    8.299999999999999815e-05    0.00013799999999999999333    9    0    170    170    171    174    199    199    201    205    0    1    86    618    619    621    629    681    682    683    684    
193    6.7000000000000002262e-05    9.7999999999999996836e-05    0.00013799999999999999333    6    154    176    183    190    200    203    0    0    573    641    659    677    685    686    
194    0.00012699999999999999701    1.399999999999999979e-05    0.00013899999999999999053    6    141    175    181    181    195    197    0    0    527    637    650    651    687    688    
195    0.00011299999999999999552    3.8999999999999999294e-05    0.00013899999999999999053    8    141    163    163    173    174    175    194    197    0    0    528    598    599    628    630    638    687    689    
196    2.9999999999999997372e-05    3.2999999999999995754e-05    0.00014199999999999998214    6    155    165    168    188    189    189    0    0    577    608    613    671    672    673    
197    0.00013400000000000000452    3.3999999999999999732e-05    0.00014199999999999998214    6    0    174    174    181    194    195    0    1    87    631    632    652    688    689    
198    6.9999999999999993868e-05    5.9999999999999994744e-05    0.00014300000000000000645    4    163    164    168    190    0    0    600    605    614    678    
199    0.00010999999999999999036    7.2000000000000001824e-05    0.00014300000000000000645    5    170    174    190    192    192    0    0    620    633    679    681    682    
200    4.3999999999999998856e-05    0.00011100000000000000112    0.00014300000000000000645    4    177    187    193    203    0    0    644    670    685    690    
201    0.00014599999999999999805    0.00010600000000000000156    0.00014400000000000000365    3    0    192    202    0    1    88    683    691    
202    0.00011799999999999999508    0.00011699999999999999788    0.00014400000000000000365    8    167    172    183    183    191    201    205    207    0    0    611    625    660    661    680    691    692    693    
203    4.4999999999999996058e-05    9.2000000000000000072e-05    0.00014500000000000000085    4    176    177    193    200    0    0    642    645    686    690    
204    3.000000000000000076e-06    8.700000000000000051e-05    0.00014599999999999999805    4    -1    177    182    189    1    0    47    646    654    674    
205    0.00011600000000000000068    0.00010100000000000000199    0.00014599999999999999805    2    192    202    0    0    684    692    
206    3.999999999999999819e-06    0.00014500000000000000085    0.00014599999999999999805    2    -1    185    1    0    48    668    
207    0.00013400000000000000452    0.0001259999999999999998    0.00014699999999999999525    2    202    209    0    0    693    694    
208    2.3000000000000000018e-05    0.00013300000000000000732    0.00014699999999999999525    1    177    0    0    647    
209    0.00014899999999999998966    0.00013400000000000000452    0.00014699999999999999525    2    0    207    0    1    89    694    
210    0.00014999999999999998686    5.19999999999999968e-05    0.00014799999999999999246    3    0    174    174    0    1    90    634    635    
211    1.9999999999999999095e-06    5.800000000000000034e-05    0.00014799999999999999246    3    -1    189    189    1    0    49    675    676    
212    0.00013799999999999999333    0.00014799999999999999246    0.00014799999999999999246    0    0    0    
213    0.0001240000000000000054    0    0.00014899999999999998966    0    0    0    
214    5.8999999999999997542e-05    4.4999999999999996058e-05    0.00014899999999999998966    0    0    0    
215    4.1000000000000000474e-05    0.00014899999999999998966    0.00014899999999999998966    0    0    0    
