215    0.00014999999999999998686    0.00014999999999999998686    0.00014999999999999998686
1    3.100000000000000135e-05    0.00014099999999999998494    9.9999999999999995475e-07    0    0    0    
2    1.2000000000000000304e-05    0.00014199999999999998214    9.9999999999999995475e-07    2    10    26    0    0    80    81    
3    3.000000000000000076e-06    8.7999999999999997712e-05    3.000000000000000076e-06    0    0    0    
4    0.00013999999999999998774    6.999999999999999895e-06    3.999999999999999819e-06    4    -1    -1    7    31    1    0    1    2    82    83    
5    3.999999999999999819e-06    2.699999999999999899e-05    3.999999999999999819e-06    2    13    17    0    0    84    85    
6    0.00013400000000000000452    0.00011600000000000000068    3.999999999999999819e-06    2    14    16    0    0    86    87    
7    0.0001240000000000000054    1.29999999999999992e-05    4.999999999999999562e-06    4    -1    4    23    31    1    0    3    82    88    89    
8    4.1999999999999997676e-05    1.6999999999999999866e-05    4.999999999999999562e-06    8    -1    15    17    17    18    52    57    57    1    0    4    90    91    92    93    94    95    96    
9    7.3999999999999996228e-05    0.00011699999999999999788    4.999999999999999562e-06    4    20    20    32    35    0    0    97    98    99    100    
10    4.999999999999999562e-06    0.00012199999999999999744    4.999999999999999562e-06    3    2    19    45    0    0    80    101    102    
11    7.499999999999999343e-05    5.800000000000000034e-05    6.000000000000000152e-06    2    15    35    0    0    103    104    
12    0.00010100000000000000199    6.3999999999999997104e-05    6.999999999999999895e-06    6    23    23    28    28    34    35    0    0    105    106    107    108    109    110    
13    6.000000000000000152e-06    5.8999999999999997542e-05    7.999999999999999638e-06    3    5    18    18    0    0    84    111    112    
14    0.00014500000000000000085    9.3999999999999994476e-05    7.999999999999999638e-06    1    6    0    0    86    
15    8.8999999999999994914e-05    3.6999999999999998114e-05    9.999999999999999124e-06    8    8    11    18    23    38    38    46    46    0    0    90    103    113    114    115    116    117    118    
16    0.00011799999999999999508    0.00013400000000000000452    9.999999999999999124e-06    6    0    6    20    21    39    64    0    1    40    87    119    120    121    122    
17    1.6999999999999999866e-05    1.9999999999999998248e-05    1.0999999999999999714e-05    6    5    8    8    22    30    43    0    0    85    91    92    123    124    125    
18    4.4999999999999996058e-05    8.299999999999999815e-05    1.0999999999999999714e-05    11    8    13    13    15    19    35    37    43    44    44    56    0    0    93    111    112    113    126    127    128    129    130    131    132    
19    3.2999999999999995754e-05    0.00010899999999999999316    1.0999999999999999714e-05    6    10    18    29    37    45    45    0    0    101    126    133    134    135    136    
20    0.0001039999999999999936    0.00011299999999999999552    1.2000000000000000304e-05    7    9    9    16    33    35    35    39    0    0    97    98    119    137    138    139    140    
21    0.00014500000000000000085    0.00014699999999999999525    1.2000000000000000304e-05    3    0    16    39    0    1    41    120    141    
22    9.999999999999999124e-06    7.999999999999999638e-06    1.29999999999999992e-05    5    -1    17    30    52    55    1    0    5    123    142    143    144    
23    0.0001049999999999999908    2.3000000000000000018e-05    1.29999999999999992e-05    12    -1    -1    7    12    12    15    25    31    34    38    54    54    1    0    6    7    88    105    106    114    145    146    147    148    149    150    
24    5.8999999999999997542e-05    2.799999999999999958e-05    1.29999999999999992e-05    0    0    0    
25    0.00014099999999999998494    3.9999999999999996496e-05    1.29999999999999992e-05    4    23    31    31    34    0    0    145    151    152    153    
26    1.399999999999999979e-05    0.00014699999999999999525    1.4999999999999998686e-05    5    0    2    29    41    45    0    1    42    81    154    155    156    
27    4.3999999999999998856e-05    2.0999999999999998838e-05    1.5999999999999999276e-05    0    0    0    
28    0.00013099999999999998581    6.5999999999999991508e-05    1.8000000000000000456e-05    8    12    12    34    35    35    40    40    53    0    0    107    108    157    158    159    160    161    162    
29    5.19999999999999968e-05    0.00013599999999999999893    1.8000000000000000456e-05    8    0    0    19    26    32    45    48    48    0    1    43    44    133    154    163    164    165    166    
30    6.000000000000000152e-06    2.3000000000000000018e-05    1.9999999999999998248e-05    3    17    22    51    0    0    124    142    167    
31    0.00013699999999999999613    2.59999999999999984e-05    1.9999999999999998248e-05    9    4    7    23    25    25    34    38    54    83    0    0    83    89    146    151    152    168    169    170    171    
32    7.3999999999999996228e-05    0.00011699999999999999788    1.9999999999999998248e-05    5    9    29    33    35    63    0    0    99    163    172    173    174    
33    8.700000000000000051e-05    0.00012100000000000000024    2.3000000000000000018e-05    5    20    32    39    60    63    0    0    137    172    175    176    177    
34    0.00012899999999999999141    5.399999999999999798e-05    2.499999999999999781e-05    9    12    23    25    28    31    35    38    40    59    0    0    109    147    153    157    168    178    179    180    181    
35    9.0999999999999989318e-05    7.5999999999999990632e-05    2.499999999999999781e-05    19    9    11    12    18    20    20    28    28    32    34    39    39    59    60    60    62    63    66    66    0    0    100    104    110    127    138    139    158    159    173    178    182    183    184    185    186    187    188    189    190    
36    3.000000000000000076e-06    5.8999999999999997542e-05    2.9999999999999997372e-05    2    51    58    0    0    191    192    
37    2.1999999999999999428e-05    8.0999999999999990194e-05    2.9999999999999997372e-05    11    18    19    44    44    44    58    58    58    61    61    71    0    0    128    134    193    194    195    196    197    198    199    200    201    
38    0.00010799999999999999596    3.100000000000000135e-05    3.100000000000000135e-05    8    15    15    23    31    34    54    59    78    0    0    115    116    148    169    179    202    203    204    
39    0.00013199999999999998302    0.00012799999999999999421    3.1999999999999998552e-05    18    0    0    16    20    21    33    35    35    60    62    62    62    64    65    66    88    88    88    0    1    45    46    121    140    141    175    182    183    205    206    207    208    209    210    211    212    213    214    
40    0.00013999999999999998774    5.599999999999999916e-05    3.2999999999999995754e-05    5    28    28    34    69    79    0    0    160    161    180    215    216    
41    6.999999999999999895e-06    0.00014699999999999999525    3.2999999999999995754e-05    3    0    26    45    0    1    47    155    217    
42    4.999999999999999562e-05    9.999999999999999124e-06    3.4999999999999996934e-05    4    -1    43    52    57    1    0    8    218    219    220    
43    5.0999999999999999598e-05    2.0999999999999998838e-05    3.4999999999999996934e-05    5    17    18    42    50    55    0    0    125    129    218    221    222    
44    4.1000000000000000474e-05    7.2000000000000001824e-05    3.4999999999999996934e-05    11    18    18    37    37    37    56    59    71    84    92    98    0    0    130    131    193    194    195    223    224    225    226    227    228    
45    2.0999999999999998838e-05    0.0001250000000000000026    3.4999999999999996934e-05    17    0    0    10    19    19    26    29    41    48    61    61    63    63    72    92    93    97    0    1    48    49    102    135    136    156    164    217    229    230    231    232    233    234    235    236    237    
46    7.2999999999999999026e-05    2.3000000000000000018e-05    3.6000000000000000912e-05    5    15    15    50    54    57    0    0    117    118    238    239    240    
47    6.2999999999999999902e-05    8.0999999999999990194e-05    3.6000000000000000912e-05    0    0    0    
48    5.800000000000000034e-05    0.00014699999999999999525    3.6000000000000000912e-05    7    0    0    29    29    45    76    97    0    1    50    51    165    166    229    241    242    
49    1.9999999999999999095e-06    3.999999999999999819e-06    3.8999999999999999294e-05    1    -1    1    0    9    
50    6.20000000000000027e-05    3.3999999999999999732e-05    3.8999999999999999294e-05    5    43    46    56    84    87    0    0    221    238    243    244    245    
51    3.999999999999999819e-06    4.3999999999999998856e-05    3.8999999999999999294e-05    6    30    36    55    55    68    101    0    0    167    191    246    247    248    249    
52    3.8999999999999999294e-05    4.999999999999999562e-06    3.9999999999999996496e-05    6    -1    8    22    42    55    70    1    0    10    94    143    219    250    251    
53    0.00013799999999999999333    8.5999999999999989756e-05    3.9999999999999996496e-05    5    28    62    62    62    89    0    0    162    252    253    254    255    
54    0.00010899999999999999316    1.399999999999999979e-05    4.1999999999999997676e-05    10    -1    23    23    31    38    46    57    78    83    90    1    0    11    149    150    170    202    239    256    257    258    259    
55    1.399999999999999979e-05    1.9999999999999998248e-05    4.1999999999999997676e-05    7    22    43    51    51    52    68    70    0    0    144    222    246    247    250    260    261    
56    4.2999999999999994878e-05    5.19999999999999968e-05    4.1999999999999997676e-05    5    18    44    50    58    87    0    0    132    223    243    262    263    
57    8.299999999999999815e-05    6.999999999999999895e-06    4.2999999999999994878e-05    12    -1    8    8    42    46    54    78    82    82    82    111    137    1    0    12    95    96    220    240    256    264    265    266    267    268    269    
58    1.6999999999999999866e-05    5.9999999999999994744e-05    4.2999999999999994878e-05    11    36    37    37    37    56    68    71    71    85    85    107    0    0    192    196    197    198    262    270    271    272    273    274    275    
59    8.5999999999999989756e-05    6.7000000000000002262e-05    4.2999999999999994878e-05    11    34    35    38    44    78    79    84    94    98    98    103    0    0    181    184    203    224    276    277    278    279    280    281    282    
60    7.2000000000000001824e-05    9.4999999999999991678e-05    4.2999999999999994878e-05    6    33    35    35    39    63    103    0    0    176    185    186    205    283    284    
61    1.6999999999999999866e-05    9.4999999999999991678e-05    4.3999999999999998856e-05    8    37    37    45    45    71    92    92    92    0    0    199    200    230    231    285    286    287    288    
62    0.00012999999999999998861    9.999999999999999124e-05    4.3999999999999998856e-05    11    35    39    39    39    53    53    53    66    88    89    89    0    0    187    206    207    208    252    253    254    289    290    291    292    
63    5.0999999999999999598e-05    0.00011699999999999999788    4.3999999999999998856e-05    11    32    33    35    45    45    60    76    92    93    93    93    0    0    174    177    188    232    233    283    293    294    295    296    297    
64    0.00010100000000000000199    0.00014500000000000000085    4.4999999999999996058e-05    6    0    16    39    75    81    102    0    1    52    122    209    298    299    300    
65    0.00013199999999999998302    0.00014500000000000000085    4.6000000000000000036e-05    4    0    39    81    88    0    1    53    210    301    302    
66    0.0001019999999999999992    9.2999999999999997274e-05    4.8000000000000001216e-05    6    35    35    39    62    75    94    0    0    189    190    211    289    303    304    
67    0    3.999999999999999819e-06    5.0999999999999999598e-05    0    0    0    
68    1.4999999999999998686e-05    4.1999999999999997676e-05    5.0999999999999999598e-05    4    51    55    58    70    0    0    248    260    270    305    
69    0.00014400000000000000365    5.599999999999999916e-05    5.0999999999999999598e-05    3    40    79    99    0    0    215    306    307    
70    2.0999999999999998838e-05    1.6999999999999999866e-05    5.19999999999999968e-05    10    -1    -1    -1    -1    52    55    68    87    87    116    1    0    13    14    15    16    251    261    305    308    309    310    
71    2.499999999999999781e-05    8.299999999999999815e-05    5.399999999999999798e-05    8    37    44    58    58    61    92    107    122    0    0    201    225    271    272    285    311    312    313    
72    1.9999999999999999095e-06    0.00011799999999999999508    5.399999999999999798e-05    1    45    0    0    234    
73    0.00014899999999999998966    0.00012199999999999999744    5.399999999999999798e-05    0    0    0    
74    8.2000000000000000948e-05    0.00010799999999999999596    5.4999999999999995182e-05    0    0    0    
75    8.9999999999999992116e-05    0.00012299999999999998109    5.4999999999999995182e-05    3    64    66    93    0    0    298    303    314    
76    6.7000000000000002262e-05    0.00013599999999999999893    5.4999999999999995182e-05    3    48    63    102    0    0    241    293    315    
77    8.0999999999999990194e-05    0.00010899999999999999316    5.599999999999999916e-05    0    0    0    
78    9.2000000000000000072e-05    2.499999999999999781e-05    5.6999999999999996362e-05    6    38    54    57    59    84    111    0    0    204    257    264    276    316    317    
79    0.00012299999999999998109    3.6999999999999998114e-05    5.6999999999999996362e-05    7    40    59    69    83    90    99    111    0    0    216    277    306    318    319    320    321    
80    8.2000000000000000948e-05    0.00011100000000000000112    5.800000000000000034e-05    0    0    0    
81    0.00010899999999999999316    0.00014199999999999998214    5.800000000000000034e-05    5    0    64    65    102    108    0    1    54    299    301    322    323    
82    6.5999999999999991508e-05    1.0999999999999999714e-05    5.9999999999999994744e-05    7    -1    57    57    57    90    95    137    1    0    17    265    266    267    324    325    326    
83    0.00014199999999999998214    1.2000000000000000304e-05    5.9999999999999994744e-05    9    -1    -1    31    54    79    90    99    112    112    1    0    18    19    171    258    318    327    328    329    330    
84    6.8999999999999996666e-05    4.6000000000000000036e-05    5.9999999999999994744e-05    7    44    50    59    78    87    95    105    0    0    226    244    278    316    331    332    333    
85    9.000000000000000228e-06    5.6999999999999996362e-05    5.9999999999999994744e-05    4    58    58    107    107    0    0    273    274    334    335    
86    0.00014899999999999998966    7.099999999999999107e-05    6.20000000000000027e-05    0    0    0    
87    4.6999999999999997238e-05    2.799999999999999958e-05    6.2999999999999999902e-05    7    50    56    70    70    84    95    101    0    0    245    263    308    309    331    336    337    
88    0.00013799999999999999333    0.00012899999999999999141    6.2999999999999999902e-05    9    0    39    39    39    62    65    89    108    114    0    1    55    212    213    214    290    302    338    339    340    
89    0.00014300000000000000645    0.00010899999999999999316    6.3999999999999997104e-05    5    53    62    62    88    125    0    0    255    291    292    338    341    
90    0.00011600000000000000068    6.000000000000000152e-06    6.5999999999999991508e-05    8    -1    54    79    82    83    111    111    112    1    0    20    259    319    324    327    342    343    344    
91    3.000000000000000076e-06    7.499999999999999343e-05    6.7000000000000002262e-05    1    92    0    0    345    
92    1.8999999999999997658e-05    8.8999999999999994914e-05    6.7000000000000002262e-05    14    44    45    61    61    61    63    71    91    96    97    113    122    123    145    0    0    227    235    286    287    288    294    311    345    346    347    348    349    350    351    
93    6.7000000000000002262e-05    0.00011600000000000000068    6.7000000000000002262e-05    11    45    63    63    63    75    96    97    102    102    103    115    0    0    236    295    296    297    314    352    353    354    355    356    357    
94    0.0001029999999999999964    7.5999999999999990632e-05    6.8999999999999996666e-05    5    59    66    100    109    110    0    0    279    304    358    359    360    
95    5.4999999999999995182e-05    2.3000000000000000018e-05    6.9999999999999993868e-05    6    82    84    87    105    137    137    0    0    325    332    336    361    362    363    
96    4.3999999999999998856e-05    0.00011799999999999999508    6.9999999999999993868e-05    4    92    93    97    106    0    0    346    352    364    365    
97    3.8999999999999999294e-05    0.00013199999999999998302    6.9999999999999993868e-05    9    0    0    45    48    92    93    96    102    121    0    1    56    57    237    242    347    353    364    366    367    
98    5.399999999999999798e-05    6.9999999999999993868e-05    7.099999999999999107e-05    5    44    59    59    104    119    0    0    228    280    281    368    369    
99    0.00013999999999999998774    3.4999999999999996934e-05    7.2999999999999999026e-05    12    69    79    83    109    109    110    112    112    127    127    134    142    0    0    307    320    328    370    371    372    373    374    375    376    377    378    
100    0.00010899999999999999316    9.3999999999999994476e-05    7.2999999999999999026e-05    3    94    103    125    0    0    358    379    380    
101    2.59999999999999984e-05    4.1999999999999997676e-05    7.499999999999999343e-05    7    51    87    107    107    116    119    124    0    0    249    337    381    382    383    384    385    
102    7.5999999999999990632e-05    0.00014500000000000000085    7.499999999999999343e-05    8    0    64    76    81    93    93    97    115    0    1    58    300    315    322    354    355    366    386    
103    8.0999999999999990194e-05    8.299999999999999815e-05    7.7000000000000001386e-05    11    59    60    93    100    104    117    118    118    128    135    144    0    0    282    284    356    379    387    388    389    390    391    392    393    
104    6.7000000000000002262e-05    8.3999999999999995352e-05    7.7000000000000001386e-05    2    98    103    0    0    368    387    
105    7.499999999999999343e-05    3.6999999999999998114e-05    7.7999999999999998588e-05    4    84    95    111    118    0    0    333    361    394    395    
106    4.6999999999999997238e-05    9.8999999999999994038e-05    7.7999999999999998588e-05    3    96    122    128    0    0    365    396    397    
107    1.29999999999999992e-05    5.4999999999999995182e-05    7.899999999999999579e-05    12    58    71    85    85    101    101    116    116    119    122    131    132    0    0    275    312    334    335    381    382    398    399    400    401    402    403    
108    0.00010899999999999999316    0.00014199999999999998214    7.899999999999999579e-05    10    0    81    88    117    126    129    129    129    149    149    0    1    59    323    339    404    405    406    407    408    409    410    
109    0.00011399999999999999272    5.19999999999999968e-05    7.9999999999999992992e-05    6    94    99    99    110    118    127    0    0    359    370    371    411    412    413    
110    0.00012299999999999998109    6.20000000000000027e-05    7.9999999999999992992e-05    3    94    99    109    0    0    360    372    411    
111    9.8999999999999994038e-05    2.699999999999999899e-05    8.0999999999999990194e-05    10    57    78    79    90    90    105    127    137    137    155    0    0    268    317    321    342    343    394    414    415    416    417    
112    0.00013300000000000000732    1.4999999999999998686e-05    8.2000000000000000948e-05    7    83    83    90    99    99    142    142    0    0    329    330    344    373    374    418    419    
113    2.1999999999999999428e-05    0.00011399999999999999272    8.3999999999999995352e-05    3    92    123    145    0    0    348    420    421    
114    0.00013799999999999999333    0.0001259999999999999998    8.5999999999999989756e-05    8    88    125    125    125    125    126    149    151    0    0    340    422    423    424    425    426    427    428    
115    7.7000000000000001386e-05    0.00013699999999999999613    8.5999999999999989756e-05    4    93    102    117    184    0    0    357    386    429    430    
116    7.999999999999999638e-06    2.9999999999999997372e-05    8.700000000000000051e-05    6    70    101    107    107    132    132    0    0    310    383    398    399    431    432    
117    9.6000000000000002432e-05    0.00013500000000000000173    8.700000000000000051e-05    9    103    108    115    129    136    141    144    144    160    0    0    388    404    429    433    434    435    436    437    438    
118    7.7999999999999998588e-05    6.5999999999999991508e-05    8.7999999999999997712e-05    11    103    103    105    109    119    127    133    148    152    155    155    0    0    389    390    395    412    439    440    441    442    443    444    445    
119    3.2999999999999995754e-05    7.2999999999999999026e-05    8.9999999999999992116e-05    11    98    101    107    118    122    132    133    154    155    157    159    0    0    369    384    400    439    446    447    448    449    450    451    452    
120    0    0.00014599999999999999805    8.9999999999999992116e-05    0    0    0    
121    3.6999999999999998114e-05    0.00013599999999999999893    9.0999999999999989318e-05    5    97    123    130    136    146    0    0    367    453    454    455    456    
122    2.59999999999999984e-05    9.0999999999999989318e-05    9.2000000000000000072e-05    9    71    92    106    107    119    133    145    154    157    0    0    313    349    396    401    446    457    458    459    460    
123    1.0999999999999999714e-05    0.00012699999999999999701    9.2000000000000000072e-05    6    92    113    121    130    145    145    0    0    350    420    453    461    462    463    
124    3.2999999999999995754e-05    3.2999999999999995754e-05    9.2999999999999997274e-05    7    101    132    137    143    155    155    165    0    0    385    464    465    466    467    468    469    
125    0.00013899999999999999053    9.7999999999999996836e-05    9.2999999999999997274e-05    9    89    100    114    114    114    114    147    151    153    0    0    341    380    422    423    424    425    470    471    472    
126    0.00014300000000000000645    0.00014300000000000000645    9.2999999999999997274e-05    5    0    108    114    149    149    0    1    60    405    426    473    474    
127    0.00011499999999999998993    3.100000000000000135e-05    9.3999999999999994476e-05    11    -1    99    99    109    111    118    134    142    148    156    175    1    0    21    375    376    413    414    440    475    476    477    478    479    
128    5.9999999999999994744e-05    0.00010999999999999999036    9.4999999999999991678e-05    6    103    106    133    136    144    154    0    0    391    397    480    481    482    483    
129    0.00011499999999999998993    0.00013599999999999999893    9.4999999999999991678e-05    7    108    108    108    117    149    151    160    0    0    406    407    408    433    484    485    486    
130    1.4999999999999998686e-05    0.00013999999999999998774    9.4999999999999991678e-05    7    0    121    123    145    145    146    150    0    1    61    454    461    487    488    489    490    
131    3.999999999999999819e-06    6.7999999999999999464e-05    9.6999999999999999634e-05    5    107    132    138    138    157    0    0    402    491    492    493    494    
132    1.8000000000000000456e-05    4.8000000000000001216e-05    9.7999999999999996836e-05    10    107    116    116    119    124    131    138    143    143    155    0    0    403    431    432    447    464    491    495    496    497    498    
133    5.19999999999999968e-05    8.4999999999999992554e-05    9.7999999999999996836e-05    6    118    119    122    128    152    159    0    0    441    448    457    480    499    500    
134    0.00013400000000000000452    5.800000000000000034e-05    9.999999999999999124e-05    4    99    127    140    174    0    0    377    475    501    502    
135    0.00010100000000000000199    9.6999999999999999634e-05    9.999999999999999124e-05    3    103    144    158    0    0    392    503    504    
136    5.8999999999999997542e-05    0.00013400000000000000452    9.999999999999999124e-05    6    117    121    128    144    146    184    0    0    434    455    481    505    506    507    
137    5.6999999999999996362e-05    7.999999999999999638e-06    0.0001029999999999999964    11    -1    57    82    95    95    111    111    124    156    162    165    1    0    22    269    326    362    363    415    416    465    508    509    510    
138    3.999999999999999819e-06    5.3000000000000000778e-05    0.0001039999999999999936    4    131    131    132    181    0    0    492    493    495    511    
139    0.00014699999999999999525    9.9999999999999995475e-07    0.0001049999999999999908    1    -1    1    0    23    
140    0.00014500000000000000085    6.20000000000000027e-05    0.0001049999999999999908    3    134    171    174    0    0    501    512    513    
141    9.3999999999999994476e-05    0.00014799999999999999246    0.0001049999999999999908    3    0    117    149    0    1    62    435    514    
142    0.00012699999999999999701    1.4999999999999998686e-05    0.00010600000000000000156    10    -1    99    112    112    127    174    174    182    194    195    1    0    24    378    418    419    476    515    516    517    518    519    
143    1.0999999999999999714e-05    1.9999999999999998248e-05    0.00010600000000000000156    10    -1    -1    -1    124    132    132    165    167    167    188    1    0    25    26    27    466    496    497    520    521    522    523    
144    7.899999999999999579e-05    0.00011600000000000000068    0.00010600000000000000156    9    103    117    117    128    135    136    154    160    172    0    0    393    436    437    482    503    505    524    525    526    
145    7.999999999999999638e-06    0.00012299999999999998109    0.00010600000000000000156    11    92    113    122    123    123    130    130    150    157    177    178    0    0    351    421    458    462    463    487    488    527    528    529    530    
146    4.4999999999999996058e-05    0.00014400000000000000365    0.00010600000000000000156    5    0    121    130    136    185    0    1    63    456    489    506    531    
147    0.00011899999999999999229    0.00010799999999999999596    0.00010799999999999999596    6    125    151    151    158    160    166    0    0    470    532    533    534    535    536    
148    8.8999999999999994914e-05    5.599999999999999916e-05    0.00010899999999999999316    6    118    127    155    156    163    164    0    0    442    477    537    538    539    540    
149    0.00014099999999999998494    0.00012799999999999999421    0.00010899999999999999316    18    0    0    108    108    114    126    126    129    141    151    151    153    160    166    172    184    184    191    0    1    64    65    409    410    427    473    474    484    514    541    542    543    544    545    546    547    548    549    
150    6.000000000000000152e-06    0.00014400000000000000365    0.00010899999999999999316    4    0    130    145    185    0    1    66    490    527    550    
151    0.00012799999999999999421    0.00011799999999999999508    0.00010999999999999999036    10    114    125    129    147    147    149    149    160    166    166    0    0    428    471    485    532    533    541    542    551    552    553    
152    7.2000000000000001824e-05    7.9999999999999992992e-05    0.00011100000000000000112    6    118    133    159    161    164    176    0    0    443    499    554    555    556    557    
153    0.00014500000000000000085    9.6000000000000002432e-05    0.00011100000000000000112    3    125    149    171    0    0    472    543    558    
154    5.800000000000000034e-05    0.00010699999999999999876    0.00011299999999999999552    8    119    122    128    144    177    179    183    193    0    0    449    459    483    524    559    560    561    562    
155    6.0999999999999998722e-05    4.3999999999999998856e-05    0.00011399999999999999272    12    111    118    118    119    124    124    132    148    163    164    168    197    0    0    417    444    445    450    467    468    498    537    563    564    565    566    
156    8.700000000000000051e-05    2.499999999999999781e-05    0.00011600000000000000068    5    127    137    148    163    175    0    0    478    508    538    567    568    
157    9.000000000000000228e-06    8.0999999999999990194e-05    0.00011600000000000000068    5    119    122    131    145    181    0    0    451    460    494    528    569    
158    0.00011100000000000000112    0.0001019999999999999992    0.00011600000000000000068    5    135    147    160    166    170    0    0    504    534    570    571    572    
159    4.6999999999999997238e-05    7.5999999999999990632e-05    0.00011699999999999999788    4    119    133    152    176    0    0    452    500    554    573    
160    0.0001029999999999999964    0.00011299999999999999552    0.00011699999999999999788    11    117    129    144    147    149    151    158    166    172    183    183    0    0    438    486    525    535    544    551    570    574    575    576    577    
161    8.299999999999999815e-05    9.6999999999999999634e-05    0.00011999999999999998949    2    152    183    0    0    555    578    
162    6.20000000000000027e-05    6.000000000000000152e-06    0.00012100000000000000024    5    -1    137    163    175    190    1    0    28    509    579    580    581    
163    6.7999999999999999464e-05    3.3999999999999999732e-05    0.00012199999999999999744    12    148    155    156    162    165    168    175    190    190    195    195    199    0    0    539    563    567    579    582    583    584    585    586    587    588    589    
164    7.5999999999999990632e-05    6.8999999999999996666e-05    0.00012199999999999999744    8    148    152    155    168    176    176    189    199    0    0    540    556    564    590    591    592    593    594    
165    3.6999999999999998114e-05    1.8000000000000000456e-05    0.00012299999999999998109    9    -1    -1    124    137    143    163    167    190    197    1    0    29    30    469    510    520    582    595    596    597    
166    0.00013500000000000000173    0.00010999999999999999036    0.0001240000000000000054    9    147    149    151    151    158    160    171    172    203    0    0    536    545    552    553    571    574    598    599    600    
167    6.000000000000000152e-06    6.000000000000000152e-06    0.0001250000000000000026    4    -1    143    143    165    1    0    31    521    522    595    
168    5.0999999999999999598e-05    5.399999999999999798e-05    0.0001250000000000000026    6    155    163    164    179    197    199    0    0    565    583    590    601    602    603    
169    1.9999999999999999095e-06    0.00013599999999999999893    0.0001250000000000000026    0    0    0    
170    0.00011499999999999998993    8.0999999999999990194e-05    0.00012699999999999999701    7    158    171    183    189    192    192    200    0    0    572    604    605    606    607    608    609    
171    0.00013799999999999999333    9.3999999999999994476e-05    0.00012699999999999999701    7    140    153    166    170    174    174    192    0    0    512    558    598    604    610    611    612    
172    9.8999999999999994038e-05    0.00011799999999999999508    0.00012799999999999999421    8    144    149    160    166    183    183    184    203    0    0    526    546    575    599    613    614    615    616    
173    0.0001029999999999999964    5.599999999999999916e-05    0.00012899999999999999141    3    189    189    195    0    0    617    618    619    
174    0.00012899999999999999141    5.9999999999999994744e-05    0.00012899999999999999141    11    134    140    142    142    171    171    192    195    198    198    200    0    0    502    513    515    516    610    611    620    621    622    623    624    
175    0.00010799999999999999596    4.999999999999999562e-06    0.00012999999999999998861    9    -1    -1    127    156    162    163    182    194    195    1    0    32    33    479    568    580    584    625    626    627    
176    5.4999999999999995182e-05    8.299999999999999815e-05    0.00012999999999999998861    8    152    159    164    164    183    189    193    204    0    0    557    573    591    592    628    629    630    631    
177    1.5999999999999999276e-05    0.00010699999999999999876    0.00012999999999999998861    7    145    154    178    201    204    205    209    0    0    529    559    632    633    634    635    636    
178    2.4000000000000000608e-05    0.00012100000000000000024    0.00012999999999999998861    3    145    177    185    0    0    530    632    637    
179    3.3999999999999999732e-05    6.7999999999999999464e-05    0.00013099999999999998581    3    154    168    181    0    0    560    601    638    
180    0.00014899999999999998966    0.00014500000000000000085    0.00013099999999999998581    0    0    0    
181    7.999999999999999638e-06    6.20000000000000027e-05    0.00013199999999999998302    5    138    157    179    188    205    0    0    511    569    638    639    640    
182    0.00013500000000000000173    6.000000000000000152e-06    0.00013300000000000000732    7    -1    -1    142    175    194    194    198    1    0    34    35    517    625    641    642    643    
183    9.2999999999999997274e-05    9.6999999999999999634e-05    0.00013300000000000000732    15    154    160    160    161    170    172    172    176    184    187    189    189    193    203    203    0    0    561    576    577    578    605    613    614    628    644    645    646    647    648    649    650    
184    6.7999999999999999464e-05    0.00014500000000000000085    0.00013300000000000000732    14    0    0    0    115    136    149    149    172    183    185    186    187    187    196    0    1    67    68    69    430    507    547    548    615    644    651    652    653    654    655    
185    4.1999999999999997676e-05    0.00014199999999999998214    0.00013400000000000000452    9    0    0    146    150    178    184    187    207    207    0    1    70    71    531    550    637    651    656    657    658    
186    0.0001029999999999999964    0.00014699999999999999525    0.00013400000000000000452    4    0    184    191    196    0    1    72    652    659    660    
187    5.399999999999999798e-05    0.00012699999999999999701    0.00013500000000000000173    5    183    184    184    185    201    0    0    645    653    654    656    661    
188    1.2000000000000000304e-05    4.2999999999999994878e-05    0.00013599999999999999893    7    143    181    197    197    205    210    210    0    0    523    639    662    663    664    665    666    
189    9.0999999999999989318e-05    7.5999999999999990632e-05    0.00013599999999999999893    10    164    170    173    173    176    183    183    193    199    200    0    0    593    606    617    618    629    646    647    667    668    669    
190    5.0999999999999999598e-05    4.999999999999999562e-06    0.00013699999999999999613    6    -1    162    163    163    165    197    1    0    36    581    585    586    596    670    
191    0.0001240000000000000054    0.00014099999999999998494    0.00013699999999999999613    4    0    149    186    203    0    1    73    549    659    671    
192    0.00013599999999999999893    8.3999999999999995352e-05    0.00013799999999999999333    8    170    170    171    174    200    200    202    206    0    0    607    608    612    620    672    673    674    675    
193    6.5999999999999991508e-05    9.8999999999999994038e-05    0.00013799999999999999333    6    154    176    183    189    201    204    0    0    562    630    648    667    676    677    
194    0.0001259999999999999998    1.4999999999999998686e-05    0.00013899999999999999053    7    -1    142    175    182    182    195    198    1    0    37    518    626    641    642    678    679    
195    0.00011199999999999999832    3.9999999999999996496e-05    0.00013899999999999999053    8    142    163    163    173    174    175    194    198    0    0    519    587    588    619    621    627    678    680    
196    8.8999999999999994914e-05    0.00014799999999999999246    0.00014099999999999998494    3    0    184    186    0    1    74    655    660    
197    2.900000000000000017e-05    3.3999999999999999732e-05    0.00014199999999999998214    7    -1    155    165    168    188    188    190    1    0    38    566    597    602    662    663    670    
198    0.00013300000000000000732    3.4999999999999996934e-05    0.00014199999999999998214    5    174    174    182    194    195    0    0    622    623    643    679    680    
199    6.8999999999999996666e-05    6.0999999999999998722e-05    0.00014300000000000000645    4    163    164    168    189    0    0    589    594    603    668    
200    0.00010899999999999999316    7.2999999999999999026e-05    0.00014300000000000000645    5    170    174    189    192    192    0    0    609    624    669    672    673    
201    4.2999999999999994878e-05    0.00011199999999999999832    0.00014300000000000000645    4    177    187    193    204    0    0    633    661    676    681    
202    0.00014400000000000000365    0.00010699999999999999876    0.00014400000000000000365    2    192    203    0    0    674    682    
203    0.00011699999999999999788    0.00011799999999999999508    0.00014400000000000000365    8    166    172    183    183    191    202    206    208    0    0    600    616    649    650    671    682    683    684    
204    4.3999999999999998856e-05    9.2999999999999997274e-05    0.00014500000000000000085    4    176    177    193    201    0    0    631    634    677    681    
205    1.9999999999999999095e-06    8.7999999999999997712e-05    0.00014599999999999999805    3    177    181    188    0    0    635    640    664    
206    0.00011499999999999998993    0.0001019999999999999992    0.00014599999999999999805    2    192    203    0    0    675    683    
207    3.000000000000000076e-06    0.00014599999999999999805    0.00014599999999999999805    4    0    0    185    185    0    1    75    76    657    658    
208    0.00013300000000000000732    0.00012699999999999999701    0.00014699999999999999525    2    203    211    0    0    684    685    
209    2.1999999999999999428e-05    0.00013400000000000000452    0.00014699999999999999525    1    177    0    0    636    
210    9.9999999999999995475e-07    5.8999999999999997542e-05    0.00014799999999999999246    2    188    188    0    0    665    666    
211    0.00014699999999999999525    0.00013500000000000000173    0.00014799999999999999246    2    0    208    0    1    77    685    
212    0.00013699999999999999613    0.00014999999999999998686    0.00014799999999999999246    1    0    0    1    78    
213    0.00012299999999999998109    9.9999999999999995475e-07    0.00014899999999999998966    1    -1    1    0    39    
214    5.800000000000000034e-05    4.6000000000000000036e-05    0.00014899999999999998966    0    0    0    
215    3.9999999999999996496e-05    0.00014999999999999998686    0.00014899999999999998966    1    0    0    1    79    
