685
1    -1    4    1.4999999999999970734e-06    0.035156249999999861222    9.340770846134690853e-06
2    -1    4    4.1055512754640017758e-06    0.024079358964948702898    1.4568802284333465423e-05
3    -1    7    4.1055512754639865292e-06    0.033180219046188910714    1.2539936203984451476e-05
4    -1    8    3.3284271247461906075e-06    0.016196530884131865591    1.6889345754054534496e-05
5    -1    22    7.499999999999999343e-06    0.03030711206896551449    9.8615414616580106559e-06
6    -1    23    5.5000000000000023981e-06    0.028113382899628280853    2.5675864152935533145e-05
7    -1    23    1.5000000000000106259e-06    0.024456521739130782783    2.7207535720825582631e-05
8    -1    42    4.6231056256176625811e-06    0.033188052213692052772    1.3683932183404009234e-05
9    -1    49    1.9142135623730926984e-06    0.036642135623730857918    3.7749172176353739649e-06
10    -1    52    6.8245553203367561362e-06    0.025703396975903271271    1.2051970793193947899e-05
11    -1    54    8.1157731058639012174e-06    0.020896501619880648165    1.3865424623862046088e-05
12    -1    57    8.3102496759066568237e-06    0.02118412566745604339    9.604686356149268146e-06
13    -1    70    2.4999999999999942753e-06    0.04464285714285694262    1.7095320997278757138e-05
14    -1    70    4.9999999999999997737e-07    0.012500000000000000694    1.9525624189766636239e-05
15    -1    70    4.9721359549995827208e-06    0.043833574388297193158    2.4191940806805889587e-05
16    -1    70    4.1055512754639865292e-06    0.020162142673999960962    3.3723137457834491491e-05
17    -1    82    7.4999999999999942608e-06    0.033323459715639762446    1.6007810593582119223e-05
18    -1    83    4.1055512754639831411e-06    0.025852072508380272153    1.8227726133558179276e-05
19    -1    83    3.6622776601683705923e-06    0.020570978006393118853    2.003122562401013173e-05
20    -1    90    6.3309518948452959112e-06    0.020040475947422621561    2.2321514285549718998e-05
21    -1    127    2.4999999999999942753e-06    0.053879310344827339996    3.3529837458597976162e-05
22    -1    137    9.9339811320565951907e-06    0.033026767447140711886    1.5402921800749368181e-05
23    -1    139    4.9999999999999997737e-07    0.012500000000000000694    4.9999999999999997737e-07
24    -1    142    7.4999999999999942608e-06    0.0341322815533980084    1.4568802284333463729e-05
25    -1    143    3.5000000000000016416e-06    0.030321782178217848713    3.1705677724975385153e-05
26    -1    143    3.6622776601683714393e-06    0.034927806406688334528    2.4520399670478460716e-05
27    -1    143    4.1055512754639865292e-06    0.047885088850749907285    2.0621590627301279497e-05
28    -1    162    8.3102496759066415771e-06    0.048092095874586661408    5.9371710435189531356e-06
29    -1    165    2.4999999999999942753e-06    0.04464285714285694262    1.8874586088176867284e-05
30    -1    165    1.4999999999999970734e-06    0.02083333333333325238    1.8006943105369109325e-05
31    -1    167    8.5622577482985568782e-06    0.034516128883379786074    6.5764732189829593878e-06
32    -1    175    1.9142135623730812634e-06    0.027759193654341231955    3.01703496830911828e-05
33    -1    175    6.9031242374328606899e-06    0.038932291043654428109    5.0249378105604415655e-06
34    -1    182    6.3309518948452840528e-06    0.020491284199818556033    7.4330343736592430849e-06
35    -1    182    4.9999999999999997737e-07    0.020833333333333332177    1.5337861650177961353e-05
36    -1    190    8.746211251235318091e-06    0.046193364282146910649    5.7662812973353932654e-06
37    -1    194    4.9999999999999997737e-07    0.0625    1.572418519351637936e-05
38    -1    197    2.4999999999999942753e-06    0.021701388888888790973    3.4238136631539984819e-05
39    -1    213    4.9999999999999997737e-07    0.010416666666666666088    2.0615528128088116613e-06
40    16    0    6.4999999999999970589e-06    0.021688911704312096446    2.0499999999999990073e-05
41    21    0    5.8851648071345163748e-06    0.045333985349652689001    5.0249378105604441066e-06
42    26    0    7.7801098892805178674e-06    0.037736976240199823773    3.6400549446402630214e-06
43    29    0    1.9142135623730982041e-06    0.02081939524075629086    1.9499999999999999647e-05
44    29    0    4.1055512754639882233e-06    0.033982966281177376389    1.9704060495238026742e-05
45    39    0    2.7360679774997893903e-06    0.042534477144885160516    2.3879907872519102048e-05
46    39    0    4.1055512754639848352e-06    0.044356713882799887749    2.5985572920372580877e-05
47    41    0    7.208203932499367581e-06    0.031150002357613521681    4.7169905660283033771e-06
48    45    0    5.5990195135927841948e-06    0.036968183388670736167    2.5578311124857320668e-05
49    45    0    5.599019513592789277e-06    0.027402989085308419176    3.7084363281577311722e-05
50    48    0    6.5000000000000038351e-06    0.020792322834645691337    4.6097722286464495631e-06
51    48    0    4.1055512754639882233e-06    0.038659521273999956914    1.8337120820892245746e-05
52    64    0    8.1157731058639046056e-06    0.044264632463618183711    9.1241437954473301336e-06
53    65    0    6.3309518948453103108e-06    0.040241919573137982513    5.6789083458002759342e-06
54    81    0    7.7801098892805127852e-06    0.041458979376219479152    1.1146748404803992e-05
55    88    0    3.6622776601683964268e-06    0.037674937247664339046    2.3157072353818834102e-05
56    97    0    4.9999999999999997737e-07    0.0625    2.0548722588034533181e-05
57    97    0    1.4999999999999970734e-06    0.080357142857142543901    1.8714967272212918923e-05
58    102    0    9.7195444572928807865e-06    0.031447917595636740162    6.2649820430708283924e-06
59    108    0    7.5710678118654843347e-06    0.022891800244355279409    8.9582364335844717615e-06
60    126    0    3.5000000000000185822e-06    0.026175213675213956921    7.8262379212492550574e-06
61    130    0    5.5990195135927841948e-06    0.018571694024640275633    1.1926860441876573294e-05
62    141    0    6.4999999999999970589e-06    0.044010416666666642149    3.7749172176353875175e-06
63    146    0    4.7426406871192876695e-06    0.019323574473470196688    1.035615758860398271e-05
64    149    0    2.7360679774997893903e-06    0.026735957062499243059    2.7041634565979919203e-05
65    149    0    3.4999999999999914772e-06    0.047851562499999764078    2.924465763177952089e-05
66    150    0    7.50000000000000019e-06    0.039280726256983242162    6.8738635424337541854e-06
67    184    0    4.1055512754639899174e-06    0.020555550335931701417    2.1891779278989645965e-05
68    184    0    3.5000000000000185822e-06    0.024898373983740111626    5.5901699437494718913e-06
69    184    0    1.4999999999999970734e-06    0.037499999999999859834    1.8337120820892235582e-05
70    185    0    3.3284271247461846782e-06    0.056522587371153849845    2.6874709300753393262e-05
71    185    0    7.571067811865466547e-06    0.026055030823575162785    2.5773047937719747736e-05
72    186    0    5.4999999999999863045e-06    0.030493951612903073822    4.6097722286464495631e-06
73    191    0    4.7426406871192834343e-06    0.028985361710205242991    1.1629703349613021446e-05
74    196    0    4.9721359549995793327e-06    0.031695046096153305093    3.3541019662496853371e-06
75    207    0    1.9142135623730931219e-06    0.041638790481512359676    4.716990566028301683e-06
76    207    0    4.9999999999999997737e-07    0.03125    8.0777472107017537909e-06
77    211    0    4.9999999999999997737e-07    0.020833333333333332177    1.5628499608087780367e-05
78    212    0    1.4999999999999970734e-06    0.040178571428571271951    1.118033988749897724e-06
79    215    0    4.9999999999999997737e-07    0.020833333333333332177    1.118033988749897724e-06
80    2    10    4.9999999999999997737e-07    0.00390625    2.2663772969546032432e-05
81    2    26    4.9999999999999997737e-07    0.010416666666666666088    1.6798921796180961896e-05
82    4    7    3.0495097567963901273e-06    0.018306121568496806773    1.7668615117623443574e-05
83    4    31    3.0495097567963719161e-06    0.032744752664775590711    3.4578614077360487621e-05
84    5    13    1.500000000000000038e-06    0.026785714285714291166    3.2656874595716724663e-05
85    5    17    2.0811388300841898906e-06    0.041645565673886456026    1.8233691246656658292e-05
86    6    14    2.370828693386956022e-06    0.03513017933366813228    2.5580875380581511201e-05
87    6    16    2.499999999999999781e-06    0.013354700854700854093    2.8711267087784889118e-05
88    7    23    4.8011626335213167591e-06    0.022079657694943820301    2.500179147530808002e-05
89    7    31    3.6622776601683705923e-06    0.016934694015364036568    2.3948085565009916571e-05
90    8    15    3.0495097567963918214e-06    0.018599019513592773833    5.5175829608030533169e-05
91    8    17    2.6213203435596422882e-06    0.017894063394686566398    2.8814010692137946085e-05
92    8    17    4.9999999999999997737e-07    0.0069444444444444449263    2.9439094141983495614e-05
93    8    18    4.9999999999999997737e-07    0.012500000000000000694    6.8930343554833106798e-05
94    8    52    4.9999999999999997737e-07    0.015625    4.5774660303160767216e-05
95    8    57    4.9999999999999997737e-07    0.0089285714285714298105    6.5353110124640576462e-05
96    8    57    1.2071067811865473437e-06    0.026019763949759772137    6.0165594888447087359e-05
97    9    20    4.9999999999999997737e-07    0.03125    3.5171768793496046928e-05
98    9    20    2.8452078799117193517e-06    0.035505297718911150995    3.2433182647456721879e-05
99    9    32    3.0495097567963875862e-06    0.026419061809080577469    1.5534230598500032872e-05
100    9    35    1.4999999999999970734e-06    0.0312499999999998751    4.9919726602247567937e-05
101    10    19    1.9142135623731024393e-06    0.031588047951492448373    3.4193642075153031046e-05
102    10    45    4.0355339059327368091e-06    0.012450713995361415223    4.0006178186051128808e-05
103    11    15    4.500000000000000114e-06    0.031839622641509433831    2.7397792041652061109e-05
104    11    35    4.4370039370059082939e-06    0.021874448818895480401    3.4138140736297769044e-05
105    12    23    1.2071067811865467085e-06    0.045534586912079552667    4.4178843172924034931e-05
106    12    23    4.9999999999999997737e-07    0.0078125    4.1633697691660866331e-05
107    12    28    3.0495097567963723396e-06    0.017883672609223598415    3.7888070987765396478e-05
108    12    28    1.7247448713915824964e-06    0.024789540594929725809    5.1111986727806611893e-05
109    12    34    4.6833001326703831317e-06    0.018524746733674352095    3.5869976192651539934e-05
110    12    35    5.499999999999999857e-06    0.016768292682926830284    3.1769556811380105204e-05
111    13    18    1.500000000000000038e-06    0.017045454545454551132    6.3179431923468128119e-05
112    13    18    3.0495097567963918214e-06    0.021135249447264522343    4.7747882465628405362e-05
113    15    18    3.0495097567963918214e-06    0.036902816495223762783    7.4140027149222870553e-05
114    15    23    6.4999999999999996e-06    0.018628747795414461047    2.1567634103192681908e-05
115    15    38    4.9999999999999997737e-07    0.0625    3.1695757896217742944e-05
116    15    38    4.9999999999999997737e-07    0.020833333333333332177    3.1915734629704963702e-05
117    15    46    2.4999999999999942753e-06    0.042229729729729541254    4.9573967907687600787e-05
118    15    46    4.035533905932734268e-06    0.03392819563735981897    4.4502434289050537739e-05
119    16    20    3.6622776601683786391e-06    0.0091864915480605307402    2.6410436453318293382e-05
120    16    21    4.9999999999999997737e-07    0.0625    3.5269272219354490629e-05
121    16    39    5.6961524227066331929e-06    0.01445906970708852636    2.7002393114856480143e-05
122    16    64    1.5000000000000106259e-06    0.02812500000000039968    5.0666470420049409987e-05
123    17    22    4.0355339059327385032e-06    0.019387540364205653465    1.4566185745546594426e-05
124    17    30    1.7247448713915888491e-06    0.027543933994366560924    1.5960540745686969776e-05
125    17    43    2.08113883008418862e-06    0.012590519854895888124    4.4090190557190035725e-05
126    18    19    6.2008771254956888979e-06    0.013851180520711702318    3.046129047309437441e-05
127    18    35    6.6237243569579473007e-06    0.020236957729224160085    5.3571827905065723841e-05
128    18    37    8.5622577482985551842e-06    0.02890861898592218121    3.2717645754379458592e-05
129    18    43    3.0495097567963918214e-06    0.034699663271628315708    9.7761179338004517521e-05
130    18    44    4.9999999999999997737e-07    0.020833333333333332177    4.6760672545990964225e-05
131    18    44    8.2781745930520292658e-06    0.017864487641567294157    2.8304480026222505367e-05
132    18    56    2.2320508075688759512e-06    0.038922271934131807969    5.2298710818509860085e-05
133    19    29    3.5822070014844859783e-06    0.025062904299774362016    3.5757345343919243023e-05
134    19    37    3.582207001484493178e-06    0.018022762642534446986    4.4093551313333574128e-05
135    19    45    3.0495097567963905508e-06    0.019373978659992466961    5.0310116078119106122e-05
136    19    45    4.9721359549995784857e-06    0.022722551429227546421    3.8036980575810301099e-05
137    20    33    4.9158804331639155722e-06    0.020832655545830903315    2.1900802929030369049e-05
138    20    35    2.5000000000000002045e-06    0.029481132075471705445    5.1751664496482510116e-05
139    20    35    4.500000000000000114e-06    0.01788869257950530256    4.6412113800799508422e-05
140    20    39    5.2434164902525690817e-06    0.010182746848241693363    3.8635702775998994566e-05
141    21    39    3.3284271247461846782e-06    0.016102365006898482214    3.3184657571384312857e-05
142    22    30    3.0495097567963918214e-06    0.022571625623292207452    1.7262787473678226801e-05
143    22    52    4.9999999999999997737e-07    0.0041666666666666674762    4.2247111959678348677e-05
144    22    55    4.1055512754639873763e-06    0.03075830524719703335    3.6602664611902783684e-05
145    23    25    4.9999999999999997737e-07    0.0078125    5.0552649168176624927e-05
146    23    31    2.3708286933869704216e-06    0.014637574722361899882    3.9146398068478706919e-05
147    23    34    4.0355339059327410443e-06    0.025932378831103133215    4.433102508046176841e-05
148    23    38    6.0226805085936320014e-06    0.020750961389355636333    2.0743527047892956603e-05
149    23    54    2.8452078799117117284e-06    0.030663666211786733129    3.1372843984113991174e-05
150    23    54    1.500000000000000038e-06    0.016071428571428576781    4.9909013930891297757e-05
151    25    31    4.9999999999999997737e-07    0.020833333333333332177    4.1049363914200768535e-05
152    25    31    5.3476798574163274369e-06    0.02526296807192253413    1.6557178169106578301e-05
153    25    34    5.4497474683058359888e-06    0.021459355107157421227    2.2019749898176809458e-05
154    26    29    2.4999999999999942753e-06    0.041118421052631401458    4.2896262437549086154e-05
155    26    41    2.4999999999999942753e-06    0.013354700854700795112    2.5172617529928751864e-05
156    26    45    1.4999999999999970734e-06    0.022499999999999912431    4.1455180329102862043e-05
157    28    34    6.7849025449882705601e-06    0.021155745654865953237    1.4720153254455270204e-05
158    28    35    4.9999999999999997737e-07    0.0062500000000000003469    6.6778280339649297918e-05
159    28    35    5.6478150704934934476e-06    0.022590520588168148952    4.5127011043944625143e-05
160    28    40    4.8011626335213032066e-06    0.024418604484662310289    3.2881691670560147394e-05
161    28    40    4.9999999999999997737e-07    0.0625    2.0601536228325294264e-05
162    28    53    2.8452078799117104578e-06    0.024092880594975270986    3.1882877172433102253e-05
163    29    32    4.9999999999999997737e-07    0.0069444444444444449263    2.9443277064976981815e-05
164    29    45    2.949489742783172321e-06    0.025586734537597483757    3.9227013717232017079e-05
165    29    48    2.08113883008418862e-06    0.03281165780366807061    3.0248081673931804039e-05
166    29    48    1.2071067811865359088e-06    0.040475188366292214059    2.220526083052616525e-05
167    30    51    1.914213562373095663e-06    0.03158804795149221939    2.845523883395745433e-05
168    31    34    5.5990195135927757245e-06    0.017893275978078018035    3.1684250106405980447e-05
169    31    38    1.4999999999999970734e-06    0.040178571428571271951    3.3658854794467652676e-05
170    31    54    3.0495097567963918214e-06    0.013756671237864481414    4.1924462718342104237e-05
171    31    83    3.0495097567963880097e-06    0.038112744904903142484    4.6850588857671236038e-05
172    32    33    4.9158804331639257366e-06    0.023785315386972386009    1.3962384202241164265e-05
173    32    35    2.4999999999999942753e-06    0.017361111111111032085    5.6433981762393739155e-05
174    32    63    2.2320508075688801864e-06    0.027076363084613534055    3.3766852522083216481e-05
175    33    39    3.5000000000000050297e-06    0.026175213675213755693    5.2200789767350660488e-05
176    33    60    2.3708286933869763508e-06    0.018015476581368584236    4.028758660018495302e-05
177    33    63    1.914213562373095663e-06    0.032716192521188368347    4.247019463993557595e-05
178    34    35    5.499999999999999857e-06    0.01575520833333333634    4.40993324775693939e-05
179    34    38    4.0355339059327376562e-06    0.0083259375797202148095    3.382766175430291898e-05
180    34    40    5.0825756949558364186e-06    0.01626736504720138754    1.3971697250869575429e-05
181    34    59    4.9999999999999997737e-07    0.03125    4.9432868809441596033e-05
182    35    39    3.0495097567963880097e-06    0.030590492621040684534    7.8358842251737481285e-05
183    35    39    3.5822070014844893664e-06    0.02970418287380671013    7.1155259437427316807e-05
184    35    59    8.8066238629180787305e-06    0.028597575170692533103    2.1194570835233903584e-05
185    35    60    2.7360679774997953196e-06    0.012731408124999697706    4.3455400921284476155e-05
186    35    60    3.0495097567963918214e-06    0.016372376332388010461    4.174335350319975874e-05
187    35    62    5.5000000000000134095e-06    0.032738095238095399342    5.647491376345128598e-05
188    35    63    1.4999999999999970734e-06    0.035156249999999861222    6.3446635881492780928e-05
189    35    66    2.081138830084200055e-06    0.032811657803668431432    3.3527967724528460547e-05
190    35    66    2.8452078799117121519e-06    0.016725636115520043506    4.979152410536123388e-05
191    36    51    1.500000000000000038e-06    0.022500000000000006106    1.877817214184144645e-05
192    36    58    3.0495097567963875862e-06    0.029060967989988632787    1.9424907247006710054e-05
193    37    44    2.7360679774997830376e-06    0.032833631480262082114    2.8477320129515702176e-05
194    37    44    4.9999999999999997737e-07    0.0078125    2.8590780576946858932e-05
195    37    44    4.9999999999999997737e-07    0.020833333333333332177    3.0848632673237943384e-05
196    37    58    2.0811388300841852319e-06    0.025181039709791696452    4.1676584290005429093e-05
197    37    58    4.9999999999999997737e-07    0.0089285714285714298105    2.952469976977605741e-05
198    37    58    4.9999999999999997737e-07    0.0625    3.2002928032794467647e-05
199    37    61    1.500000000000000038e-06    0.018750000000000006245    4.9563391047692673802e-05
200    37    61    4.0355339059327393502e-06    0.019860407202357016621    2.0487519250938682853e-05
201    37    71    4.437003937005911682e-06    0.015190589457566329445    2.4309621465325212777e-05
202    38    54    5.8851648071345002812e-06    0.022145246040367307094    2.0902574114252697355e-05
203    38    59    1.914213562373095663e-06    0.028626668456039821437    4.4734201762954388924e-05
204    38    78    4.0355339059327418913e-06    0.0252880961272248031    3.5139866103307389948e-05
205    39    60    4.9999999999999997737e-07    0.015625    7.4866837126972787418e-05
206    39    62    6.784902544988266325e-06    0.022174808547682209325    3.0798158859533809591e-05
207    39    62    4.9999999999999997737e-07    0.0625    3.9417870943634261802e-05
208    39    62    4.9999999999999997737e-07    0.03125    3.8609393686754348257e-05
209    39    64    4.5620192023179944796e-06    0.036131977781802278316    4.2505708675200540672e-05
210    39    65    5.499999999999999857e-06    0.028009259259259258051    2.7276330483810996554e-05
211    39    66    3.4154759474226544559e-06    0.018575598642392804338    5.0820224741064914833e-05
212    39    88    4.9999999999999997737e-07    0.012500000000000000694    3.5428683725697126183e-05
213    39    88    1.4999999999999970734e-06    0.025568181818181719145    4.3186153496909203311e-05
214    39    88    4.9999999999999997737e-07    0.0625    4.4097592774111265071e-05
215    40    69    3.7403703492039322052e-06    0.015754921564418860463    2.4480427184484098596e-05
216    40    79    1.7247448713915964724e-06    0.027543933994366807255    3.9795249814412219833e-05
217    41    45    3.4999999999999969829e-06    0.024499999999999955841    3.1907951536155652959e-05
218    42    43    3.7403703492039305111e-06    0.019217541688466944355    1.2135138936732835829e-05
219    42    52    4.2416573867739464773e-06    0.014603618008745117979    1.8002894188472894814e-05
220    42    57    3.3284271247461906075e-06    0.022156854249492385217    4.7082610792095633224e-05
221    43    50    2.8452078799117168106e-06    0.021761311505139050576    2.0792639631692968734e-05
222    43    55    2.4999999999999976634e-06    0.016276041666666636598    5.1735480189455721974e-05
223    44    56    5.0276925690687093991e-06    0.015642136490760346484    2.1626455801064737488e-05
224    44    59    3.0495097567963981741e-06    0.0098096094480974987267    5.7546005065209991495e-05
225    44    71    5.6961524227066306518e-06    0.0142058460694862599    2.7319925442499902446e-05
226    44    84    1.5000000000000038496e-06    0.033088235294117820939    4.6206005831063480809e-05
227    44    92    1.2071067811865456497e-06    0.033116063208785066763    5.6965305240989474512e-05
228    44    98    3.0495097567963918214e-06    0.012915985773328319403    4.2292157722967669382e-05
229    45    48    4.9999999999999997737e-07    0.00390625    5.049402822797585959e-05
230    45    61    2.0811388300841915846e-06    0.023538797989588033238    5.0663099818053663234e-05
231    45    61    4.4370039370059082939e-06    0.031549685796483865896    3.4799318500222198389e-05
232    45    63    2.845207879911702411e-06    0.011498874829419952065    4.8954442490142894293e-05
233    45    63    1.2071067811865456497e-06    0.036427669529663579684    3.8823500194705469891e-05
234    45    72    1.500000000000000038e-06    0.020089285714285719242    3.0138438203800623085e-05
235    45    92    4.56201920231798008e-06    0.020979858066852798137    4.9193861766270757969e-05
236    45    93    4.9999999999999997737e-07    0.020833333333333332177    6.1840445273451916889e-05
237    45    97    1.4999999999999970734e-06    0.033088235294117515628    4.0215379010399332266e-05
238    46    50    5.5497524691810389501e-06    0.024062306616547686489    1.8874847095231795177e-05
239    46    54    3.0495097567963875862e-06    0.018901442595114562734    3.8114409121523911946e-05
240    46    57    5.0825756949558398068e-06    0.016687710397258293665    2.0283315280044857804e-05
241    48    76    2.8452078799116994464e-06    0.017006739243511825171    2.4752058325383954169e-05
242    48    97    4.9999999999999997737e-07    0.03125    4.5237424492418545484e-05
243    50    56    4.9721359549995827208e-06    0.033589858634510347257    2.6530411727253475459e-05
244    50    84    2.5000000000000010515e-06    0.027412280701754412199    2.729595043847113248e-05
245    50    87    2.0811388300841852319e-06    0.02460874335275097663    3.0687661927935301165e-05
246    51    55    2.5000000000000010515e-06    0.035511363636363667273    3.2763302608283677612e-05
247    51    55    2.499999999999999781e-06    0.01795977011494252415    2.9766366393987086142e-05
248    51    68    3.0495097567963892803e-06    0.036326209987485834352    1.9024914157437640915e-05
249    51    101    1.2071067811865456497e-06    0.030356391274719642798    4.6727852916173941785e-05
250    52    55    4.9999999999999997737e-07    0.0625    3.3400253518366414111e-05
251    52    70    3.4999999999999999475e-06    0.012654958677685949897    2.6037881836882651474e-05
252    53    62    4.9999999999999997737e-07    0.03125    3.1526312887344393296e-05
253    53    62    4.9999999999999997737e-07    0.0625    2.8092010234501724078e-05
254    53    62    4.6231056256176541108e-06    0.024968581338338322745    1.811110797158325283e-05
255    53    89    4.9999999999999997737e-07    0.010416666666666666088    3.4252063276143219312e-05
256    54    57    4.8011626335213116769e-06    0.01343307845776299525    2.7076091565805416998e-05
257    54    78    4.24165738677393716e-06    0.018284204661355600574    2.5817677469554671543e-05
258    54    83    2.7360679774997910844e-06    0.017823971374999518502    5.3619673710806004191e-05
259    54    90    3.5822070014844880958e-06    0.014921170931958707348    2.7728358823423430665e-05
260    55    68    2.5000000000000010515e-06    0.029481132075471722792    2.4345268752089909813e-05
261    55    70    6.4160797830996139376e-06    0.017038940307574336475    1.2763253472435762072e-05
262    56    58    1.4999999999999970734e-06    0.0312499999999998751    2.7289977007115590084e-05
263    56    87    3.7403703492039305111e-06    0.020334840623842928564    3.319660658895320568e-05
264    57    78    4.1742346141747557929e-06    0.024891763734535245906    3.098378557441965411e-05
265    57    82    4.4370039370059040587e-06    0.026319523979954406734    2.5152371174286113103e-05
266    57    82    4.9999999999999997737e-07    0.010416666666666666088    4.0997437965420156542e-05
267    57    82    2.9494897427831829089e-06    0.026522834581656117708    4.5819690789837823775e-05
268    57    111    2.5000000000000078278e-06    0.013469827586206980716    5.5797937399831038104e-05
269    57    137    1.4999999999999970734e-06    0.033088235294117515628    6.9435264292288075482e-05
270    58    68    3.0495097567963875862e-06    0.047446478351001852847    2.1198698534121051997e-05
271    58    71    4.1055512754639975407e-06    0.018008067601991514795    3.0321112756006012457e-05
272    58    71    4.9999999999999997737e-07    0.0089285714285714298105    3.4284263257019962593e-05
273    58    85    1.2071067811865456497e-06    0.033116063208785066763    3.9567524934710319529e-05
274    58    85    3.0495097567963892803e-06    0.022571625623292169288    1.9532852443605922655e-05
275    58    107    1.724744871391585461e-06    0.027543933994366453372    3.8178276753891965379e-05
276    59    78    3.0495097567963981741e-06    0.014176081946336016593    4.5159168007946550068e-05
277    59    79    2.9494897427831765562e-06    0.031069606224225606445    5.6918738475215304037e-05
278    59    84    1.4999999999999970734e-06    0.0312499999999998751    3.3940873403425182513e-05
279    59    94    4.0355339059327308799e-06    0.023809260096392816097    3.288841392999397378e-05
280    59    98    4.9999999999999997737e-07    0.0625    4.2641380782898939629e-05
281    59    98    4.9999999999999997737e-07    0.0625    4.269380625737056545e-05
282    59    103    3.4154759474226557264e-06    0.031358806310276043927    4.0351317683091415291e-05
283    60    63    2.0811388300841852319e-06    0.036092823584034768036    3.1985559984143758128e-05
284    60    103    2.3708286933869653394e-06    0.03267923658945898896    3.7214346445461213091e-05
285    61    71    6.8639610306789292392e-06    0.026830273935466372737    1.9145202037802829442e-05
286    61    92    4.9999999999999997737e-07    0.010416666666666666088    4.4513096979845715893e-05
287    61    92    3.3284271247461867958e-06    0.015736402165832625438    2.9852547059952783083e-05
288    61    92    3.0495097567963837746e-06    0.033212534845701219277    3.9631483591397463672e-05
289    62    66    2.3708286933869763508e-06    0.030547982029277161858    2.9302959413828996764e-05
290    62    88    2.0811388300841809967e-06    0.02406188238935641141    3.6472485983634620659e-05
291    62    89    4.2416573867739363129e-06    0.016296791111208241976    3.0568748100329414994e-05
292    62    89    1.4999999999999970734e-06    0.0312499999999998751    2.875554221417585954e-05
293    63    76    3.0495097567963850451e-06    0.035767345218447495203    2.8346263626755898932e-05
294    63    92    5.0825756949558313364e-06    0.031657568253622245247    4.96269106133708567e-05
295    63    93    3.0495097567963850451e-06    0.023018588506921653508    3.408782747909893453e-05
296    63    93    3.049509756796395633e-06    0.024998682141925843841    3.8844873107304956944e-05
297    63    93    4.1742346141747701925e-06    0.025034819847952288069    3.3759950700567240825e-05
298    64    75    2.3708286933869619512e-06    0.032679236589458898754    2.6632644339114553355e-05
299    64    81    5.1368092477478596554e-06    0.014626834394538767992    1.6035065934404259491e-05
300    64    102    1.724744871391585461e-06    0.02564435233958255872    3.9971647187589558268e-05
301    65    81    4.5000000000000026551e-06    0.027663934426229542379    2.6224179793734796282e-05
302    65    88    3.0495097567963981741e-06    0.028702190607396382144    2.9596065858863670247e-05
303    66    75    2.5000000000000010515e-06    0.017959770114942544966    3.3501784003994635732e-05
304    66    94    2.621320343559636359e-06    0.021472876073623782534    3.1223832325945899695e-05
305    68    70    2.0811388300841915846e-06    0.02578058827431070274    2.6388332379736515555e-05
306    69    79    3.2386127875258352069e-06    0.039136614878827837016    2.8982731954710629313e-05
307    69    99    4.1055512754639848352e-06    0.027722946176749928976    3.1918582274423482937e-05
308    70    87    3.4999999999999999475e-06    0.018904320987654321673    3.2618606025517724186e-05
309    70    87    3.0495097567963897038e-06    0.028010571556615588423    4.7109113666631485459e-05
310    70    116    2.08113883008418862e-06    0.031846609044736656768    4.6993264826201782314e-05
311    71    92    6.0226805085936286133e-06    0.026749764386868442323    1.5767345386550763586e-05
312    71    107    2.5000000000000010515e-06    0.024038461538461560613    4.8755787790694755848e-05
313    71    122    4.035533905932734268e-06    0.02643755504209855875    4.2470047838380600757e-05
314    75    93    3.0495097567963837746e-06    0.041515668557126524096    2.8284004741945834998e-05
315    76    102    3.0495097567964146913e-06    0.018163104993743219018    2.6080342782120377316e-05
316    78    84    3.0495097567963918214e-06    0.026419061809080650327    3.2871675474322509974e-05
317    78    111    3.0495097567963871627e-06    0.01444023254160925647    2.5699314857150123623e-05
318    79    83    3.5822070014844952956e-06    0.020564434297250865774    3.4622641244270242929e-05
319    79    90    2.3708286933869653394e-06    0.015968263333485641781    3.3084888456326341745e-05
320    79    99    5.8851648071345121396e-06    0.017964297099136206787    2.5009269072411420028e-05
321    79    111    2.3708286933869678805e-06    0.010893078863153018293    3.7799111787903297115e-05
322    81    102    3.049509756796406221e-06    0.022354590761529995885    3.8084100677994752913e-05
323    81    108    4.5000000000000026551e-06    0.020833333333333359932    2.2213171509644742078e-05
324    82    90    4.9999999999999997737e-07    0.0078125    5.6289436977054017755e-05
325    82    95    4.3078865529319558384e-06    0.024163914782463501857    1.9547021037739249885e-05
326    82    137    2.5000000000000002045e-06    0.018601190476190479495    4.6731008902582999863e-05
327    83    90    1.500000000000000038e-06    0.035156250000000006939    3.3929006238383351739e-05
328    83    99    5.1368092477478452559e-06    0.019402065623343962841    3.0114036516575906079e-05
329    83    112    4.7426406871192766581e-06    0.02146244340373970258    2.5127239224320638966e-05
330    83    112    1.4999999999999970734e-06    0.033088235294117515628    3.9381302009617910717e-05
331    84    87    3.0495097567963918214e-06    0.019213863133876834394    3.4133741108820220408e-05
332    84    95    4.9999999999999997737e-07    0.03125    3.3719655869085977192e-05
333    84    105    1.4999999999999970734e-06    0.04326923076923060163    2.5096473960482224924e-05
334    85    107    1.7247448713915939313e-06    0.013771966997183361994    2.6193040437676978191e-05
335    85    107    1.5000000000000038496e-06    0.028125000000000146411    2.7397830847964099949e-05
336    87    95    5.4497474683058326006e-06    0.017147660201100364125    1.2720153254455270718e-05
337    87    101    3.0495097567963918214e-06    0.012499341070962888961    2.9846657493559812448e-05
338    88    89    3.7403703492039207702e-06    0.01880426122204820194    2.5226190427363973535e-05
339    88    108    4.9999999999999997737e-07    0.0056818181818181819759    5.4836588293351873629e-05
340    88    114    2.5000000000000213803e-06    0.015318627450980655189    2.8906887940945899518e-05
341    89    125    5.4999999999999863045e-06    0.036011904761904585393    3.1693250235005727077e-05
342    90    111    3.2386127875258275836e-06    0.027314095800848463974    3.3857720345278270496e-05
343    90    111    3.0495097567963854686e-06    0.036326209987485744146    3.6991540396883137954e-05
344    90    112    1.724744871391586308e-06    0.030986925743662286498    3.1502201178890262487e-05
345    91    92    1.2071067811865467085e-06    0.040475188366292935704    2.1310184133612397676e-05
346    92    96    2.3708286933869708451e-06    0.028104143466934860401    4.0065723534973027384e-05
347    92    97    1.4999999999999970734e-06    0.022499999999999912431    5.0252651771453525642e-05
348    92    113    1.7247448713915867315e-06    0.037184310892394767389    3.8397132469126642748e-05
349    92    122    5.7440442408507564489e-06    0.024995488061250563383    2.7251489123391268581e-05
350    92    123    4.9999999999999997737e-07    0.0052083333333333330442    5.4624865995780149351e-05
351    92    145    1.500000000000000038e-06    0.024456521739130439308    6.0378794131949961328e-05
352    93    96    4.801162633521315065e-06    0.015408531172139928664    2.6807897651560056985e-05
353    93    97    3.5000000000000050297e-06    0.028096330275229442625    3.2640990598088765351e-05
354    93    102    1.4999999999999970734e-06    0.0624999999999997502    4.8956885083870509991e-05
355    93    102    3.0495097567963892803e-06    0.028010571556615584954    4.2979660270756434731e-05
356    93    103    4.9158804331639223485e-06    0.029185845933772842226    4.1945400343226904886e-05
357    93    115    3.4154759474226675849e-06    0.012624973969072262811    3.742195031401650458e-05
358    94    100    3.7403703492039313582e-06    0.018804261222048306024    2.0122402729130576778e-05
359    94    109    2.4999999999999942753e-06    0.015470297029702899036    3.1357864828897431375e-05
360    94    110    3.0495097567963930919e-06    0.018163104993742962279    3.0741704300534487826e-05
361    95    105    1.2071067811865456497e-06    0.045534586912079469401    2.71892620643181459e-05
362    95    137    2.08113883008418862e-06    0.030077352986695730236    4.0399233064954526401e-05
363    95    137    1.5000000000000004615e-06    0.033088235294117668284    3.7113912929472194077e-05
364    96    97    4.0355339059327393502e-06    0.031807683410024906179    1.6895416494857787683e-05
365    96    106    2.6213203435596460998e-06    0.036549576295530121495    2.2345096620960283547e-05
366    97    102    2.4999999999999942753e-06    0.026483050847457507981    4.7400337336737198091e-05
367    97    121    3.7403703492039355933e-06    0.030151660235353386352    2.211361419656192987e-05
368    98    104    4.2416573867739363129e-06    0.015195656576667144685    2.0625255960307162131e-05
369    98    119    5.2434164902525750109e-06    0.025742899335442541442    3.0170412675624223826e-05
370    99    109    2.5000000000000078278e-06    0.045955882352941464231    3.5006140594029423187e-05
371    99    109    3.740370349203926276e-06    0.020943668187430992955    3.7758673930784652291e-05
372    99    110    4.1055512754639975407e-06    0.031446924021388163173    3.3526191284153261576e-05
373    99    112    4.6231056256176752866e-06    0.028271303737589681404    2.428670241172865954e-05
374    99    112    4.9999999999999997737e-07    0.0625    2.7864813930123582885e-05
375    99    127    5.2434164902525682347e-06    0.013583703799531899811    3.3624143795447325954e-05
376    99    127    4.9999999999999997737e-07    0.015625    4.4633217986579969887e-05
377    99    134    3.7403703492039313582e-06    0.021724177560875683468    3.9915696220552218003e-05
378    99    142    2.9494897427831735916e-06    0.035078587672512706597    4.1298211995363168767e-05
379    100    103    3.0495097567963850451e-06    0.030590492621040625554    3.6898634614076978157e-05
380    100    125    2.9494897427831765562e-06    0.032952612662057456649    4.2390931768804588319e-05
381    101    107    1.2071067811865456497e-06    0.036427669529663579684    2.7628246834876601468e-05
382    101    107    4.9999999999999997737e-07    0.0625    3.1220241824446564867e-05
383    101    116    3.0495097567963871627e-06    0.032289964433320696158    2.5361660912931790747e-05
384    101    119    3.0495097567963850451e-06    0.035767345218447495203    4.1122539526339176724e-05
385    101    124    4.9999999999999997737e-07    0.03125    2.2213171509644735302e-05
386    102    115    4.7426406871192732699e-06    0.018933199231581796657    1.3664735485924896116e-05
387    103    104    5.599019513592789277e-06    0.017111910214843251837    1.4177446878757812422e-05
388    103    117    2.3708286933869653394e-06    0.01672865682555638514    5.9789278214449036988e-05
389    103    118    4.1055512754639789059e-06    0.029263109853235946128    2.3050077247351698158e-05
390    103    118    1.724744871391585461e-06    0.035413629421328293723    2.4886676049508348448e-05
391    103    128    3.3284271247461821371e-06    0.022156854249492274195    4.2175933187463035524e-05
392    103    135    2.621320343559636359e-06    0.036549576295529843939    4.0156464795467311762e-05
393    103    144    4.9999999999999997737e-07    0.012500000000000000694    5.5236170054996279954e-05
394    105    111    3.0495097567963905508e-06    0.024217473324990575895    2.8496264529843653914e-05
395    105    118    1.2071067811865456497e-06    0.024285113019775719789    3.2016887333115723053e-05
396    106    122    2.4999999999999942753e-06    0.024038461538461428774    2.7415491108796385315e-05
397    106    128    2.3708286933869708451e-06    0.029898024964824319871    2.683281572999747592e-05
398    107    116    2.370828693386969151e-06    0.02867769741523960858    2.7091967123905945185e-05
399    107    116    4.9999999999999997737e-07    0.0625    3.3757586513994004005e-05
400    107    119    1.2071067811865456497e-06    0.018213834764831789842    4.2722431387211016129e-05
401    107    122    1.2071067811865467085e-06    0.045534586912079552667    4.5454558873493790911e-05
402    107    131    1.500000000000000038e-06    0.031250000000000006939    3.0316432701497349694e-05
403    107    132    4.0355339059327376562e-06    0.027696486234579490576    2.0867380628922279885e-05
404    108    117    6.6237243569579481477e-06    0.027980691554182389458    1.7173096106353540557e-05
405    108    126    4.9999999999999997737e-07    0.015625    4.4184662045013329851e-05
406    108    129    1.4999999999999970734e-06    0.04326923076923060163    2.6385083266813178822e-05
407    108    129    4.9999999999999997737e-07    0.0625    1.8447174362093991991e-05
408    108    129    1.7247448713916079073e-06    0.027543933994367171547    3.2068730383803613934e-05
409    108    149    4.9999999999999997737e-07    0.0625    4.9257611326439996969e-05
410    108    149    1.4999999999999970734e-06    0.024456521739130338694    5.4140006983239365211e-05
411    109    110    3.5000000000000050297e-06    0.018560606060606114204    1.3520797289396144615e-05
412    109    118    3.0495097567963863157e-06    0.024472394096832519178    4.0497200032648921343e-05
413    109    127    1.9142135623730910043e-06    0.050891855032959433525    2.9013550506602402374e-05
414    111    127    6.7849025449882714072e-06    0.015103314483263886869    2.2342158552835103904e-05
415    111    137    2.3708286933869670334e-06    0.018989286126307278191    5.2991693641894717154e-05
416    111    137    1.4999999999999970734e-06    0.025568181818181719145    5.8777162061057217698e-05
417    111    155    1.4999999999999970734e-06    0.04326923076923060163    6.7759416159381992677e-05
418    112    142    1.7247448713915875786e-06    0.028603316071072925481    3.8026363400017487053e-05
419    112    142    3.740370349203926276e-06    0.028435712091877857893    2.4932901024508826327e-05
420    113    123    2.3708286933869670334e-06    0.014052071733467385098    2.1762858001149115115e-05
421    113    145    2.0811388300841915846e-06    0.040103137315594429568    3.1658017944908160607e-05
422    114    125    3.0495097567963875862e-06    0.055354224742835494988    3.2974882586250834563e-05
423    114    125    4.9999999999999997737e-07    0.0078125    2.9480252896102309573e-05
424    114    125    4.9999999999999997737e-07    0.0625    3.1508473276065443458e-05
425    114    125    4.9999999999999997737e-07    0.020833333333333332177    3.2505103687955107792e-05
426    114    126    3.049509756796395633e-06    0.038112744904903329835    1.9725343843874039494e-05
427    114    149    2.5000000000000078278e-06    0.020833333333333467485    2.8532517197117405973e-05
428    114    151    3.049509756796382504e-06    0.026722729186196357565    2.7918295554231532828e-05
429    115    117    4.2416573867739312307e-06    0.022602584656751075615    2.015034517948117792e-05
430    115    184    1.7247448713915909667e-06    0.029747448713915960322    5.0917645028327029725e-05
431    116    132    1.2071067811865456497e-06    0.030356391274719642798    2.4645998711148671325e-05
432    116    132    3.0495097567963918214e-06    0.031417262691879693781    2.8704689760596195918e-05
433    117    129    4.0355339059327393502e-06    0.029718127565570719162    2.0740468819112709974e-05
434    117    136    1.2071067811865456497e-06    0.045534586912079469401    4.3055945167905137474e-05
435    117    141    2.9494897427831710505e-06    0.024714459496543002281    2.2569269509812697928e-05
436    117    144    5.1368092477478520321e-06    0.02692531555892638262    3.1878168029522623516e-05
437    117    144    4.9999999999999997737e-07    0.015625    4.6504247061752838378e-05
438    117    160    3.0495097567963850451e-06    0.032744752664775875206    3.9006897648957185309e-05
439    118    119    3.4154759474226523383e-06    0.017891834275188134989    4.5785551457402877255e-05
440    118    127    3.0495097567963863157e-06    0.020574136630080435556    5.5481102509251026137e-05
441    118    133    4.2416573867739439362e-06    0.022266902706403420009    3.7834524454254930674e-05
442    118    148    3.0495097567963905508e-06    0.018306121568496813712    2.5937619285235528557e-05
443    118    152    4.0355339059327410443e-06    0.02847121312226007922    2.8580121418016023052e-05
444    118    155    3.6622776601683722864e-06    0.016120526033856164005    4.188039068919068757e-05
445    118    155    4.9999999999999997737e-07    0.0625    5.8412447920469469029e-05
446    119    122    6.6237243569579388303e-06    0.013167384260791677175    2.3390620337522636808e-05
447    119    132    4.0355339059327385032e-06    0.023398755611972337637    3.7093521646627320874e-05
448    119    133    5.6961524227066314988e-06    0.01935927948848844421    2.5471121771072846791e-05
449    119    154    4.9999999999999997737e-07    0.0625    7.2022771566397655418e-05
450    119    155    2.3708286933869653394e-06    0.028677697415239518375    5.0778638632199051754e-05
451    119    157    4.6231056256176625811e-06    0.017461687602628825355    3.6671289316855414011e-05
452    119    159    3.0495097567963850451e-06    0.035225415745440719073    3.0759338832699549939e-05
453    121    123    2.0811388300841733734e-06    0.027763710449257197888    2.8732778922434373727e-05
454    121    130    2.5000000000000010515e-06    0.024801587301587321027    2.875829932628521537e-05
455    121    136    1.4999999999999970734e-06    0.035156249999999861222    2.7862756292522218387e-05
456    121    146    1.2071067811865551788e-06    0.019172457647191661761    2.555109024043856507e-05
457    122    133    3.4154759474226544559e-06    0.019975130046956644098    2.9202742856454259928e-05
458    122    145    4.0355339059327368091e-06    0.012226376806255805779    4.314523477314661685e-05
459    122    154    3.0495097567963930919e-06    0.016033637511717924867    5.1348034240029265859e-05
460    122    157    1.4999999999999970734e-06    0.037499999999999859834    3.7120497659907814177e-05
461    123    130    6.0226805085936362366e-06    0.038262321211596742043    1.4025170883003014943e-05
462    123    145    4.9999999999999997737e-07    0.03125    5.3627032658612556137e-05
463    123    145    6.7048368229954378937e-06    0.029810899749997052388    1.5236657742339934201e-05
464    124    132    3.5000000000000050297e-06    0.019506369426751650475    2.2205441169852743413e-05
465    124    137    2.5000000000000078278e-06    0.033244680851064044302    3.8185625006881902983e-05
466    124    143    3.0495097567963854686e-06    0.013134900786435522307    3.7222803987364887169e-05
467    124    155    3.0495097567963905508e-06    0.032289964433320772486    3.7720181761751670944e-05
468    124    155    3.5822070014844859783e-06    0.01549783454285564438    4.0425580348718680309e-05
469    124    165    3.0495097567963880097e-06    0.017221314364437714101    4.1941543848225348542e-05
470    125    147    6.0226805085936286133e-06    0.027902061929687391878    2.8262422659191142253e-05
471    125    151    3.5000000000000185822e-06    0.016734972677595806589    3.3206661180650723169e-05
472    125    153    3.5000000000000050297e-06    0.01673497267759567822    2.0595480954747438546e-05
473    126    149    1.9142135623730910043e-06    0.033927903355306293642    3.4089503628592556644e-05
474    126    149    3.0495097567963744572e-06    0.020757834278563133679    2.5053427005562265703e-05
475    127    134    4.5620192023179699156e-06    0.019486909365466188737    3.6752525933496748406e-05
476    127    142    6.8245553203367561362e-06    0.0144641476150114065    2.7606846951214978085e-05
477    127    148    3.7403703492039250054e-06    0.01494697686880757867    3.9141231151398372912e-05
478    127    156    3.0495097567963905508e-06    0.019702351179653354585    3.9465412584503063742e-05
479    127    175    2.7360679774997948961e-06    0.031720627023304318048    4.8632431515244487266e-05
480    128    133    2.0811388300841852319e-06    0.025181039709791696452    2.7295092384781918234e-05
481    128    136    1.724744871391585461e-06    0.014582082702899887283    2.6975925674297107073e-05
482    128    144    6.0226805085936286133e-06    0.032386321882672867989    2.4307906087991040805e-05
483    128    154    5.499999999999999857e-06    0.043462643678160918503    1.8685599578372433011e-05
484    129    149    2.9494897427831710505e-06    0.01412254828373885919    4.1258097269673818844e-05
485    129    151    2.7360679774997830376e-06    0.029242453037108411679    2.7103930703785518777e-05
486    129    160    1.7247448713915909667e-06    0.026560222065996393764    3.5193536998800976369e-05
487    130    145    1.9142135623730922749e-06    0.023488548476750543276    2.3977135675151127909e-05
488    130    145    4.9999999999999997737e-07    0.015625    3.1348215752565795509e-05
489    130    146    3.4999999999999914772e-06    0.018788343558282117468    3.3532977260203577488e-05
490    130    150    5.4999999999999863045e-06    0.026077586206896423426    1.9602239997197170901e-05
491    131    132    2.0811388300841873495e-06    0.030077352986695695541    2.5490063346283183367e-05
492    131    138    1.4999999999999970734e-06    0.04326923076923060163    1.7821658488546615937e-05
493    131    138    4.9999999999999997737e-07    0.0089285714285714298105    1.7723221623786928518e-05
494    131    157    1.500000000000000038e-06    0.033088235294117654406    2.7198960048784793695e-05
495    132    138    3.0495097567963850451e-06    0.017747156024420514264    1.64644515292152458e-05
496    132    143    3.8911649915626321755e-06    0.02523527498593770152    3.015004952371608878e-05
497    132    143    4.9999999999999997737e-07    0.0625    3.9603293230194337466e-05
498    132    155    3.3284271247461867958e-06    0.016196530884131827427    5.1061332564225660733e-05
499    133    152    3.7403703492039250054e-06    0.017844860139290680268    2.697286899915370134e-05
500    133    159    2.0811388300841852319e-06    0.030077352986695636561    2.2971103613647502102e-05
501    134    140    4.035533905932733421e-06    0.021889158475716003621    1.4246250571209582877e-05
502    134    174    2.8452078799117168106e-06    0.033730032832965529954    3.3457797145814392736e-05
503    135    144    4.4370039370059049058e-06    0.03566486220472083607    3.0912660266258881379e-05
504    135    158    3.7403703492039207702e-06    0.033310405593342529151    2.1448704113470913189e-05
505    136    144    3.5822070014844728492e-06    0.022433928324273388205    2.8061177097009421737e-05
506    136    146    4.4370039370059133761e-06    0.025239748637187146146    1.8628444012176904746e-05
507    136    184    3.5000000000000050297e-06    0.017909356725146253347    3.79014715446962633e-05
508    137    156    2.0811388300841852319e-06    0.049217486705501953259    4.185441546722936865e-05
509    137    162    4.1742346141747693454e-06    0.031796048566012383163    1.888496471477980578e-05
510    137    165    2.4999999999999942753e-06    0.057870370370370106949    3.1037704655888118067e-05
511    138    181    2.499999999999999781e-06    0.038109756097560967825    3.1121069426965962217e-05
512    140    171    1.5000000000000106259e-06    0.0351562500000004996    4.0589256521891090988e-05
513    140    174    2.8452078799117083402e-06    0.028108360694137770469    3.3948758594880089736e-05
514    141    149    1.2071067811865359088e-06    0.030356391274719157075    6.1628039780383550117e-05
515    142    174    3.0495097567963875862e-06    0.031417262691879603576    5.1266789958641428772e-05
516    142    174    1.9142135623730910043e-06    0.036642135623730795468    6.1613081446662830735e-05
517    142    182    3.2386127875258356305e-06    0.029797195419107570108    3.0831407594478632409e-05
518    142    194    4.9999999999999997737e-07    0.010416666666666666088    3.9427450062753606247e-05
519    142    195    3.0495097567963943625e-06    0.01761270787272046362    4.499259332813982618e-05
520    143    165    1.9142135623730935454e-06    0.039828408286664014615    3.8871506835421255671e-05
521    143    167    1.9142135623730952395e-06    0.029550109373976573418    3.9540213082119254917e-05
522    143    167    2.9494897427831765562e-06    0.025289214368555724965    3.2753043397631499743e-05
523    143    188    1.4999999999999970734e-06    0.04326923076923060163    4.127788462262323274e-05
524    144    154    4.2416573867739413951e-06    0.028649135966200549308    2.6285513673761539468e-05
525    144    160    1.7247448713915909667e-06    0.0185921554461974739    3.0054980056910081729e-05
526    144    172    4.9999999999999997737e-07    0.020833333333333332177    4.7895859683948826331e-05
527    145    150    6.2879184513951066567e-06    0.03385095757824917867    2.2058621384311861947e-05
528    145    157    2.6213203435596414412e-06    0.032411888413017155008    4.7016049598033103586e-05
529    145    177    4.9999999999999997737e-07    0.0089285714285714298105    4.261783066727758626e-05
530    145    178    6.3309518948453009934e-06    0.012699921386199401752    2.9443255519676356572e-05
531    146    185    3.4999999999999914772e-06    0.034801136363636193949    3.2102947647734276213e-05
532    147    151    4.623105625617659193e-06    0.023853912528591127151    1.4506316926973112231e-05
533    147    151    4.9999999999999997737e-07    0.0625    2.2367232820645969305e-05
534    147    158    5.8851648071344994341e-06    0.020864557112731597216    1.6426350129705158116e-05
535    147    160    1.4999999999999970734e-06    0.040178571428571271951    1.9859599072239271988e-05
536    147    166    1.5000000000000106259e-06    0.0351562500000004996    2.4840616607853060029e-05
537    148    155    3.7403703492039322052e-06    0.027540099112606193643    3.1698692770529941169e-05
538    148    156    2.4999999999999942753e-06    0.037202380952380785517    3.9338450532874830103e-05
539    148    163    4.1742346141747617221e-06    0.022224789048692246418    4.1400809281669527224e-05
540    148    164    4.0355339059327410443e-06    0.016685997854439308524    2.7091967123905951961e-05
541    149    151    3.9641016151377600778e-06    0.013593513507904671223    1.6684571977608046608e-05
542    149    151    2.7360679774997830376e-06    0.024305415511362837844    4.6762472420319955947e-05
543    149    153    1.4999999999999970734e-06    0.019396551724137855305    3.3789629622454695867e-05
544    149    160    2.3708286933869763508e-06    0.028104143466934988771    5.3465411322189040758e-05
545    149    166    3.4999999999999914772e-06    0.018673780487804787082    2.482244831514753171e-05
546    149    172    1.7247448713915744495e-06    0.021248177652796709086    6.6791881473519547135e-05
547    149    184    2.0811388300841725264e-06    0.03007735298669526533    8.298071144774179207e-05
548    149    184    1.4999999999999970734e-06    0.028124999999999889672    7.9237829848808404389e-05
549    149    191    2.6213203435596558407e-06    0.035057756854896489351    3.7089668471392873853e-05
550    150    185    1.4999999999999970734e-06    0.0312499999999998751    5.0458333717068333112e-05
551    151    160    3.049509756796395633e-06    0.021932806030180218571    3.2066096587027629293e-05
552    151    166    3.0495097567963850451e-06    0.038747957319984788205    2.3022104028508081686e-05
553    151    166    1.2071067811865456497e-06    0.033116063208785066763    1.782439324687908153e-05
554    152    159    3.4154759474226544559e-06    0.024926230656886070453    2.6453277005043251166e-05
555    152    161    2.0811388300841983609e-06    0.019335441205733154557    2.2378568310243979319e-05
556    152    164    4.5620192023179809271e-06    0.020812019202317982858    1.7094810050208540393e-05
557    152    176    1.4999999999999970734e-06    0.070312499999999722444    3.0783589727814318019e-05
558    153    171    3.5000000000000050297e-06    0.021566901408450769168    1.8844288770224754121e-05
559    154    177    3.0495097567963850451e-06    0.026122218417967271037    5.0464072739473308984e-05
560    154    179    2.0811388300841852319e-06    0.025780588274310546615    5.9288921634508082864e-05
561    154    183    2.4999999999999942753e-06    0.029481132075471563198    4.6032259608047484392e-05
562    154    193    1.4999999999999970734e-06    0.037499999999999859834    3.2938288691845401526e-05
563    155    163    8.3102496759066500474e-06    0.014693670143809912584    1.5076261356912040159e-05
564    155    164    3.8166247903554026874e-06    0.015764745444107601535    3.3668109369013008727e-05
565    155    168    6.2445626465380316459e-06    0.018604276071821596733    1.9685536498468113472e-05
566    155    197    1.9142135623730910043e-06    0.035232822715125768076    5.4974042380743790644e-05
567    156    163    2.4999999999999942753e-06    0.024414062499999888978    2.2228688054426559397e-05
568    156    175    1.9142135623731032863e-06    0.018694967154964933082    3.4169086532677552881e-05
569    157    181    2.7360679774997843081e-06    0.011139982109374642685    2.95859850191455297e-05
570    158    160    4.5000000000000026551e-06    0.024338942307692339184    1.4446014259355645842e-05
571    158    166    4.1055512754639865292e-06    0.02886224533469857606    3.1746600137870101277e-05
572    158    170    3.0495097567963981741e-06    0.019870747343582111782    2.5750288947866761618e-05
573    159    176    3.0495097567963918214e-06    0.029060967989988716054    1.6857335877439730341e-05
574    160    166    2.370828693386969151e-06    0.035130179333668520858    3.4541233321536258898e-05
575    160    172    4.9721359549995666272e-06    0.029571932960525664641    1.2787025158690455226e-05
576    160    183    4.9999999999999997737e-07    0.0089285714285714298105    2.6223618042898786626e-05
577    160    183    4.9999999999999997737e-07    0.0089285714285714298105    2.5045174386918369621e-05
578    161    183    4.174234614174759181e-06    0.038893380835211391333    1.656034590233930058e-05
579    162    163    4.7426406871192834343e-06    0.028115800858899090559    2.9314859092356448142e-05
580    162    175    3.0495097567963981741e-06    0.019373978659992560636    4.7103828748242645345e-05
581    162    190    3.4999999999999999475e-06    0.018448795180722891984    2.1040124820650050547e-05
582    163    165    2.5000000000000010515e-06    0.015625000000000013878    3.9925149262634744628e-05
583    163    168    5.5000000000000066333e-06    0.037438118811881276882    3.2561438603257190569e-05
584    163    175    2.4999999999999942753e-06    0.014334862385321035794    5.3014081714159524983e-05
585    163    190    2.7360679774997830376e-06    0.023993807620191522079    3.681917855231322845e-05
586    163    190    1.4999999999999970734e-06    0.015202702702702644566    5.1479355828376976143e-05
587    163    195    2.7360679774997893903e-06    0.025637219101026672424    5.1996781733757297924e-05
588    163    195    4.9999999999999997737e-07    0.020833333333333332177    5.3743440017927812029e-05
589    163    199    1.4999999999999970734e-06    0.035156249999999861222    4.6230053304053699112e-05
590    164    168    5.136809247747849491e-06    0.03508884208477105332    3.1543392514090978947e-05
591    164    176    3.7403703492039122999e-06    0.020695814126041121861    2.9171884150843686802e-05
592    164    176    2.6213203435596397471e-06    0.02454042979842724348    4.391150718825728781e-05
593    164    189    4.0355339059327393502e-06    0.013261835428284001609    3.6346462989588508693e-05
594    164    199    4.1055512754639924585e-06    0.042998855294551059647    2.5047511554864500976e-05
595    165    167    4.9999999999999997737e-07    0.03125    4.3314832923700530125e-05
596    165    190    2.9494897427831778267e-06    0.017260892346792015145    2.9479920945621280532e-05
597    165    197    4.035533905932732574e-06    0.016685997854439239135    2.6610164173100777588e-05
598    166    171    2.5000000000000078278e-06    0.021701388888889026896    1.7091625399361718953e-05
599    166    172    3.3284271247461821371e-06    0.046942487816720931959    3.7136826782415823596e-05
600    166    203    1.2071067811865551788e-06    0.052039527899520217347    2.9608857945978216098e-05
601    168    179    3.816624790355392523e-06    0.0269752310932506352    2.2931475875521071378e-05
602    168    197    3.3284271247461867958e-06    0.038466760849813083634    3.6975365638381555464e-05
603    168    199    3.4999999999999957123e-06    0.036458333333333245441    2.6903689703381988179e-05
604    170    171    3.5822070014844639554e-06    0.018870892649241639838    2.9499854180000064003e-05
605    170    183    2.4999999999999942753e-06    0.028409090909090783245    3.0418924315688630636e-05
606    170    189    2.7360679774998135308e-06    0.010944543826754270233    2.754263671647338738e-05
607    170    192    4.0355339059327410443e-06    0.024379541775348453209    2.7151012642529856879e-05
608    170    192    4.9999999999999997737e-07    0.0625    2.8109114386240867617e-05
609    170    200    2.8452078799117168106e-06    0.033177081475048060544    2.1498744027055982343e-05
610    171    174    1.4999999999999970734e-06    0.033088235294117515628    4.6484566090818709057e-05
611    171    174    4.9999999999999997737e-07    0.0625    4.1118598800745596042e-05
612    171    192    3.5000000000000185822e-06    0.018229166666666862112    1.5827728796139925552e-05
613    172    183    3.7403703492039313582e-06    0.026699180055732709554    2.2446160655746371152e-05
614    172    183    3.500000000000000371e-06    0.018673780487804880757    5.0454039744491411504e-05
615    172    184    2.8452078799117252809e-06    0.02326209160894188166    4.3829214001622253134e-05
616    172    203    3.3284271247462011954e-06    0.0138480339059328314    2.5203309828475777801e-05
617    173    189    2.3708286933869708451e-06    0.031936526666971429278    2.632841365358844953e-05
618    173    189    2.3708286933869543279e-06    0.028104143466934468354    2.7932874166300509855e-05
619    173    195    3.4999999999999914772e-06    0.023925781249999882039    2.1412414989305741009e-05
620    174    192    4.5000000000000162076e-06    0.0099852071005917895224    3.2717092196058681361e-05
621    174    195    1.4999999999999970734e-06    0.033088235294117515628    3.2953028918191999848e-05
622    174    198    2.5000000000000010515e-06    0.041118421052631623502    3.3002634371930765576e-05
623    174    198    2.4999999999999942753e-06    0.032552083333333182991    3.6337228641955575999e-05
624    174    200    5.1904157598234485727e-06    0.024314454656880531841    3.1995894976204387493e-05
625    175    182    3.2386127875258288542e-06    0.025213011508475529493    2.7958695202386528911e-05
626    175    194    4.0355339059327410443e-06    0.021428334086753642734    2.3577387480338852241e-05
627    175    195    1.2071067811865456497e-06    0.033116063208785066763    4.0557850133849525267e-05
628    176    183    3.0495097567963981741e-06    0.019702351179653451729    4.1854645684704714476e-05
629    176    189    4.9999999999999997737e-07    0.012500000000000000694    4.0748055651907219435e-05
630    176    193    2.8452078799117312101e-06    0.020238019699779521976    2.1499323240240995859e-05
631    176    204    1.2071067811865359088e-06    0.030356391274719157075    2.2224115820273242412e-05
632    177    178    7.0574385243019934611e-06    0.017737691782158799408    1.6688841085874464164e-05
633    177    201    3.8166247903554213221e-06    0.035702511741067560758    3.048598982166194802e-05
634    177    204    1.4999999999999970734e-06    0.029605263157894624176    3.5463221493859538021e-05
635    177    205    1.500000000000000038e-06    0.021634615384615391021    3.0922166540816937357e-05
636    177    209    4.9999999999999997737e-07    0.0041666666666666674762    3.7803279016091363013e-05
637    178    185    2.0811388300841733734e-06    0.04010313731559372874    3.1804357892919180766e-05
638    179    181    2.3708286933869661864e-06    0.043912724167085546989    3.1721846515335438976e-05
639    181    188    4.1742346141747684984e-06    0.011805037001473428146    2.0349692746287015321e-05
640    181    205    4.9999999999999997737e-07    0.0062500000000000003469    3.2216350272958307259e-05
641    182    194    4.9721359549995691683e-06    0.018071736809210144775    1.4104686356149269107e-05
642    182    194    2.0811388300841839613e-06    0.031846609044736511052    4.1262020392653331021e-05
643    182    198    4.9999999999999997737e-07    0.03125    3.7787172051673400533e-05
644    183    184    1.5000000000000106259e-06    0.033088235294118119312    6.0431215974320165495e-05
645    183    187    1.4999999999999970734e-06    0.023437499999999906325    5.0491740838423893262e-05
646    183    189    3.2386127875258373245e-06    0.042292793498088197823    2.4449549869109401742e-05
647    183    189    3.5822070014844817431e-06    0.045183827470015647254    2.9945403473600194674e-05
648    183    193    3.0495097567963981741e-06    0.013595774498240391359    3.060999041205706583e-05
649    183    203    3.8166247903554153929e-06    0.010648117536809590181    5.645704006282463135e-05
650    183    203    2.0811388300842021726e-06    0.032811657803668500821    3.5131126698522116059e-05
651    184    185    4.1742346141747693454e-06    0.036915751301217769598    2.6856157588603999222e-05
652    184    186    2.6213203435596333943e-06    0.031811668257220350464    3.8042943402659458473e-05
653    184    187    1.2071067811865456497e-06    0.033116063208785066763    2.4158169143680698315e-05
654    184    187    4.9999999999999997737e-07    0.015625    3.8982143799458980919e-05
655    184    196    4.9999999999999997737e-07    0.0078125    2.5532145683407095576e-05
656    185    187    1.7247448713915909667e-06    0.023989877995093510793    2.0557239472794167415e-05
657    185    207    2.4999999999999942753e-06    0.026939655172413669998    4.5101158281920150552e-05
658    185    207    4.9999999999999997737e-07    0.0069444444444444449263    4.329044740294607182e-05
659    186    191    1.4999999999999970734e-06    0.023437499999999906325    2.4751895170234088756e-05
660    186    196    2.4999999999999942753e-06    0.016447368421052557808    1.5717531915950012369e-05
661    187    201    4.9999999999999997737e-07    0.015625    2.2862122918663961547e-05
662    188    197    3.8166247903554035344e-06    0.015237055220037060838    2.3451460780793240726e-05
663    188    197    1.7247448713915812258e-06    0.037184310892394531467    3.0590314789589621511e-05
664    188    205    4.9999999999999997737e-07    0.015625    4.9151988640608009536e-05
665    188    210    4.9999999999999997737e-07    0.0062500000000000003469    2.3937158111543654866e-05
666    188    210    4.9999999999999997737e-07    0.03125    2.4815072906367319634e-05
667    189    193    2.8452078799117252809e-06    0.025617746455417006457    3.934965677993417524e-05
668    189    199    1.4999999999999970734e-06    0.040178571428571271951    4.4757473571031441463e-05
669    189    200    4.241657386773963418e-06    0.020920531845086198092    2.0630051940307053465e-05
670    190    197    1.7247448713915973194e-06    0.030986925743662682015    4.5162482310146775987e-05
671    191    203    3.2386127875258203839e-06    0.022604768938633112985    2.5073656290107554346e-05
672    192    200    3.049509756796395633e-06    0.028702190607396337041    2.96551546575383085e-05
673    192    200    2.4999999999999942753e-06    0.024801587301587185719    3.767958725336735678e-05
674    192    202    2.7360679774997830376e-06    0.019097112187499373087    2.8769811753639054164e-05
675    192    206    2.4999999999999942753e-06    0.026939655172413669998    3.0897557950648572855e-05
676    193    201    3.4999999999999914772e-06    0.019506369426751501289    3.0733359733138905674e-05
677    193    204    2.9494897427831710505e-06    0.022893394059955624736    2.5853254358172007941e-05
678    194    195    2.621320343559637206e-06    0.029617760101550063417    3.2326891448197637275e-05
679    194    198    2.0811388300842021726e-06    0.013534808844013255721    2.5856742758105239198e-05
680    195    198    3.0495097567963892803e-06    0.016969908315321850789    2.4092620037579113136e-05
681    201    204    4.9999999999999997737e-07    0.012500000000000000694    2.046896478049493973e-05
682    202    203    3.4999999999999914772e-06    0.035610465116278897102    2.9558735611013960067e-05
683    203    206    2.4999999999999942753e-06    0.025614754098360538459    1.8354700919689064106e-05
684    203    208    1.4999999999999970734e-06    0.011249999999999956216    2.0591752928343478918e-05
685    208    211    4.9999999999999997737e-07    0.0069444444444444449263    1.6304622435543243621e-05
