14    4.999999999999999562e-05    4.999999999999999562e-05    4.999999999999999562e-05
1    4.3999999999999998856e-05    4.3999999999999998856e-05    6.000000000000000152e-06    5    0    2    2    3    9    0    1    5    12    13    14    15    
2    9.999999999999999124e-06    2.0999999999999998838e-05    7.999999999999999638e-06    6    -1    1    1    3    7    8    1    0    1    12    13    16    17    18    
3    6.000000000000000152e-06    4.3999999999999998856e-05    9.000000000000000228e-06    4    0    1    2    9    0    1    6    14    16    19    
4    4.8000000000000001216e-05    1.0999999999999999714e-05    1.399999999999999979e-05    0    0    0    
5    4.6999999999999997238e-05    1.9999999999999999095e-06    2.1999999999999999428e-05    2    -1    7    1    0    2    20    
6    1.9999999999999999095e-06    3.6000000000000000912e-05    2.499999999999999781e-05    0    0    0    
7    1.6999999999999999866e-05    7.999999999999999638e-06    2.9999999999999997372e-05    6    -1    2    5    8    10    13    1    0    3    17    20    21    22    23    
8    2.4000000000000000608e-05    2.0999999999999998838e-05    2.9999999999999997372e-05    3    2    7    9    0    0    18    21    24    
9    4.1999999999999997676e-05    4.1999999999999997676e-05    3.3999999999999999732e-05    9    0    0    1    3    8    10    11    11    12    0    1    7    8    15    19    24    25    26    27    28    
10    4.2999999999999994878e-05    1.2000000000000000304e-05    4.2999999999999994878e-05    3    -1    7    9    1    0    4    22    25    
11    3.000000000000000076e-06    4.6000000000000000036e-05    4.6000000000000000036e-05    4    0    0    9    9    0    1    9    10    26    27    
12    4.6999999999999997238e-05    2.799999999999999958e-05    4.6999999999999997238e-05    1    9    0    0    28    
13    2.1999999999999999428e-05    3.3999999999999999732e-05    4.6999999999999997238e-05    1    7    0    0    23    
14    3.9999999999999996496e-05    4.999999999999999562e-05    4.8999999999999998418e-05    1    0    0    1    11    
