1    -1    1    0    2.1699950599127164867e-07    9.0103448275862056965e-07    2.6129999999999995776e-17    0
2    -1    2    0    2.6925824035672563458e-08    2.6656565795315795472e-06    2.1325252636252635173e-16    0
3    -1    3    0    4.1533119314590485351e-08    4.1117788121444572027e-06    6.9077884044026876071e-16    0
4    -1    3    0    9.2935087818944062566e-06    5.0330400000000001808e-06    7.5495599999999985226e-17    0
5    -1    4    0    2.8518012334376874198e-06    2.5565256797583076016e-06    1.2705932628398787569e-15    0
6    -1    5    0    6.5106987032608550593e-06    1.8708286038592508075e-06    5.3879863791146417581e-16    0
7    -1    6    0    1.9195436925198356546e-06    4.1837341153470171634e-06    3.192189130009774054e-15    0
8    -1    7    0    4.7169905660283084593e-08    4.6698206603680185984e-06    2.5684013632024098707e-16    0
9    -1    8    0    2.7747297297297392539e-06    2.7252702702702699205e-06    1.3871625675675672914e-15    0
10    -1    9    0    6.1768618870789286667e-06    3.0562307692307688075e-06    1.2775044615384611275e-15    0
11    -1    10    0    1.512438066204162821e-05    4.7313489896231558499e-06    5.5356783178590914173e-16    0
12    -1    10    0    7.6480694135167879248e-06    4.7313489896231558499e-06    2.6495554341889670143e-15    0
13    -1    11    0    5.6155659858073577438e-06    3.398312202852614618e-06    3.3643290808240880314e-16    0
14    -1    11    0    2.8101687797147372204e-05    3.398312202852614618e-06    7.5782362123613300344e-16    0
15    -1    12    0    1.0450476141489435856e-05    4.0149999999999996754e-06    4.255899999999999795e-16    0
16    -1    14    0    3.0007856054852556784e-05    6.2171353185073504482e-06    1.2863252973991709918e-14    0
17    -1    14    0    4.4912601625858011704e-05    6.2171353185073504482e-06    2.9842249528835288881e-16    0
18    -1    14    0    3.422108917268413934e-05    6.2171353185073504482e-06    1.616455182811910988e-16    0
19    -1    15    0    8.6192805557432964855e-06    4.6189217391304338876e-06    2.517312347826086549e-15    0
20    -1    15    0    3.326577173989879357e-05    4.6189217391304347347e-06    5.173192347826086034e-16    0
21    -1    16    0    9.9833788075461989109e-06    3.3301481481481480247e-06    2.830625925925925341e-16    0
22    -1    17    0    7.1396602677087120281e-06    4.7030590146182990035e-06    1.9470664320519760678e-15    0
23    -1    18    0    9.6565437361740534561e-06    4.3880281690140846433e-06    1.1364992957746477586e-15    0
24    -1    20    0    8.8871785360286647323e-06    5.5090015128593044258e-06    1.068746293494705026e-15    0
25    -1    21    0    8.5850154925276098822e-06    5.0623285714285700768e-06    5.76092991428571202e-15    0
26    -1    23    0    1.2300580436642381517e-05    3.0372812135355891529e-06    6.6212730455075837267e-16    0
27    -1    26    0    1.6176037314472389687e-05    4.2016465578424411198e-06    1.6806586231369765288e-17    0
28    -1    27    0    8.6271262999621851257e-06    9.9268490153172849974e-06    1.5485884463894963137e-15    0
29    -1    29    0    1.8365100602720091507e-05    4.5314056809905311238e-06    1.7219341587764014469e-16    0
30    -1    29    0    1.8299494432671212631e-05    4.5314056809905328178e-06    1.3594217042971599128e-17    0
31    -1    34    0    2.4493472319965105375e-05    6.4298198721673439836e-06    6.9956440209180702885e-15    0
32    159    0    2.8513239726054931275e-05    0    6.8314911400869252628e-06    2.2953810230692065802e-15    0
33    159    0    2.7827562511159823503e-05    0    6.8314911400869261099e-06    2.0426158508859909875e-15    0
34    159    0    2.1982567928360908821e-05    0    6.8314911400869252628e-06    6.8314911400869246745e-16    0
35    170    0    1.7747873075982785007e-05    0    7.197066290550069542e-06    2.0007844287729191051e-15    0
36    173    0    1.3857429284525803762e-05    0    7.6425707154742106178e-06    2.9041768718801992447e-16    0
37    173    0    2.5797674498937731501e-05    0    7.6425707154742089237e-06    1.6737229866888515688e-15    0
38    175    0    1.1656183152505412881e-05    0    9.373557692307693797e-06    9.6547644230769238733e-16    0
39    177    0    1.2579709878503315092e-05    0    6.0549352750809047689e-06    2.9669182847896431521e-16    0
40    179    0    1.3171001499818122245e-05    0    5.382973815461347031e-06    1.0765947630922694397e-17    0
41    179    0    2.2280178571784753182e-05    0    5.382973815461347031e-06    1.232701003740648557e-15    0
42    180    0    1.0713080707501172002e-05    0    6.5278589420654901886e-06    1.5927975818639795234e-15    0
43    182    0    6.9276178254360323735e-06    0    8.6046067415730325632e-06    8.0022842696629179212e-16    0
44    183    0    7.934759401919047939e-06    0    8.6559006211180128935e-06    2.1466633540372672939e-15    0
45    184    0    9.1912994445600231224e-06    0    4.6380172413793094733e-06    6.5859844827586183474e-16    0
46    185    0    2.0854713259491576755e-05    0    4.110262206148281345e-06    1.8948308770343574034e-15    0
47    186    0    9.6409170817147534134e-06    0    4.2245075421472943691e-06    5.1961442768411704705e-16    0
48    186    0    1.8562550188064388154e-05    0    4.2245075421472943691e-06    4.2245075421472946625e-18    0
49    186    0    1.8297703716963124409e-05    0    4.2245075421472943691e-06    4.2245075421472946625e-18    0
50    187    0    6.3823157072541719122e-06    0    7.9790909090909081591e-06    2.4735181818181818403e-16    0
51    188    0    9.2903849466923378857e-06    0    3.5256206712839630175e-06    2.5737030900372928346e-15    0
52    189    0    7.4933195732706647858e-06    0    5.4778021978021966524e-06    9.8600439560439539248e-17    0
53    190    0    5.5660898528271454474e-06    0    6.2343338683788111367e-06    3.9899736757624390514e-16    0
54    191    0    1.2178982531492588663e-05    0    5.99379931389365327e-06    2.6073027015437391541e-15    0
55    191    0    1.4530576437880136925e-05    0    5.993799313893654117e-06    6.3534272727272728748e-16    0
56    192    0    6.0093879925815296973e-06    0    3.0044901960784320765e-06    6.3094294117647068534e-16    0
57    193    0    2.6642377732743501148e-06    0    4.4244856661045544024e-06    1.6724555817875213119e-15    0
58    194    0    8.1461103190611927079e-06    0    3.0006380857427721872e-06    8.7918695912263220363e-16    0
59    194    0    1.0828678600196558714e-05    0    3.0006380857427713402e-06    3.0006380857427712675e-18    0
60    194    0    1.1114956127750329819e-05    0    3.0006380857427717637e-06    3.0006380857427716527e-18    0
61    195    0    1.6669905660283054739e-06    0    3.0500000000000004443e-06    4.1175000000000003466e-16    0
62    196    0    4.8559370121893867913e-06    0    4.1579411764705885351e-06    1.717229705882352907e-15    0
63    197    0    2.041024323371385255e-06    0    3.2740485829959508256e-06    1.0149550607287447061e-15    0
64    198    0    4.738916616422692085e-06    0    3.0231707317073164935e-06    3.1320048780487796883e-15    0
65    199    0    4.3490467844877466415e-07    0    2.2576777251184833757e-06    3.8606289099526062028e-16    0
66    200    0    2.4846508867278880641e-06    0    1.5464779874213834512e-06    2.2887874213836472697e-16    0
67    201    0    2.5000000000000184157e-08    0    2.4750000000000063731e-06    2.4997500000000062546e-16    0
68    202    0    1.6212878474779058419e-06    0    6.700000000000000438e-07    6.0300000000000002696e-18    0
69    203    0    5.0000000000001638864e-09    0    4.9500000000001198959e-07    2.9700000000000720189e-18    0
70    204    0    5.0000000000001638864e-09    0    4.9500000000001198959e-07    2.9700000000000720189e-18    0
71    205    0    4.48033988749897892e-07    0    6.6999999999999983204e-07    2.0099999999999997047e-18    0
72    3    5    7.3296400574503327177e-06    8.1416635933911224183e-06    3.5550667350688927809e-06    4.3016307494333603349e-16    0
73    3    29    1.2092442242399820904e-05    1.3668869042210756031e-05    8.5402056266953292027e-06    6.0635459949536828418e-16    0
74    4    18    6.2788600061430538182e-06    1.5316032326223942946e-05    6.186915373572784616e-06    1.2373830747145569589e-17    0
75    4    18    4.8884236209521499385e-06    1.2707292828264673342e-05    6.0760777670448856222e-06    3.4633643272155841345e-16    0
76    4    30    1.1344913094699529639e-05    1.0003423665471485211e-05    4.8107526864180847267e-06    4.2334623640479142426e-16    0
77    4    34    1.121694548821602047e-05    3.7810998384279944631e-05    8.3372791323580136124e-06    1.5007102438244423773e-16    0
78    5    21    2.8983268399366675701e-06    1.6737900785163080169e-05    5.9389189491272811303e-06    1.6272637920608749041e-15    0
79    5    29    5.9554093173900057322e-06    1.2670517321503948718e-05    5.8511370877020151264e-06    1.1585251433649989989e-15    0
80    6    10    1.84242670586977422e-05    2.418663849221935029e-05    8.3354727028361031934e-06    1.0419340878545129129e-15    0
81    6    14    1.7629312288791526483e-05    4.9228784278880510523e-05    8.4435526813806046373e-06    4.2217763406903019896e-17    0
82    6    16    1.1278205226503881239e-05    1.0643040464333970512e-05    6.8590358166051146243e-06    6.5846743839409090378e-16    0
83    6    16    1.0695167874550552607e-05    1.3410520894635058248e-05    5.9860101964162828995e-06    5.3874091767746542673e-17    0
84    6    32    2.2240686408100609909e-05    1.1969802359772337269e-05    6.4353944089025681116e-06    4.5047760862317971283e-17    0
85    6    32    2.0580150878732568958e-05    9.7361207723965149832e-06    6.162987856810482738e-06    8.6281829995346753242e-17    0
86    6    40    1.396151319627703661e-05    1.9408121262099619535e-05    9.9996093645062762787e-06    3.9998437458025106343e-17    0
87    7    12    5.5542768962454552848e-06    2.1816182706178981627e-05    5.0371963227374961551e-06    1.057811227774874171e-16    0
88    7    16    4.5218267876433650701e-06    8.6385610554376767925e-06    5.0733034035756164291e-06    1.3190588849296602649e-16    0
89    8    13    6.3439083033382538115e-06    1.1435306265494894862e-05    7.6377467290471875142e-06    3.0550986916188753266e-16    0
90    8    15    1.1247918342211843111e-05    1.242490532441827808e-05    5.7357139862851296141e-06    6.7107853639536006395e-16    0
91    9    17    1.1443769230769231278e-05    1.5062632125214069751e-05    7.0789333280090097661e-06    2.0528906651226129402e-16    0
92    9    24    2.1156369256375736053e-05    1.1095568839736019384e-05    4.6590870286950438476e-06    2.7954522172170265616e-17    0
93    9    43    9.9917575814691232265e-06    2.128027749679630657e-05    9.5653397356149717144e-06    3.1278660935460954253e-15    0
94    10    14    2.3049739996809423385e-05    4.420359454530956066e-05    9.4590289719677424918e-06    5.9591882523396780483e-16    0
95    10    21    7.4908184090380738104e-06    9.7784935082272583188e-06    8.9403271632925670239e-06    5.1228074645666398283e-15    0
96    10    34    2.3326626703573246041e-05    2.4041616771772793352e-05    9.6077196996928584732e-06    2.2289909703287433658e-15    0
97    10    37    1.2724030740732800154e-05    1.8215738421925430367e-05    4.9005816563346420555e-06    4.9005816563346420156e-18    0
98    10    37    1.4145541452345864245e-05    1.6691562526368130897e-05    5.3303279947749599015e-06    1.5990983984324880054e-17    0
99    10    44    2.2161958728097257121e-05    1.6486542667864923466e-05    8.251055345500791908e-06    3.0528904778352928113e-16    0
100    10    44    1.6534821328513580571e-05    1.6165074839081782225e-05    9.3568970368331585318e-06    1.1228276444199787534e-15    0
101    11    21    8.7671787062167076004e-06    2.880875053745132015e-05    6.6029139292560139565e-06    5.2823311434048111125e-17    0
102    11    21    1.0476790587674135794e-05    2.3872944021032004372e-05    7.2839630829547261657e-06    5.8271704663637805122e-17    0
103    11    26    2.2490874729146605534e-05    8.9124886039046524267e-06    4.7449658632895588869e-06    6.3582542568080091915e-16    0
104    11    26    3.0825217714442581238e-05    1.7884104616641867402e-05    5.3699372378755291579e-06    2.3090730122864773609e-16    0
105    11    33    7.7290343204393839539e-06    2.3028012897608596656e-05    5.112928974603561018e-06    1.5134269764826537904e-15    0
106    11    34    5.8459102719482990165e-06    1.7324127168272062907e-05    8.5995193711597356579e-06    3.8783832363930399395e-15    0
107    12    14    1.2648741228909593707e-05    4.687005711055221215e-05    7.8949428714921614843e-06    2.6053311475924127528e-16    0
108    12    14    4.0224623703592373694e-06    4.2580917921350483729e-05    6.8044451767945499364e-06    7.3488007909381132654e-16    0
109    14    17    7.9561423079289564809e-06    8.4593875664698786696e-06    9.1263351098292939208e-06    6.4431925875394813145e-15    0
110    14    34    1.77786356630117312e-05    2.8588032717618902111e-05    1.0428465949538177012e-05    5.7669416700946115232e-15    0
111    14    36    2.108213207093004112e-05    7.00376379102546458e-06    8.2825501010904134118e-06    5.2511367640913223243e-15    0
112    14    41    5.1030135358792185971e-05    4.1803171762324069401e-05    1.1310125446043740478e-05    7.5777840488493058591e-16    0
113    14    42    2.3127016302040586304e-05    1.8499697877926099147e-05    1.0236206031713352403e-05    3.0708618095140061541e-17    0
114    14    42    2.0320573700923849294e-05    4.8579772820969406729e-06    7.7034468066351751553e-06    7.3876054875631323182e-15    0
115    14    53    3.8562882546607437522e-05    1.2186289455206661723e-05    8.1818175613855954686e-06    2.618181619643390577e-16    0
116    15    18    7.1876393269961659578e-06    1.2262797636332629876e-05    6.9599994899894983958e-06    2.568239811806124783e-15    0
117    15    19    1.9593678286476065044e-05    8.9107737900440561833e-06    6.719505721859002897e-06    6.7195057218590029025e-18    0
118    15    38    4.0956210812555463859e-06    1.1825489785851937488e-05    1.1081282247748992881e-05    6.216599340987183892e-15    0
119    15    61    2.0959389385726875769e-05    2.0489606157115854287e-05    9.1343150821145563536e-06    1.8268630164229112775e-16    0
120    16    20    2.8545102902783415928e-06    3.8684684343716695348e-06    7.8432070208965828744e-06    1.6549166814091786067e-15    0
121    16    28    5.4019764501383408378e-06    4.4717334665288068581e-06    6.0868308290198220797e-06    1.6434443238353517902e-16    0
122    16    41    7.6378638632405506406e-06    2.7423653056002597508e-05    9.028673637946890964e-06    7.7646593286343247489e-16    0
123    17    27    8.4213457337883860132e-06    1.4522549508406817955e-05    1.2813450101724037361e-05    1.6401216130206768142e-15    0
124    17    36    2.4249488368988554181e-05    1.2681495476857684117e-05    7.1625674674873349832e-06    1.2749370092127455227e-15    0
125    17    43    1.7907779094571724013e-05    2.1937822408498442697e-05    1.0464514575048946188e-05    1.2557417490058731974e-15    0
126    17    43    1.0634802635559666584e-05    1.5738872554792935872e-05    1.1663305385457700336e-05    3.1724190648444943706e-15    0
127    18    31    1.0785962736479427505e-05    4.7815465471844188249e-06    6.3332936453665184841e-06    1.836655157156290379e-15    0
128    18    34    1.7685711885630035545e-05    2.3676413654321152322e-05    1.0262418226267344811e-05    5.4390816599216922613e-16    0
129    18    34    8.1660012996607432838e-06    3.0070180127832654682e-05    8.175932373306107068e-06    2.3137888616456284192e-15    0
130    18    38    1.2678019996861926861e-05    1.6023657604537605402e-05    9.9340251745994589147e-06    6.7054669928546338253e-15    0
131    19    38    5.4727782660422229753e-06    1.6513004729037619083e-05    1.09585128016657708e-05    1.928698253093175558e-15    0
132    20    28    6.1636160170694462488e-06    2.951836716579608598e-06    8.1473347400291694131e-06    8.3917547822300431827e-16    0
133    20    40    1.5827586780492558754e-05    2.0059618337050326566e-05    1.2491017741788896215e-05    1.8736526612683341131e-16    0
134    20    52    1.1620409018737372725e-05    1.4594594918258131154e-05    1.038766067490727303e-05    1.4334971731372036176e-15    0
135    21    23    2.8749651553964859589e-05    1.4234256614826493016e-05    7.5687409993852731687e-06    6.0549927995082182877e-17    0
136    21    29    1.2512744051242633741e-05    1.5273896639347829611e-05    8.2436423693358553425e-06    7.9138966745624216945e-16    0
137    21    33    1.9885267950868277381e-05    1.5799701320007543068e-05    8.6460558095859462666e-06    1.3574307621049933945e-15    0
138    21    37    7.8972797754992486079e-06    6.4018783864195851928e-06    6.4443688859741185676e-06    2.8161892031706894026e-15    0
139    21    51    8.8391102030292730929e-06    1.1109042636196719101e-05    1.1424691144887995592e-05    7.5402961556260762795e-16    0
140    21    51    1.9741904938196351289e-05    1.9981112836186497577e-05    1.0185996156508450586e-05    3.5650986547779571853e-16    0
141    23    29    1.3263297084442006077e-05    2.0292977493622281146e-05    7.4930893361364796175e-06    1.4986178672272957626e-17    0
142    23    29    4.3957531601236632493e-06    5.3958426540298045555e-06    6.765582354953113884e-06    1.9146598064517311303e-15    0
143    23    33    3.8217217369921739978e-06    1.3267235890895789186e-05    4.9307922702888454269e-06    1.7060541255199404221e-15    0
144    24    27    1.0857776875210572933e-05    1.5018090351215554305e-05    1.7103760936978147086e-05    6.4994291560516945077e-16    0
145    24    43    7.3858669646031280097e-06    2.0380180188823183724e-05    1.6595856878109499613e-05    2.3566116766915484657e-15    0
146    26    33    5.298353442157554321e-06    2.9113912594034823844e-06    6.5104085528942339217e-06    3.5416622527744632817e-15    0
147    26    34    1.9926381539909362263e-05    3.6955085336902781048e-05    9.896813462837151219e-06    9.8968134628371509659e-17    0
148    26    34    9.6170045258323790644e-06    2.6770330729900730735e-05    8.7396757882115170369e-06    3.0851055532386650596e-15    0
149    26    39    1.477860633825986734e-05    1.0824086080819460921e-05    7.2789992514808292976e-06    1.7178438233494754251e-15    0
150    26    39    7.7252138840341253974e-06    5.6187230622465900311e-06    7.2575992820445864586e-06    7.2575992820445867094e-18    0
151    26    49    1.6899301288166753408e-05    8.6350183643252407807e-06    6.348557519941114841e-06    5.332788316750536121e-16    0
152    27    30    1.0549216472314354442e-05    1.0770552809390955757e-05    8.1235077832716699216e-06    7.3111570049445032014e-17    0
153    27    43    8.4375186568896726056e-06    9.5853540061382365976e-06    2.120414105420410957e-05    1.8023519896073490472e-15    0
154    27    50    5.0814820044863450512e-06    6.9573334908791003547e-06    2.3518238112472699189e-05    7.5258361959912636094e-16    0
155    27    50    1.8502519276105893018e-07    2.7461964842704097804e-07    2.4660560386693880844e-05    2.2194504348024491375e-16    0
156    28    48    4.8292277440197664876e-06    1.1655981963990651388e-05    1.2126245923253593911e-05    3.5166113177435418945e-16    0
157    29    33    7.0507735987349497893e-06    1.941519349195594386e-05    5.2182830157150893381e-06    2.2856079608832087194e-15    0
158    29    37    1.4585885266709402053e-05    1.2934082595472599532e-05    6.13888693228564855e-06    8.594441705199906643e-17    0
159    29    51    1.3139191366081759581e-05    1.8034262315706760959e-05    1.0751009036553576921e-05    1.8169205271775541427e-15    0
160    29    79    1.8968594319009464107e-05    1.8847993495793551727e-05    9.0340010428682218977e-06    5.5107406361496146594e-16    0
161    30    31    4.0026556234483077324e-06    4.9178193690790663044e-06    5.0419092097137868403e-06    1.280644939267301788e-15    0
162    30    34    1.0799593546012508134e-05    3.7345172989054222466e-05    8.2892152273270034725e-06    7.4602937045943035351e-16    0
163    30    60    9.3589900465836872126e-06    1.4114656385923198375e-05    1.0293206089576324117e-05    4.7348748012051091665e-16    0
164    31    38    9.0771542782267071469e-06    3.260129143216895358e-05    1.0522344056954984514e-05    1.2311142546637330748e-15    0
165    31    57    9.2900741904430998469e-06    2.1764985176360368893e-05    9.2325272333814741152e-06    7.2013712420375489125e-16    0
166    31    60    1.4605755860622445931e-05    2.1074267791867621485e-05    6.7901709874455026044e-06    1.9012478764847407165e-16    0
167    32    40    3.8703962326924842935e-06    5.7590821492337505909e-06    1.4266813902179490689e-05    1.7833517377724364271e-15    0
168    32    44    6.1459051033374573751e-06    8.2174823210668878856e-06    1.061699766676808689e-05    7.5380683434053406937e-16    0
169    32    54    9.3575428769907031593e-06    1.2980077971627760109e-05    6.7275205673219912411e-06    7.1984470070345302545e-16    0
170    33    34    1.847101801459477655e-05    1.8057785866243662059e-05    7.5705285967309527505e-06    3.6338537264308562146e-15    0
171    33    37    1.9264121371128005786e-05    8.9557969970450273086e-06    5.6077433861298943559e-06    2.742186515817518181e-15    0
172    33    39    4.553442200737134739e-06    3.0369782019963719628e-06    6.3812768481360683035e-06    2.5333669087100189016e-15    0
173    33    56    3.0234357554119215363e-05    1.3643030964572817629e-05    5.5554802907495630398e-06    1.111096058149912647e-17    0
174    34    38    3.3221787913646334226e-05    3.2430552150542870456e-05    1.270650218754827491e-05    9.6569416625366875416e-16    0
175    34    38    2.3352281608450997825e-05    3.390303438128478323e-05    1.3899943447691537446e-05    1.5011938923506859196e-15    0
176    34    56    5.3706038490385956598e-06    4.275460258123468201e-06    1.1548506728071849888e-05    7.829887561632712869e-15    0
177    34    57    2.0924338861012514035e-05    1.2316512853252966898e-05    1.0214549207018995222e-05    1.5015387334317922175e-15    0
178    34    57    1.9975671980854449168e-05    1.160304435596491429e-05    1.0164637166380396976e-05    1.4433784776260160678e-15    0
179    34    59    3.0519469701517308298e-05    1.612782553435629135e-05    9.8276185275776778617e-06    2.2701798798704435629e-15    0
180    34    60    3.4033126140203023477e-05    1.9331435141771741458e-05    1.0082074599518010911e-05    1.6131319359228816097e-16    0
181    34    62    1.5255428570034101297e-05    8.3312745329176582485e-06    9.9412646215766976138e-06    3.2806173251203100021e-16    0
182    34    62    2.8286890801512557577e-05    1.2282834206364776587e-05    9.2217990974838997159e-06    1.1158376907955518513e-15    0
183    35    48    2.1684683222539291906e-06    1.5777924597280343688e-06    1.5433288084307049951e-05    3.8583220210767619834e-16    0
184    35    55    3.0710660346278609984e-06    9.3008404871998904271e-06    7.0530007251789577811e-06    5.6424005801431656661e-16    0
185    36    42    9.1833922583611245606e-06    1.0918545032951899469e-05    8.3753828382026781465e-06    4.7739682177755261118e-16    0
186    36    42    9.3656619035304352629e-06    1.069058738882205158e-05    8.5345312845943703946e-06    6.8276250276754956482e-17    0
187    36    42    1.0741681140058511115e-05    1.1586339100609827608e-05    8.5206124325696131307e-06    2.556183729770884051e-17    0
188    36    55    1.5731391075454628607e-05    1.7330286022143224188e-05    8.6149071924075661338e-06    3.7044100927352529764e-16    0
189    36    55    9.1390613552764080106e-06    1.124346768317053546e-05    9.1421707313291139399e-06    6.3995195119303792618e-17    0
190    36    55    9.7412638620191435848e-06    1.2980263919471869488e-05    9.2814002513034444104e-06    9.2814002513034440055e-18    0
191    36    58    2.3236732926075976335e-05    1.8315469705774387087e-05    7.3301326602381685328e-06    2.1990397980714501204e-16    0
192    36    58    7.0476074652066645555e-06    5.9057658749732314769e-06    7.5341459107587791975e-06    1.5444999117055493916e-15    0
193    36    67    9.4114725501422119282e-06    9.2535507275586947765e-06    5.6445981876243001428e-06    1.8288498127902729678e-15    0
194    37    51    7.422554639960383084e-06    7.6292546093473986429e-06    5.8507648649449147811e-06    2.2876490621934614504e-15    0
195    37    56    2.1203169516808041141e-05    1.8172948963661982453e-05    5.3580832824843610939e-06    1.7145866503949954565e-16    0
196    37    74    1.5424623999516784976e-05    1.4178005882317257444e-05    5.5372362214733432929e-06    8.9149503165720812382e-16    0
197    38    57    3.9594521226713239688e-05    2.2387789627492296331e-05    1.2884526272767248011e-05    5.1538105091068990932e-17    0
198    38    59    8.9314448476910877195e-06    1.3288666655655850186e-05    8.5780473561868733791e-06    4.4520065778609864605e-15    0
199    38    59    1.3889551284277524271e-05    1.5923429470689293651e-05    9.6048901886674472672e-06    9.6048901886674475957e-18    0
200    38    59    1.3356725804275136165e-05    1.578044986558847749e-05    9.4722180168907413778e-06    1.8944436033781483031e-17    0
201    38    61    1.8550842147404519232e-05    9.4531487588789154944e-06    1.2424876639356885368e-05    1.7891822360673915266e-15    0
202    38    62    1.9432471052966472533e-05    1.6267095372489191399e-05    1.512065831560925429e-05    2.373943355550652387e-15    0
203    38    77    1.9068048771256342034e-05    1.2259328745959425822e-05    1.1679935387907920547e-05    1.9739090805564383529e-15    0
204    38    84    1.0880833519336780522e-05    9.289917589678585143e-06    1.5257932616681762212e-05    7.6289663083408802358e-17    0
205    38    84    1.5481130068479129387e-05    1.2714542041377948983e-05    1.4990481387052126636e-05    3.297905905151467533e-16    0
206    38    84    2.2071958814723888399e-05    1.3055153326205880943e-05    1.3098976337008662074e-05    1.0741160596347103725e-15    0
207    39    65    6.9396212325617746518e-06    8.6959590600603523479e-06    8.9685167247026577461e-06    1.9910107128839897339e-15    0
208    39    75    1.8115836192625340119e-05    1.451051407850661449e-05    7.1688995432802660708e-06    1.9356028766856715695e-16    0
209    40    41    5.4083269131960339849e-08    6.7268120235369017936e-08    1.2013787547365505624e-05    2.186509333620521525e-15    0
210    40    66    1.4560800190817140779e-05    1.0960024361471092466e-05    1.7241288917430425641e-05    2.6206759154494240797e-15    0
211    41    47    5.8051653114635971983e-06    8.20283004584007212e-06    6.7846442743892934865e-06    6.3097191751820417385e-16    0
212    41    52    2.2942315232316827495e-05    1.6616580698135916959e-05    1.2176584259002979214e-05    1.1689520888642860378e-15    0
213    42    53    8.5878513614299128781e-06    6.6848098129393920981e-06    6.6709878610330250383e-06    2.695079095857342087e-15    0
214    42    56    2.5153530215252167471e-05    2.3578924911157696296e-05    8.8135499388001192577e-06    2.0888113354956277692e-15    0
215    42    67    1.3429991331059080713e-05    6.9773287067880064387e-06    6.912605404652816142e-06    3.9470976860567582719e-15    0
216    42    80    2.8454624396112371883e-05    1.1510755845734798325e-05    6.3894373423900107203e-06    1.0862043482063017408e-16    0
217    42    88    2.5153530215252170859e-05    2.3087163092180461381e-05    8.7246119335568304143e-06    9.5970731269125144729e-17    0
218    42    94    2.6438737599386211803e-05    7.8776331135463497192e-06    5.9046228080694667772e-06    1.0628321054525038009e-15    0
219    43    50    1.8482196091417233346e-05    1.4087295597951019594e-05    2.1465996308596142338e-05    3.4345594093753826461e-16    0
220    43    58    2.07133953352106701e-05    1.9522046751953779745e-05    1.0427657730889210001e-05    4.7967225562090359377e-16    0
221    43    58    1.2358183312992815925e-05    1.229710460309984765e-05    1.0144030584129533121e-05    1.582468771124206938e-15    0
222    43    60    2.1048957175119830342e-05    9.9601305460123524871e-06    1.794535476901070977e-05    3.1583824393458846359e-15    0
223    43    60    1.2379836059090647854e-05    1.0372210423397105767e-05    1.6071453712217714576e-05    1.607145371221771144e-16    0
224    43    68    1.3240147516265636811e-05    2.4567307030246205069e-06    1.4441559984510358991e-05    4.0436367956628999894e-16    0
225    43    88    1.5526524540059659065e-05    2.2892756302577900614e-05    1.077458092363318982e-05    2.6720960690610311812e-15    0
226    43    89    2.5968560182472219641e-05    2.1218109234079774849e-05    1.4653775856899934257e-05    4.3961327570699802124e-17    0
227    43    93    1.3623450170757977137e-05    1.001347942336572292e-05    1.6578449416275623738e-05    2.8183364007668558434e-16    0
228    44    47    6.2242502693592840354e-06    3.3283762240910140246e-06    9.3222206017814945758e-06    2.9831105925700780285e-15    0
229    44    51    1.0847264084818266061e-05    1.6637334740259653883e-05    1.0627554121532055721e-05    1.3071891569484424581e-15    0
230    44    54    7.0502811415171180164e-06    3.8456854145056999593e-06    9.3873487240220423691e-06    2.9664021967909653512e-15    0
231    47    53    1.4795358763077622375e-05    6.1189728366839328587e-06    5.6160801274919261544e-06    1.033358743458514438e-15    0
232    47    80    6.7624896607460973491e-06    1.0431805118670025028e-05    1.010165565905501688e-05    5.757943725661358658e-16    0
233    47    83    9.1998395460834857696e-06    1.3458508814657266201e-05    8.0293135671945458059e-06    3.5328979695655998868e-16    0
234    48    52    1.0764946552516682833e-05    9.9728623025320303872e-06    1.202549375323495931e-05    5.2912172514233820846e-16    0
235    48    52    7.1090460815931659624e-06    1.3920971541181333865e-05    8.7363487712125812318e-06    7.6006234309549457188e-16    0
236    48    64    7.3639920450599326366e-06    2.7140523060567211188e-06    8.9468698063209871595e-06    5.7259966760454313717e-16    0
237    48    97    2.0024234118218298129e-05    1.6117861386473558108e-05    1.058575741148208216e-05    1.2702908893778499242e-16    0
238    49    59    8.8771523929361471591e-06    1.4344268293412438237e-05    8.3048922009958129817e-06    1.6609784401991626727e-17    0
239    49    59    7.5623787078152681062e-06    1.2226481156971766594e-05    8.3031503697146944603e-06    8.3031503697146935697e-18    0
240    49    59    4.4775138924551716895e-06    4.9974627316030523306e-06    8.636131347525026269e-06    1.8481321083703552974e-15    0
241    49    85    7.3969940116072574568e-06    1.988414213230652245e-05    6.9709271322294317827e-06    4.182556279337659192e-17    0
242    50    72    6.7259437566301757443e-06    3.6246775620600198278e-06    9.0695433998014851639e-06    1.0792756645763766144e-15    0
243    50    93    1.5126611927376841469e-05    1.2655423040119343267e-05    1.5417900659336395927e-05    3.0835801318672791783e-17    0
244    51    54    1.103819595979714429e-05    6.0681100838398024843e-06    9.9697855221684693761e-06    4.3368567021432844275e-15    0
245    51    74    1.4260992836715883635e-05    3.5307399352771221271e-06    8.0259446975616721329e-06    1.9743823956001708101e-15    0
246    51    79    2.0811056201791567049e-05    1.9282970684412036456e-05    1.2394049688175630671e-05    1.3013752172584408614e-15    0
247    51    86    1.2678305603757397712e-05    5.716291043691677391e-06    9.3337621759743674205e-06    1.8947537217227964804e-15    0
248    52    64    1.1688316255599457669e-05    4.5985935314119026363e-06    8.0583589650785545906e-06    4.2709302514916339288e-16    0
249    52    66    2.9490356442297942913e-06    1.3614032418505481394e-06    8.452814586355426841e-06    5.113952824745032746e-15    0
250    53    55    1.1476303505678088875e-05    1.0278638272840953012e-05    5.5350352285965490439e-06    9.9630634114737876612e-17    0
251    53    83    7.3955230274455295434e-06    1.9194296613742600213e-05    6.6067869477650827001e-06    1.1363673550155940515e-15    0
252    54    74    1.8005339218384350486e-05    7.4513604849897899175e-06    5.5270858710455154011e-06    9.6724002743296507526e-16    0
253    54    78    1.2284866958274866954e-05    6.7957161360871614768e-06    6.0717880799240804364e-06    1.0929218543863343332e-15    0
254    54    78    1.8187112011557568286e-05    1.5557103258808696502e-05    7.2532226950538892122e-06    4.3519336170323340292e-17    0
255    54    78    2.4467659464898645081e-05    1.5039810151578972072e-05    6.3122211733602193284e-06    5.1760213621553799938e-16    0
256    54    107    3.0226490594969777936e-05    1.9181400432038823479e-05    6.3900463728224273714e-06    7.4124537924740155981e-16    0
257    54    133    3.4862500296937361135e-05    2.7571766746360092646e-05    7.0009972489906089951e-06    1.1901695323284035798e-16    0
258    55    64    9.3114353363511160943e-06    4.8878366827401322013e-06    6.9994265150298020078e-06    3.4297189923646028031e-16    0
259    55    67    1.0236743860878267325e-05    1.5429306067922929542e-05    4.655062827204806273e-06    1.0892847015659245572e-15    0
260    55    67    1.1268010689963469132e-05    1.8514721420311861585e-05    4.5015311467446344169e-06    3.1510718027212438208e-17    0
261    55    81    1.4763159250594506743e-05    1.5676992382953126891e-05    9.1273733011626808118e-06    1.0040110631278949467e-16    0
262    55    81    7.3567475218618188831e-06    3.9947328318404153269e-06    8.1813720899036884449e-06    8.4268132526007972582e-16    0
263    55    103    1.0984256095591981686e-05    1.4764679168074977759e-05    1.2429341490224999158e-05    3.3559222023607494914e-16    0
264    56    74    1.9541623715152806404e-05    1.8460818003656184256e-05    7.1567262891375509379e-06    1.1737031114185584272e-15    0
265    56    75    2.7930282660481797687e-05    1.8168984005969482913e-05    1.0819471808764016661e-05    7.5736302661348106467e-16    0
266    56    80    1.7739839685953714027e-05    7.088794268015973097e-06    9.1746711920167933952e-06    1.6514408145630229961e-16    0
267    56    90    1.1971785773089947533e-05    9.2800569730685554342e-06    1.16365711838354742e-05    1.9898536724358659139e-15    0
268    56    94    2.2772836713928114728e-05    1.3260569591575880816e-05    6.6079744773949491672e-06    6.6079744773949488003e-18    0
269    56    94    2.3805375992003092637e-05    1.1361328989234392635e-05    7.5271012761330835658e-06    7.5271012761330839676e-18    0
270    56    98    1.5313706188070067856e-05    1.3198356786826760345e-05    1.2204941578702973475e-05    1.13505956681937636e-15    0
271    57    60    7.784556032940094484e-06    1.2198964592735890257e-05    1.2002039358467775081e-05    3.6006118075403315173e-16    0
272    57    98    5.7120346339379808473e-06    2.1903728630112828934e-05    9.5985831814103931458e-06    4.1273907680064684821e-16    0
273    58    67    8.0649543937967529841e-06    3.6997834556397673132e-06    7.3804641883663095684e-06    3.2400237786928096055e-15    0
274    58    88    1.0439952798212299572e-05    2.4968482119817212236e-05    9.1046620618161803681e-06    5.4627972370897083844e-17    0
275    58    88    7.107844117751515369e-06    1.2743557785115004966e-05    1.0001145157086262748e-05    1.7602015476471821212e-15    0
276    58    88    1.741831643837910259e-05    1.3292640236049237451e-05    8.9205269169691270189e-06    6.2443688418783882061e-16    0
277    59    62    9.8114789967459163097e-06    9.4305217998309670059e-06    1.0060958617252113449e-05    4.6280409639359713794e-16    0
278    59    84    1.7191440484811710144e-05    1.0898704480249839664e-05    8.3823410185730708508e-06    3.7720534583578814003e-16    0
279    59    85    8.6058931398370970865e-06    1.3687491045790122759e-05    8.2753639147021934542e-06    2.284000440457805129e-15    0
280    59    85    1.2568796219689849672e-05    7.8518605713660244964e-06    8.3348854231199769017e-06    1.5002793761615956703e-16    0
281    60    72    1.2457409709248459229e-05    5.4407862774993561491e-06    1.0448067640008086942e-05    6.791243966005255868e-16    0
282    60    88    1.5176164675950849049e-05    2.3964819096855195275e-05    1.0485926840564812376e-05    2.1391290754752215251e-15    0
283    60    89    1.1092080859363111364e-05    8.564408302651660933e-06    1.2983713947706988513e-05    1.3113551087184058907e-15    0
284    60    89    1.2007841976292373172e-05    1.5642470186526822098e-05    1.1647470078472528298e-05    1.0832147172979449569e-15    0
285    60    89    9.9173757535258758944e-06    1.1638462244669302016e-05    1.2204112702372073079e-05    2.1235156102127406426e-15    0
286    61    71    1.1911700771467752095e-05    4.2099015519273303332e-06    9.0626649615162520953e-06    3.8969459334519872723e-16    0
287    61    77    2.243631945810774162e-06    5.7370601302967415728e-06    6.3582008620859047196e-06    2.8611903879386569376e-15    0
288    61    100    1.3583206496212605781e-05    1.3989979159310677486e-05    1.3592712709355392729e-05    3.941886685713063845e-16    0
289    62    71    1.6631915690677617791e-05    5.3375913240040122012e-06    1.1532276989313020987e-05    1.003308098070232715e-15    0
290    62    90    8.6106899608959681518e-06    1.4422596177398527086e-05    8.1905461876514095397e-06    6.5524369501211276092e-16    0
291    64    66    3.5277479665958824383e-06    1.2151669926558928683e-05    1.0708914486581706975e-05    4.4977440843643164051e-16    0
292    65    75    7.6609654757917651258e-06    1.1869273148116693629e-05    9.4524933308021654761e-06    6.3331705316374514239e-16    0
293    65    95    7.0307704827634070314e-06    1.4948257503798501552e-05    9.9395542878615752015e-06    1.5108122517549591141e-15    0
294    66    83    1.0590986181328726354e-05    1.3154231010034004803e-05    8.6091008272339996401e-06    1.3946743340119077855e-15    0
295    66    83    1.8195209508057120574e-05    1.9751182351577534088e-05    9.1627218069968257148e-06    7.6050590998073656205e-16    0
296    66    112    2.3246486409118143567e-05    9.6578309596814272686e-06    1.4088947457402203008e-05    4.7902421355167491771e-16    0
297    67    88    7.6538524145481853946e-06    3.8920515777814111577e-06    4.2214413942211670341e-06    1.4310686326409754095e-15    0
298    67    103    1.9856601452783133994e-05    2.2876716892962727209e-05    6.0224694449488997268e-06    3.9146051392167842913e-16    0
299    67    118    1.3542631441491935311e-05    2.2387091852979850267e-05    6.5403245439088151787e-06    1.0072099797619575293e-15    0
300    71    89    4.8433778923682161604e-06    1.4676906429247852385e-05    8.7637204203297698407e-06    4.9076834353846703475e-16    0
301    72    100    7.180099896296301997e-06    1.2093364129619873023e-05    8.5254571052002187733e-06    1.0912585094656279684e-15    0
302    74    80    1.3114067058212939084e-05    1.2529298944666288003e-05    6.7981615043051856444e-06    5.9823821237885626831e-16    0
303    74    107    8.5753778283698227629e-06    9.7105389409236579211e-06    7.4133980878566488681e-06    1.1935570921449204372e-15    0
304    75    79    1.0298926365024079887e-05    1.3200233148001033187e-05    1.1123481731245140019e-05    1.7352631500742416166e-15    0
305    75    86    8.1495642954476895715e-06    1.2825018504504633667e-05    1.2110305656374026977e-05    1.0657068977609142476e-15    0
306    75    95    6.1402225183128802488e-06    6.7806214171795091609e-06    1.2088425136919021301e-05    5.8266209159949672217e-15    0
307    75    107    1.3139215946073710029e-05    1.6688175088884061838e-05    7.9717207529455354122e-06    1.0283519771299740194e-15    0
308    77    100    1.867257466459150021e-05    1.2885002544009497145e-05    7.7247163220833612175e-06    8.033704974966695138e-16    0
309    77    104    5.5904967827033817302e-06    6.6307620353866838099e-06    9.9919126915546756907e-06    2.4280347840477861758e-15    0
310    78    86    2.0846363155111058164e-05    2.4682983930882948607e-05    1.0760089891060004209e-05    8.6080719128480034438e-17    0
311    78    91    4.0545834414080035639e-06    8.2854076553834313126e-06    7.2070299409478124673e-06    1.3837497486619797861e-15    0
312    78    133    1.5228959588137673086e-05    2.0079494609597560586e-05    1.1422554704847754332e-05    9.5949459520721137417e-16    0
313    79    86    1.4518142466519506965e-05    9.2020189104871857546e-06    1.0208844861376660713e-05    1.6334151778202657985e-16    0
314    79    95    7.8795470066204534906e-06    1.0306012323582105611e-05    1.1928477186373341896e-05    4.055682243366934918e-15    0
315    79    108    9.1224845483365318735e-06    8.2423846985275755643e-06    7.7623699774565281404e-06    2.033740934093610277e-15    0
316    79    108    1.5137679337262486867e-05    1.0952805424955455455e-05    8.7767247302304047114e-06    1.2287414622322564743e-16    0
317    80    83    8.9568167726833825947e-06    1.8039772137013176121e-05    7.1371521991236523753e-06    8.6359541609396194034e-16    0
318    80    91    1.0981606460492888638e-05    1.4141255803079047133e-05    8.596793605514036339e-06    1.7193587211028072256e-17    0
319    80    101    4.2781102069496176673e-06    7.0235194150276755156e-06    1.3794844338504927506e-05    1.7933297640056404216e-16    0
320    81    103    2.0828281801868562479e-06    4.5661278403287262656e-06    1.3853788109145699184e-05    7.4810455789386763553e-16    0
321    81    103    5.0589191586098673244e-06    8.8765511027206528058e-06    1.2948684176184751851e-05    2.5897368352369500808e-16    0
322    83    91    1.8521123979959451436e-06    2.6610029069767430977e-06    8.2070379494825824762e-06    3.5536474321259581887e-15    0
323    83    97    1.117600140020105705e-05    9.74351634462246415e-06    8.92713974873629633e-06    1.660447993264950885e-15    0
324    84    85    7.1856710423776490735e-06    8.8206054411245134482e-06    9.2199139438618101661e-06    1.7149039935582965353e-15    0
325    84    104    1.6415186658826719051e-05    2.5773040446304053437e-05    1.2648361188221104529e-05    1.3913197307043214377e-16    0
326    84    110    1.1370892147535261552e-05    6.9966612028517838936e-06    1.0539334590558862542e-05    1.0750121282370038521e-15    0
327    85    121    4.3201554532429161621e-06    1.0254852386403807426e-05    1.7118242395359000948e-05    3.5948309030253903517e-15    0
328    86    107    1.0201276728627210454e-05    1.6426487680532880678e-05    7.2299559361181776711e-06    6.9407576986734505348e-16    0
329    86    107    1.5058006874510482855e-05    1.1764869845915414332e-05    1.0168663676457233991e-05    6.5079447529326293965e-16    0
330    86    108    1.1337075827326549763e-05    1.3352249294051849555e-05    6.8128760575118521572e-06    1.6350902538028444746e-16    0
331    87    88    3.5265324096418381213e-06    8.7866962141237465469e-06    8.9969555098468142784e-06    8.0972599588621326972e-17    0
332    88    92    2.0209104157730721691e-05    1.0609775325970117638e-05    9.2468440512721863608e-06    4.6234220256360923966e-16    0
333    88    93    2.6401276752930810768e-05    1.3417891160676189802e-05    9.6831462685578840668e-06    2.4207865671394707111e-16    0
334    88    109    2.1476922357504835701e-05    8.0835435327758827374e-06    8.8366665788459124517e-06    1.7673333157691821391e-16    0
335    88    118    6.8906818135758451162e-06    1.3959543405052810531e-05    6.0867104856252072134e-06    2.0086144602563183608e-15    0
336    88    119    2.5395666428244260997e-05    1.8206302977757697831e-05    1.1022896589778188829e-05    1.3227475907733826036e-16    0
337    88    140    2.2074839168047488648e-05    3.0145081677113332095e-05    8.5645815889438689722e-06    1.9698537654570896382e-16    0
338    89    92    1.3491821739134315201e-05    4.5195240125649921073e-06    8.7965518998607513713e-06    3.2899104105479204727e-15    0
339    89    93    2.0285445411864488896e-05    4.3524781301829069323e-06    8.003067056041374605e-06    8.7233430910850970112e-16    0
340    89    98    1.047777311920957827e-05    1.9832184687048853128e-05    1.1635442536968465017e-05    2.4085366051524719289e-15    0
341    89    100    1.8634732622369984449e-05    1.8084782475052971012e-05    1.2984064743623214256e-05    1.1685658269260893307e-16    0
342    89    100    1.7122547513869873877e-05    1.3781720189742507367e-05    1.1892878383138691614e-05    9.8710890580051137531e-16    0
343    89    111    1.7560312493793531522e-05    1.3037506300801330109e-05    6.8241315194216429487e-06    1.5763743809863995793e-15    0
344    90    96    4.9336872801304332295e-06    4.9821767724074020344e-06    1.0307642562662008997e-05    1.9172215166551332684e-15    0
345    90    105    1.1372224373521580383e-05    1.4414203315371890927e-05    5.5714371400039575238e-06    5.6271515114039969519e-16    0
346    90    106    6.5789435972091640789e-06    1.3276536008370692143e-05    8.1732730189147993023e-06    1.0461789464210942315e-15    0
347    91    101    1.427251776059313417e-05    6.0324778759495719478e-06    6.8842664277754406294e-06    5.5074131422203524731e-17    0
348    91    133    7.3777946298473647799e-06    1.7019547284281472707e-05    1.6001891150825690608e-05    5.7606808142972485995e-16    0
349    91    133    8.4369209543285065341e-06    1.5149180479481504948e-05    1.3527811495662179207e-05    2.2997279542625705304e-16    0
350    92    93    4.6428990230856608657e-06    5.3802709249701660791e-06    6.8722465468019539622e-06    8.7964755799065013602e-16    0
351    92    102    1.0092579149188153341e-05    6.8945441095520889127e-06    5.3579733622200404459e-06    2.5182474802434184228e-16    0
352    93    100    1.4258159152089606953e-05    2.3018424475334932578e-05    1.1581997646697390561e-05    6.8333786115514595183e-16    0
353    93    117    8.2165050400930835081e-06    3.7060405857769069992e-06    1.0191068570691950374e-05    1.1821639542002661682e-15    0
354    94    99    4.8715611128647965435e-06    1.0233095774285834269e-05    5.5205990731565211544e-06    1.6340973256543301012e-15    0
355    94    115    4.6939879364852657486e-06    1.9159047810691804282e-05    6.3173769284471487131e-06    1.6867396398953885018e-15    0
356    95    105    1.9013012095425825749e-05    6.8113365084647908965e-06    9.1817919901388124715e-06    3.1218092766471963664e-16    0
357    95    105    2.1137096626832736589e-05    7.471891779388622443e-06    9.1496855245632983418e-06    1.5279974826020707512e-15    0
358    95    106    1.9965420187491625495e-05    5.0805320884333346804e-06    8.4802390082283039412e-06    1.1363520271025930228e-15    0
359    95    108    1.18477582236344811e-05    3.6158145783877898018e-06    8.8231296097063886379e-06    1.6675714962345070917e-15    0
360    95    108    1.1281341191102422285e-05    6.6232883206951630682e-06    9.9601844183259992258e-06    9.9601844183259989924e-18    0
361    95    123    1.7739964157706087386e-05    6.6066115877955962194e-06    9.277568049945643196e-06    4.6944494332724944993e-15    0
362    95    123    1.9645456010727882176e-05    1.3561269523992335262e-05    1.1426492451859752449e-05    4.5705969807439009212e-17    0
363    95    130    1.7912402377290911198e-05    1.2267606852347600247e-05    9.7356869909137082526e-06    1.5674456055371068554e-15    0
364    95    137    2.0281598723686010768e-05    1.0692629614915158089e-05    1.0323983656762003298e-05    6.4008698671924430921e-16    0
365    96    98    8.5783797850097473817e-06    1.6825483163521818148e-05    1.1494771665545414321e-05    8.7360264658145130119e-16    0
366    96    121    1.3569932324020017323e-05    1.3630478892723324913e-05    1.5190520552061261328e-05    1.0025743564360430269e-15    0
367    97    103    1.0052482104993011648e-05    8.7471568981055741938e-06    8.8286078317780156257e-06    8.8286078317780131457e-17    0
368    97    103    1.1161575576567444649e-05    1.0778907198604481147e-05    9.2797590492746356822e-06    9.2797590492746361526e-18    0
369    97    112    1.1626978126570670108e-05    6.4109100483405300353e-06    7.3237727380205889095e-06    5.2731163713748240695e-16    0
370    97    115    8.2608448795839890068e-06    2.6186804243267719142e-05    6.674890403487477046e-06    4.3386787622668598057e-16    0
371    97    120    6.1559588400813454399e-06    7.3014438170333410247e-06    8.7557688525300547661e-06    1.7511537705060109608e-17    0
372    98    99    3.3486306011826202491e-06    3.3486306011826202491e-06    7.4801856763925719243e-06    3.4259250397877973462e-15    0
373    98    113    2.4736231363421685151e-05    2.1273970419143602893e-05    1.377907643188374725e-05    1.1574424202782348773e-15    0
374    98    114    5.4213375407490137602e-06    6.0702031294183958894e-06    1.1558536577184289355e-05    1.6644292671145375583e-15    0
375    98    114    6.2947543252151561899e-06    6.9806597958348728217e-06    1.1611261928458319436e-05    2.4383650049762472319e-16    0
376    98    124    2.1903728630112822157e-05    9.3938943995523108783e-06    1.087831015779791604e-05    1.3597887697247395875e-15    0
377    98    131    2.5177789207961135136e-05    5.6553923351543962454e-06    9.3232832523517736046e-06    4.3819431286053328633e-16    0
378    98    139    2.6712430732491738549e-05    1.6272699097699980058e-05    1.2251040224804557959e-05    6.1255201124022780989e-17    0
379    100    111    1.9325360111035252151e-06    9.9741241965268104814e-07    8.5415493824079065751e-06    2.6478803085464507033e-15    0
380    101    107    6.3581651291511017733e-06    1.7109543716450448752e-05    6.1175555354621376268e-06    5.8728533140436526461e-16    0
381    101    114    8.8986409790214319635e-06    1.2742484292503226251e-05    1.0369398134534280845e-05    1.555409720180141778e-16    0
382    102    118    6.2431920417166127774e-06    1.5450478797948008361e-05    5.7218202691317633296e-06    3.7191831749356456542e-16    0
383    102    124    7.3376392320823882135e-06    1.2229398720137318207e-05    7.2657777777777762763e-06    3.4149155555555541027e-16    0
384    103    112    8.7174443339233857156e-06    6.0940624543907500474e-06    1.2280460335591815351e-05    6.0174255644399896666e-16    0
385    103    112    1.3096838109190026524e-05    6.4565125183154696106e-06    1.4204235886488508718e-05    1.4204235886488509823e-17    0
386    103    115    1.3690808740576897417e-05    2.058218939992153144e-05    8.4494332467125720249e-06    1.6898866493425140622e-16    0
387    103    118    1.5143106275325457917e-05    2.3624132577110439134e-05    6.6873200210578794616e-06    5.3498560168463034348e-17    0
388    103    127    1.0113786426390525538e-05    5.1334308046345108865e-06    1.4342998617951127475e-05    2.5817397512312026924e-16    0
389    103    128    4.4596576706722127823e-06    5.0260359164450481379e-06    1.1381687041805022353e-05    1.6731079951453380085e-15    0
390    104    113    2.1412657321303879492e-06    2.0698700336524867432e-06    1.2961960340570666711e-05    5.0940504138442713811e-15    0
391    104    122    1.933315870177366617e-05    1.2234666517460696483e-05    1.2616836825778968893e-05    5.0467347303115873642e-17    0
392    104    125    1.0047961618167098932e-05    9.3782580707815236344e-06    6.9588635778645638788e-06    9.046522651223932032e-17    0
393    104    125    6.0533110239585914122e-06    4.7799291659743839167e-06    7.6139341721610293671e-06    7.6139341721610297119e-18    0
394    104    125    1.4137469082772489846e-05    9.650130699182221162e-06    8.2811306018489046205e-06    2.235905262499203787e-16    0
395    104    145    1.3755657938659228759e-05    1.9024699102594295748e-05    1.6477254285186469074e-05    1.647725428518646943e-17    0
396    104    145    1.7217979812836898385e-05    1.9671822707423008839e-05    1.6555136846272920095e-05    3.9732328431055007951e-16    0
397    105    106    4.3856551724137906437e-06    3.5206854365726829164e-06    5.6144566804096638556e-06    9.2638535226759457653e-16    0
398    105    114    1.2417879739422850308e-05    1.9959282824717414895e-05    8.1200374685086527515e-06    7.7140355950832185328e-16    0
399    105    123    7.4804652226223431049e-06    1.3004550980680333925e-05    8.5285343032997329671e-06    1.5351361745939517775e-16    0
400    107    123    4.9402202289005796656e-06    8.8298093501549595661e-06    8.5721289737795511201e-06    6.5319622780200176284e-15    0
401    107    133    2.3347262229296116953e-05    2.1144929174785622144e-05    8.4995022378129729746e-06    6.2896316559815988582e-16    0
402    107    133    4.1618626068184389811e-05    1.146930321236753335e-05    5.6892327805052970776e-06    1.2516312117111652416e-16    0
403    107    151    3.9440344684829142623e-05    2.1434985508270806723e-05    6.8840859662820162268e-06    8.9493117561666200127e-17    0
404    108    137    1.1620752121664981049e-05    1.7251404964612653339e-05    9.1542063137398560534e-06    2.3800936415723624102e-16    0
405    108    137    7.0974535830749354074e-06    9.3152034057968222602e-06    8.5202440356370669655e-06    1.0479900163833589995e-15    0
406    109    119    4.429355176274024823e-06    8.90626714709935454e-06    8.427235677775735752e-06    8.4272356777757349265e-16    0
407    109    140    6.4721768291820665176e-06    1.8513317769547631185e-05    6.6725233461784730685e-06    1.8015813034681874701e-16    0
408    110    121    8.8791003883067957209e-06    1.3828508062834567643e-05    1.0267274135109471199e-05    4.3122551367459774334e-16    0
409    110    121    6.4853034300791632022e-06    1.172311421055829564e-05    1.1271835255464843955e-05    9.0174682043718749304e-17    0
410    110    121    5.6935473495529603834e-06    1.2785076178802519227e-05    1.3029849747709961307e-05    1.3029849747709961224e-17    0
411    110    121    6.1465041465299401742e-06    1.3515813346907733201e-05    1.2842786194517426794e-05    3.8528358583552284511e-17    0
412    110    122    8.5779368366703349574e-07    2.9986949835112943825e-06    1.5868855176695680699e-05    9.6800016577843642524e-16    0
413    110    145    9.1477500111673406094e-06    9.1213113720288511955e-06    8.0177899462986759673e-06    6.0133424597240061255e-16    0
414    110    146    8.8209822208544252139e-06    1.4118593453483138791e-05    4.9787198798939679765e-06    4.3314862955077521757e-16    0
415    111    113    3.6687608006822922663e-06    7.5723397182567524008e-06    8.909244660542129865e-06    1.7729396874478835384e-15    0
416    111    180    1.4734566346076689543e-05    2.779108631341665507e-05    8.391992368833671559e-06    2.0979980922084177522e-16    0
417    112    128    5.6602773559698442077e-06    9.2745915877110284421e-06    9.711129767467793593e-06    1.16533557209613539e-16    0
418    112    128    5.1110411975572647827e-06    1.5585330043914338524e-05    8.0083185191245858352e-06    5.9261557041521926708e-16    0
419    113    125    8.0250785744733830313e-06    3.5365920478422779159e-06    9.1787981967970536855e-06    1.2574953529611963566e-15    0
420    113    132    1.3484628177250215721e-05    1.5755969957132354587e-05    1.3815347033522579025e-05    1.1052277626818063061e-16    0
421    113    139    1.6437887981499531021e-05    6.5359380241433012908e-06    8.9043420238797937449e-06    2.1815637958505494342e-15    0
422    113    139    2.0429085092100233133e-05    1.5019892772688843199e-05    1.1055269196963753576e-05    4.4221076787855014119e-17    0
423    113    145    2.2501738192464543052e-05    4.3051275976472270731e-05    1.4561147422786751822e-05    1.7473376907344102564e-16    0
424    113    156    1.6707222310286215538e-05    1.3473959382652610423e-05    8.8257159560183627361e-06    6.2662583287730373906e-16    0
425    114    115    1.8261066462547061368e-05    1.6999546233230658862e-05    1.0524938761625155331e-05    1.7155650181449005922e-15    0
426    114    123    1.6933006192179282076e-05    3.0534497016653503517e-05    8.5449744422482371573e-06    9.6558211197405067492e-16    0
427    114    129    1.7878777377955387332e-05    1.0035719417473335489e-05    9.5327851328304466472e-06    1.925622596831750253e-15    0
428    114    144    1.0529338897975079018e-05    7.7398268329232480437e-06    7.8291154193409810095e-06    9.9429765825630464778e-16    0
429    114    148    1.2218363176331839581e-05    8.2786691078879225017e-06    8.0830891337962575821e-06    1.1558817461328648453e-15    0
430    114    151    1.3916562004013353164e-05    2.1536996483535500007e-05    6.4268322016418403286e-06    1.3367810979415025718e-15    0
431    114    151    2.4936154028628257785e-05    2.5798581497676693674e-05    7.6777123941645209577e-06    7.6777123941645208776e-18    0
432    115    118    5.7771326919464003187e-06    1.1489237024454750484e-05    6.1242506211214775346e-06    5.101500767394189324e-15    0
433    115    128    1.4348730778141578161e-05    1.3054194718094744017e-05    9.6905961503910003908e-06    1.6861637301680339685e-15    0
434    115    129    8.4760567742124588871e-06    8.7955171645469350076e-06    8.1995478323134528959e-06    3.4356105417393362669e-15    0
435    115    150    2.6408122059917608709e-05    3.4094463841835914654e-05    1.1520185664644132055e-05    1.1520185664644131644e-17    0
436    115    151    1.76055566434787354e-05    2.6694090578706887386e-05    6.4789914100134289685e-06    3.1747057909065799933e-16    0
437    115    153    2.4796360241074236051e-05    5.6454755046961252018e-06    6.2294535710850519115e-06    1.9062127927520258304e-15    0
438    115    155    2.0464991756830816391e-05    4.1829992187701138165e-06    6.1113478570986188841e-06    4.0334895856850881946e-16    0
439    117    119    6.3756681530430807226e-06    1.4202357308402658602e-05    8.1547534609886386373e-06    3.1803538497855686688e-16    0
440    117    126    4.5755941626826023276e-06    1.6984346359182720559e-05    7.1983588044199094244e-06    4.5349660467845427307e-16    0
441    117    132    1.1292801388605393147e-05    8.9231355201142946584e-06    7.6468193838025407455e-06    1.2234911014084065599e-16    0
442    117    141    7.4863949886368544724e-06    8.7821833504387456144e-06    9.2825119013629632894e-06    1.7636772612589626386e-16    0
443    118    129    1.2272637332453184154e-05    9.650499170825436497e-06    7.2796063531756341941e-06    1.0628225275636424584e-15    0
444    118    140    1.2610823218716552365e-05    2.2863282681036491324e-05    7.6711288733935867139e-06    2.5544859148400637435e-15    0
445    118    150    1.7587033630615832492e-05    2.4101275015995997733e-05    9.659725593417437328e-06    1.4006602110455283643e-15    0
446    118    153    1.8579876126599745686e-05    1.1863451756276296127e-05    6.6771697770317698232e-06    1.0015754665547652184e-16    0
447    119    126    2.9886692631577631293e-06    1.8758260526956782791e-06    9.1606755671495769224e-06    2.1710801094144492071e-15    0
448    119    140    2.077989124601814058e-05    2.3538360295320072033e-05    9.3087811172743519943e-06    1.8617562234548702173e-17    0
449    119    140    2.7772060525443158626e-06    3.1336567687695904643e-06    9.3257949210260338035e-06    3.515824685226814815e-15    0
450    120    128    4.4242832256881538803e-06    8.6748048925497988162e-06    9.1063530516147856342e-06    1.4296974291035211212e-15    0
451    120    133    1.5105202675504178879e-05    1.3656429556514406795e-05    9.0454204906624350728e-06    4.2513476306113436145e-16    0
452    120    138    1.5627156896154225627e-05    1.4269870863717465099e-05    9.0884501783715346984e-06    1.6086556815717615537e-15    0
453    120    151    9.9565407110362947951e-06    2.2100695265010083168e-05    5.6629457857052878985e-06    4.077320965707807105e-16    0
454    120    151    9.6604133590370209984e-06    2.5374719961033100573e-05    5.3904470286485553499e-06    1.1158225349302508835e-15    0
455    120    161    2.0154291834663938429e-05    1.3787015714463423928e-05    8.0002362990980065139e-06    1.0800319003782309698e-15    0
456    121    142    1.4483891988336149777e-05    6.106220774456786501e-06    7.6723098963982042808e-06    2.4935007163294162633e-15    0
457    121    146    1.4168944890585183705e-05    1.250013559231693465e-05    6.5375806977486073553e-06    1.1963772676879952427e-15    0
458    121    149    7.4710262132482147776e-06    4.2929076728242197001e-06    8.0442278867371801155e-06    1.4720937032729041702e-15    0
459    122    145    6.5510513912147018989e-06    1.3246103840662781749e-05    1.429234839671508062e-05    3.8589340671130714469e-16    0
460    122    145    3.6400772189497037577e-06    5.3786671822326244922e-06    1.6034682604379930676e-05    1.7958844516905520862e-15    0
461    123    130    1.7681914541259097402e-05    1.0354874113014483591e-05    8.7157372792231775779e-06    2.3271018535525881002e-15    0
462    123    137    1.0697395308962216493e-05    7.5389204806623337133e-06    9.3705311615904261844e-06    7.5432775850802928437e-15    0
463    123    144    2.2862562393235031868e-05    8.6921227280615196169e-06    7.5865460301018163453e-06    1.7752517710438247738e-15    0
464    123    152    2.6879949713384714894e-05    5.8852382567132312453e-06    6.7002246144051116729e-06    7.9062650449980304989e-16    0
465    123    171    3.0241895125277432174e-05    1.0877817828682419864e-05    7.4738817352394469501e-06    4.4095902237912727982e-16    0
466    124    129    8.4122190126247050555e-06    1.170677556774268386e-05    7.1760978044145276253e-06    3.0857220558982464308e-16    0
467    124    132    8.0386345142980065667e-06    9.199361677178245555e-06    9.7379294828208498694e-06    4.9663440362386335186e-16    0
468    124    139    5.7116374913283313858e-06    9.3253553036025215025e-06    9.2709132930601709764e-06    2.5958557220568474485e-15    0
469    124    150    7.3437532128935934981e-06    4.2022289874549409599e-06    7.1396173780238858471e-06    1.2422934237761561549e-15    0
470    125    145    1.1913043217225777139e-05    2.0269553751861163493e-05    9.0755003005868646604e-06    1.3976270462903769901e-15    0
471    125    146    7.4870309012882417396e-06    1.5025805691169108209e-05    4.5910941113281705231e-06    2.9383002312500288895e-16    0
472    125    156    7.3858111082469055862e-06    2.257874582773685665e-05    5.2289800628172098982e-06    1.464114417588818524e-16    0
473    126    140    6.4074642088070409566e-06    9.171503771560939527e-06    8.3981676947831220145e-06    3.2752854009654172042e-16    0
474    126    140    9.6637117517040549181e-06    1.3090598354939258989e-05    8.5939056459224595793e-06    3.4375622583689837114e-17    0
475    126    141    1.649348510006583255e-05    8.4601181193436657063e-06    8.5793740407940724557e-06    1.338382350363875146e-15    0
476    126    143    4.540544014421613801e-06    6.9093229487683646421e-06    7.4628452473233567962e-06    2.1343737407344801151e-15    0
477    127    128    6.4101392942281630068e-06    8.084957936190161835e-06    1.0812011625874480328e-05    3.892324185314812639e-16    0
478    127    134    3.3611089029134769574e-06    2.9442105718799503727e-06    1.1516339013753192842e-05    1.4971240717879149973e-16    0
479    127    134    2.0322797540382266416e-06    1.1990253023162841822e-06    1.4491916567432422777e-05    1.0144341597202695424e-16    0
480    127    153    8.4223684168951747228e-06    7.7658953274440732612e-06    1.1010696304445544017e-05    1.8718183717557425333e-16    0
481    128    134    4.8436453081628320436e-06    2.4899852194433719242e-06    9.1308210016090422562e-06    1.196137551210784338e-15    0
482    128    138    1.682215348674993724e-05    5.3715815433103672916e-06    7.956314493655789331e-06    1.1934471740483681116e-15    0
483    128    138    1.6535931915490570339e-05    1.2483870957895952086e-05    1.0583490356807809959e-05    1.0583490356807809649e-17    0
484    128    151    1.8838663678645357262e-05    2.5425906769243331648e-05    6.7967621163369726706e-06    1.1622463218936221208e-15    0
485    129    148    8.9336514693322433163e-06    1.2427627553747951826e-05    5.6115899760735053506e-06    1.0998716353104070672e-15    0
486    129    155    1.1706775567742685554e-05    5.2250414267915286571e-06    6.0392866191132887381e-06    2.1741431828807838316e-16    0
487    130    136    3.271042260160111342e-06    3.1757486712136013691e-06    7.799459639835862543e-06    1.4506994930094704116e-15    0
488    130    170    1.2205855988004254127e-05    1.2798825287733167264e-05    8.1069998561854781472e-06    4.8641999137112853218e-16    0
489    131    139    5.0227722497423134458e-06    1.8586728919197090845e-05    7.3031590973194626884e-06    1.0078359554300857453e-15    0
490    131    154    5.6020869802676326617e-06    1.1519648700761719629e-05    4.326968432441561746e-06    4.5433168540636396682e-16    0
491    132    139    9.3226326411143964969e-06    5.9800367614849290836e-06    1.2758507694410096156e-05    1.8244666003006436314e-15    0
492    132    141    4.2792824370295635413e-06    2.3351024348218540791e-06    1.2014059140325483737e-05    2.3427415323634694783e-15    0
493    132    180    1.4027541000427249795e-05    1.0360479757207423438e-05    1.3513450787061588373e-05    2.3108000845875314379e-15    0
494    133    147    1.2635344125968850517e-05    5.9895141436053051532e-06    1.5189562809800540466e-05    9.7213201982723464253e-16    0
495    133    158    5.8113929031223506759e-06    7.4974892862228188938e-06    6.5573082399032520226e-06    8.9835122886674556593e-16    0
496    133    161    1.0131708760964433757e-05    1.1009540850854373291e-05    9.8964550440693296532e-06    2.6720428618987188835e-16    0
497    134    178    1.0539875212038310408e-05    1.1663185950078279029e-05    8.9180082648493948032e-06    3.6563833885882520054e-16    0
498    136    167    1.2350730615093461574e-05    2.2288783820918280402e-05    6.2209214985915337932e-06    9.953474397746453751e-17    0
499    136    170    9.2082602095351803707e-06    1.3455874796711619318e-05    1.1284623588633283271e-05    8.1249289838159632243e-16    0
500    137    170    2.7827502634003723544e-05    1.1185217613035410545e-05    1.2750317367440699095e-05    9.43523485190611632e-16    0
501    137    170    2.427850599020635211e-05    2.2302933709449937699e-05    1.5031641747006537537e-05    3.7579104367516342635e-16    0
502    137    177    9.6262705539309390446e-06    7.1454435073631854678e-06    1.4212083964928701017e-05    1.2506633889137255907e-15    0
503    137    189    1.9052222989254848236e-05    7.6356045393595517771e-06    1.2739622534139204539e-05    7.6437735204835232352e-17    0
504    137    190    2.2150286699115684006e-05    1.1214653803705754406e-05    1.3699351116670916789e-05    1.8083143474005609265e-15    0
505    138    161    1.4263899928109090729e-05    1.4320653069760211931e-05    1.028695383755197334e-05    2.3659993826369535517e-16    0
506    138    163    5.5866032375267170621e-06    5.150464543921799579e-06    2.2175129411942140928e-05    2.372738847077808927e-15    0
507    138    185    1.684374185081317552e-05    1.5995707056734821607e-05    8.4384357150752305313e-06    1.0969966429597799023e-16    0
508    139    150    1.0931369189533454576e-05    6.2941945569982232119e-06    9.0599499272298574453e-06    1.4224121385750874326e-15    0
509    139    156    9.815752805323197183e-06    1.3416439573094386862e-05    6.8227876784924892137e-06    2.7291150713969957105e-16    0
510    139    168    1.8209277578159121982e-05    2.4589943829652035262e-05    5.0966382761376953457e-06    1.5289914828413087454e-17    0
511    140    143    8.5559095580678319333e-06    4.9193864690683553566e-06    7.7867913209938063841e-06    2.2737430657301913327e-15    0
512    140    153    2.4976638158822192439e-05    1.4270496298916392994e-05    7.7689151402945367874e-06    4.1175250243561043974e-16    0
513    140    173    1.8148116035578812952e-05    1.5345146589092155664e-05    9.1245680426066464434e-06    6.3871976298246515702e-17    0
514    140    174    6.3152597291051407652e-06    1.6358884257921247588e-05    6.7691115326499648306e-06    5.3408289992608221808e-15    0
515    141    181    1.270553211355687892e-05    9.5712971093883075888e-06    9.8261184247890913992e-06    8.6469842138144002126e-16    0
516    142    146    6.0463519558833093889e-06    4.4936501175958707991e-06    3.9663148534939354314e-06    8.8845452718264149838e-16    0
517    142    146    7.4329373868104863399e-06    9.6921207031066754933e-06    5.2421747307288006954e-06    5.2421747307288007377e-18    0
518    142    154    4.7789811642440549374e-06    6.6412655983712987821e-06    5.0061033670898043968e-06    2.0775328973422687689e-15    0
519    142    156    6.848837262784010556e-06    8.0583326809613463527e-06    4.9524291284939142324e-06    6.9334007798914794835e-17    0
520    142    162    6.6829299009211471017e-06    1.1848407234095141826e-05    6.309279472836769407e-06    1.0094847156538831323e-16    0
521    143    181    1.6190812824829913555e-05    2.418123565779493184e-05    1.122927252500121673e-05    2.0212690545002188288e-16    0
522    144    151    7.629417878003949728e-06    1.857365481010742571e-05    5.5077867611873329413e-06    6.9948891867079131485e-16    0
523    144    152    2.4830090529250394297e-05    9.8727024080135480694e-06    4.6356575956108877362e-06    1.9469761901565726505e-16    0
524    144    159    1.107933468806322381e-05    2.0782827415398575076e-05    9.5386471782077198676e-06    1.8695748469287128895e-15    0
525    144    160    8.4763864744605374473e-06    1.2125315058215651166e-05    6.4902655912297565712e-06    1.5836248042600605078e-15    0
526    145    146    5.4372680871569056322e-06    3.8096167184773172492e-06    7.4376871719738211859e-06    2.1494915927004340315e-15    0
527    145    146    2.3169814899365693357e-05    1.6125594238439050092e-05    7.4670632825152150392e-06    5.7496387275367150809e-16    0
528    145    149    1.5145068844536281242e-05    1.2006044322907662256e-05    6.6385164550107608397e-06    1.9251697719531203769e-16    0
529    145    156    2.7215657147188407057e-05    1.5301766020278463517e-05    1.094798815472216849e-05    5.4739940773610832574e-16    0
530    145    162    6.4136596934191588109e-06    3.5511188725980396007e-06    1.4857669749130331604e-05    2.436657838857374453e-15    0
531    145    168    4.2660193573934775959e-05    1.1901020300594335503e-05    1.2230667598990435673e-05    4.2807336596466517224e-16    0
532    145    180    4.6394687598747176181e-05    2.2405011230520016473e-05    1.4181012618474602804e-05    5.1051645426508565151e-16    0
533    145    180    4.5711430300913583654e-05    1.9696483037499480499e-05    1.3683413305380929796e-05    2.7366826610761857835e-16    0
534    145    187    1.8280425969400406025e-05    5.8447381539714069653e-06    1.2620394368662302064e-05    6.1839932406445275014e-16    0
535    146    156    1.1877305973527495003e-05    1.3612604325818854946e-05    6.5761862876812954371e-06    6.970757464942172903e-16    0
536    146    162    6.9482453732939390424e-06    9.0281194166333766471e-06    7.0457392385807566797e-06    4.2274435431484531032e-16    0
537    146    162    6.9980590747926122987e-06    5.3983198635083436476e-06    5.4280143085781171138e-06    5.9708157394359296815e-17    0
538    147    152    3.3242478468986977218e-06    1.6309988957060594385e-05    4.8967589998145758e-06    1.0772869799592066466e-16    0
539    148    155    1.2929407467974377911e-05    8.1909057032980258349e-06    5.3329638337708465734e-06    6.2395676855118898311e-16    0
540    148    157    7.4707280040646665653e-06    8.2118320724061897453e-06    6.8533189215270387399e-06    3.8378585960551410654e-16    0
541    148    160    4.1564588059535425725e-06    6.7749063893222133634e-06    6.1634448549327709043e-06    1.5408612137331928588e-15    0
542    148    172    8.9110683891586447243e-06    1.3618438588939420239e-05    8.2540827497162513621e-06    6.6032661997730004978e-17    0
543    149    167    4.3126699525246721878e-06    8.4971501706484587962e-06    6.0344686470516189014e-06    8.568945478813297175e-16    0
544    150    173    1.8433023255903595826e-05    1.8887323286778763331e-05    1.3143726196790948133e-05    1.1697916315143943497e-15    0
545    150    175    3.8610796770071535797e-05    1.2144357574856477978e-05    8.533767289580065701e-06    3.5841822616236271868e-16    0
546    150    179    1.3685416971725565164e-05    2.3878775961337713217e-05    8.4680666749842043172e-06    4.4880753377416284912e-16    0
547    150    196    1.4991185709891257673e-05    1.1787277542631398531e-05    9.4460552572525690007e-06    1.4169082885878849379e-16    0
548    151    159    1.5833223101546262693e-06    3.8572880231290376021e-06    9.6356510236283610414e-06    1.1321889952763324399e-14    0
549    151    160    1.6301085368295147732e-05    1.0861565680070634423e-05    6.5054583206472130192e-06    1.502760872069505813e-15    0
550    151    164    1.1628112584127477201e-05    3.1093536233429266288e-06    4.9480702909977121836e-06    2.592788832482800747e-15    0
551    151    191    2.8348794862858675997e-05    1.9970814209513474395e-05    6.6544333083716682037e-06    1.7301526601766336827e-16    0
552    152    159    2.1401141331741842537e-06    1.204309494808993948e-05    8.0454789731624288873e-06    5.1491065428239542075e-16    0
553    152    171    3.579574494270931549e-06    2.0818462521460892351e-05    9.1663988684055929858e-06    4.4915354455187401824e-16    0
554    153    178    8.5472236626835189051e-06    7.0536387354753041877e-06    9.6411664982938352349e-06    1.6197159717133642292e-15    0
555    154    156    5.3501348320290574286e-06    4.0052452954273652663e-06    5.0906341318992231473e-06    1.0588518994350382232e-15    0
556    154    162    8.804153524959874562e-06    1.5053550825733620302e-05    7.8888957871766216592e-06    1.1517787849277866608e-15    0
557    154    166    8.846755027404743009e-06    1.012955668663891544e-05    6.2445763200974528033e-06    7.3061542945140183171e-16    0
558    155    172    3.4476392709436990726e-06    6.3412000177595174104e-06    7.0684965887365130112e-06    5.6547972709892104759e-16    0
559    156    162    7.0207203939778497083e-06    2.0393591184624420057e-05    7.126921742934002685e-06    2.8507686971736002345e-16    0
560    156    168    3.8219719635146216877e-06    2.4742276876069127864e-06    6.490825507568919905e-06    1.3565825310819041784e-15    0
561    156    179    6.8639517460398401195e-06    1.0436318204095022591e-05    8.9233480927639239163e-06    6.2463436649347465392e-17    0
562    156    179    7.3846362682907307689e-06    8.9468038190371364915e-06    8.7137342995905023605e-06    6.0996140097133513132e-17    0
563    157    179    3.0497475233402632099e-06    4.3766368325102242089e-06    9.1339615464888059611e-06    1.0230036932067461881e-15    0
564    158    159    4.788557488548037238e-06    1.4222012131340378089e-05    9.1316570909178027064e-06    1.8263314181835601809e-15    0
565    158    171    1.0923490508926001386e-05    2.510640719027544486e-05    1.1224602734746861173e-05    1.3469523281696231014e-15    0
566    158    184    6.2180884442226602154e-06    5.6892965133832648861e-06    7.0739074168021147396e-06    1.2308598905235678379e-15    0
567    159    161    1.9630746104711562199e-05    9.9873266650635407352e-06    1.0307076492859636611e-05    1.0307076492859635061e-15    0
568    159    164    1.2477418645681786921e-05    9.1698362158349691218e-06    1.0914183741740446384e-05    2.2046651158315703082e-15    0
569    159    171    1.3603909833274399589e-05    2.7310349879403872353e-05    1.1717634628504070246e-05    1.2772221745069436701e-15    0
570    159    184    1.934578908532993334e-05    7.0207827065314474513e-06    9.3107084335554732524e-06    7.2623525781732680264e-16    0
571    159    184    3.1184952670453800492e-05    1.1194939243472038236e-05    9.2838959605710635978e-06    3.4350415054112929723e-16    0
572    159    190    2.928291041940178524e-05    1.2878029146458171814e-05    9.8358421678973425629e-06    7.1801647825650589674e-16    0
573    159    190    2.924135183076859352e-05    1.4324131472827112029e-05    1.017795671433211495e-05    3.0533870142996347656e-17    0
574    159    193    2.5405909499542825275e-05    1.0252719333791496215e-05    9.5883836375531118854e-06    1.8217928911350909105e-16    0
575    160    164    1.4297767271107118434e-05    1.0595061768592913548e-05    6.6505634743909545871e-06    1.2503059331854993601e-15    0
576    160    172    1.0783178205623905808e-05    1.0757865545816525156e-05    7.6308403994032626141e-06    1.2896120274991514766e-15    0
577    160    172    1.7042742384138752376e-05    1.8828666405216796213e-05    8.0400983989017510797e-06    5.6280688792312254324e-16    0
578    160    186    1.8879215264746020787e-05    1.1350711330233049926e-05    6.1165363946094481449e-06    1.877776673145100593e-15    0
579    160    193    1.068009633911369129e-05    7.7688578995770811317e-06    6.5985573161737429536e-06    6.4665861698502676201e-16    0
580    161    163    1.3156144399210308895e-05    1.8124170370635837065e-05    1.2253515165013283521e-05    2.4507030330026567808e-17    0
581    161    184    1.0281660016042879321e-05    9.0662124683029112946e-06    9.6981341449035365356e-06    1.2122667681129422264e-15    0
582    161    191    5.2936979069342447854e-06    1.2854277511077119128e-05    8.4621887550894035106e-06    2.064774056241814466e-15    0
583    162    167    4.54713766953711821e-06    4.0748973813502085999e-06    8.469590348474391296e-06    6.0981050509015610326e-16    0
584    162    168    1.9783116858787095531e-05    9.5047604292760653609e-06    7.8489494943526627038e-06    4.6308802016680706286e-16    0
585    162    198    1.3801162611548408197e-05    9.9864410995503748148e-06    7.201162716524108878e-06    5.0408139015668759082e-17    0
586    164    175    1.041833094819256943e-05    5.4647906974190172405e-06    7.0483542299094838611e-06    9.5152782103778034334e-16    0
587    164    191    1.9151708847638731836e-05    1.0633436420040801677e-05    7.1902203707020414324e-06    5.1769586669054693161e-16    0
588    164    193    1.3047319038773531056e-05    6.817376078494694331e-06    7.0389945861137585571e-06    5.9127554523355580883e-16    0
589    166    167    1.8462407335335851604e-05    5.5314016749845335295e-06    5.5060451696796907284e-06    9.3602767884554739537e-16    0
590    166    179    1.2682212725392132835e-05    1.011943008894684554e-05    7.6172815013496607316e-06    4.189504825742312646e-16    0
591    166    186    8.743779189657719216e-06    1.1307717024861772262e-05    7.4911405019538840436e-06    1.280985025834113954e-15    0
592    166    188    1.1327670825976895303e-05    8.4326849389230549566e-06    7.3906568776299066194e-06    1.2342396985641944336e-15    0
593    166    188    1.4478255681916403676e-05    7.2674914068578976676e-06    6.3633672974665662737e-06    6.3633672974665662613e-18    0
594    166    194    7.3451322366950759046e-06    8.5859921405137012469e-06    5.5676196498472051919e-06    3.3962479864067951608e-16    0
595    167    170    1.9024308049987370201e-05    1.9379767238661361941e-05    8.0804908021699735268e-06    1.3736834363688955292e-16    0
596    167    170    1.6811808467147109324e-05    1.6399306393762408905e-05    7.9074839398360761191e-06    7.9074839398360753581e-18    0
597    167    188    4.337343558457340824e-06    4.7357351496451771135e-06    6.7546500880374067674e-06    1.1347812147902843359e-15    0
598    168    179    5.688611987825065588e-06    9.1297483114139835788e-06    7.6278003565073228319e-06    9.9924184670245916452e-16    0
599    168    179    1.5381601441618575322e-05    2.7003488171978798523e-05    8.068950130894039354e-06    1.3233078214666223863e-15    0
600    168    180    1.9858825748229690073e-05    1.8635548058215719994e-05    5.6760887041093734042e-06    4.9381971725751545535e-16    0
601    168    198    7.9984455957000073572e-06    1.1716232241276373414e-05    5.0870310347563549831e-06    1.0174062069512709104e-15    0
602    169    186    6.9514584260934895928e-06    1.2870813455131467851e-05    6.5061417723635022505e-06    2.8627023798399409302e-16    0
603    169    186    7.896807808023076445e-06    1.3304040600810809492e-05    6.7320257574666306937e-06    3.366012878733314819e-16    0
604    169    190    4.4289596360872215023e-06    6.5034053344781767147e-06    1.0480050018740334322e-05    1.3414464023987627115e-15    0
605    170    188    1.3516192363233371773e-05    1.1549192760397369726e-05    7.6517070724279381686e-06    3.879415485720963904e-15    0
606    170    190    1.0418668953129636077e-05    9.3621400921034073355e-06    1.317221987295895813e-05    2.2392773784030230326e-16    0
607    170    192    1.7727820870678964266e-05    5.7452960434139094405e-06    9.5295174578379121983e-06    3.621216633978405619e-16    0
608    170    192    1.8498264024509128987e-05    7.6611836687516587983e-06    1.0177780948694779744e-05    4.3764458079387545887e-16    0
609    170    194    1.4116003343224045282e-05    1.1043933819445365065e-05    6.8359578135349796866e-06    1.9550839346710042686e-15    0
610    171    177    7.514181175084871845e-06    1.7188343323258005349e-05    8.7019548164468177851e-06    8.9630134609402222523e-16    0
611    171    189    4.5124243246055429257e-06    1.0467416521299776014e-05    7.8392414156304189235e-06    1.4894558689697793134e-15    0
612    171    190    1.3415227974895345956e-05    1.3921310502367554063e-05    1.2242030493038494503e-05    1.3466233542342345914e-16    0
613    172    179    1.7713362147814294814e-05    1.4884898051621499641e-05    9.2563854852689183276e-06    1.0922534872617321684e-15    0
614    172    186    1.7381166147740946136e-05    1.4221653226979352286e-05    9.1452362771869142373e-06    4.5726181385934566465e-17    0
615    172    195    8.612087793780315729e-06    6.5546863561492888775e-06    7.0573416703436386526e-06    8.468810004412366368e-17    0
616    172    196    8.7545628253459732948e-06    1.1787277542631398531e-05    7.2460976334516237309e-06    7.2460976334516230055e-16    0
617    173    174    3.0668574990399116709e-06    6.3967526443517296419e-06    7.2252309424828101457e-06    5.0721121216229313394e-15    0
618    173    195    1.9620041044956968931e-05    5.9017199444208128482e-06    9.9414605044817596296e-06    1.8888774958515339279e-16    0
619    173    196    1.702507590989023461e-05    2.6423916190275468705e-05    6.8369257618183857495e-06    6.973664277054753712e-16    0
620    173    199    1.7342424781823771062e-05    4.9203792356046151837e-06    9.8109149192485024923e-06    2.5508378790046105154e-16    0
621    174    181    1.2386154510843806216e-05    1.0424245382611132318e-05    8.9939579994642405379e-06    2.4283686598553447016e-16    0
622    175    178    1.0995573917832790465e-05    1.1601900700708779634e-05    9.1243718967938807363e-06    2.9197990069740419956e-16    0
623    177    189    3.7024339531064315295e-06    4.1268841583470664114e-06    1.0392212214502807914e-05    3.5541365773599598628e-15    0
624    177    189    1.4336097126927272171e-05    1.4098969752649699252e-05    1.1047734308269301903e-05    3.7562296648115624895e-16    0
625    177    192    1.7414353513088261585e-05    1.0860934427783604695e-05    7.8218707584058774735e-06    1.5643741516811753683e-17    0
626    178    185    5.764657045485503171e-06    7.1702519665302021971e-06    7.4147837342713006353e-06    2.7360551979461097243e-15    0
627    178    199    1.8407609703317430569e-05    8.0998503580700833681e-06    6.7459471325742548256e-06    6.745947132574254115e-17    0
628    179    180    3.3362993716657385042e-05    1.8672518809127250914e-05    8.3957034485355295388e-06    1.4272695862510397613e-16    0
629    179    183    3.3181906581085978867e-05    1.0262082104717985633e-05    7.0477521526199185981e-06    1.6914605166287805695e-16    0
630    179    186    7.8132356781072784577e-06    8.5524247970333448402e-06    8.0838893939687784444e-06    5.0120114242606433763e-16    0
631    179    186    1.0148028396442390232e-05    1.2000473197440658508e-05    7.7969018797171459338e-06    5.5358003345991721637e-16    0
632    179    196    1.9076175801808669329e-05    8.6935701165355608159e-06    7.8361521037297519573e-06    1.339982009737787335e-15    0
633    179    198    1.759548080855480846e-05    2.492767898704005821e-05    5.1571095801013616328e-06    1.7946741338752737517e-15    0
634    179    198    1.3605725940809993568e-05    1.4362167919006393077e-05    5.8871138828979202443e-06    1.9427475813563133601e-16    0
635    180    181    3.8282986465384984505e-06    6.0994560122757040339e-06    1.6928402929789795043e-05    1.9975515457151955012e-15    0
636    180    182    1.9763774708204319311e-05    8.5790893003654526726e-06    9.3614818522133717182e-06    4.9615853816730870777e-16    0
637    180    182    1.1114419822311858853e-05    1.423061351384543032e-05    1.488595942437309393e-05    1.1908767539498475358e-16    0
638    180    183    7.0827986467507123174e-06    5.4887796625467334997e-06    1.1586590834383251651e-05    1.2745249917821578647e-16    0
639    180    183    1.2373199229370294034e-05    1.3145680573221639643e-05    1.3463263996867048936e-05    5.3853055987468194519e-17    0
640    181    183    2.0325306931822500198e-06    2.1260287053058931381e-06    1.6931133991979913507e-05    5.248651537513773236e-16    0
641    181    201    1.9782805827597105497e-05    1.0478197141698949999e-05    1.431624031293267809e-05    8.1602569783716245894e-16    0
642    182    187    4.5922872123634083099e-06    6.7603120638927809014e-06    1.3399295893977898698e-05    3.2158310145546959566e-16    0
643    183    196    9.2341885880154127547e-06    2.0075300455634679614e-05    6.0705009932591550751e-06    2.428200397303661897e-17    0
644    184    191    1.3989918069071730869e-05    2.1469812975825260803e-05    9.8994114129952018083e-06    2.3758587391188484287e-16    0
645    185    191    4.7404029459229046059e-06    9.8254927056627222809e-06    8.8855651292076180746e-06    2.1236500658806201145e-15    0
646    185    191    1.2083872534553363385e-05    1.074225992809697506e-05    7.7641823269392712078e-06    1.552836465387854262e-16    0
647    185    199    3.1248612210326002809e-05    1.1732670274268575382e-05    5.6535099792314628126e-06    2.2614039916925852058e-17    0
648    186    194    9.6048091437920433088e-06    4.7232821142979890218e-06    6.3019606822170279108e-06    1.354921546676660995e-15    0
649    186    200    1.7506806269953431734e-05    5.4786910548023118352e-06    5.5465517417127034033e-06    4.2708448411187806901e-16    0
650    187    198    9.6773344300366699985e-06    1.1338235884637764425e-05    5.6034869738018910438e-06    6.5000448896101929784e-16    0
651    188    194    1.1089171593827095734e-05    1.3007172507839363977e-05    5.5588105558718496355e-06    4.5026365502561981235e-16    0
652    188    194    2.0728244999985850092e-05    1.1474115096834604105e-05    5.477227156546902583e-06    3.5601976517554862678e-16    0
653    188    197    1.4369909496889312579e-05    8.6204498713183614006e-06    5.6406260767575549064e-06    5.5278135552224025064e-16    0
654    188    198    3.1932100631698827461e-05    8.6496762902432548678e-06    4.4806307371899843425e-06    2.6883784423139900475e-16    0
655    189    190    1.1907536452911511224e-05    1.0233742820525269546e-05    1.0185612174760859893e-05    5.907655061361298548e-16    0
656    189    192    1.0874069038727660931e-05    7.7774391303454764961e-06    7.2052345890321068533e-06    5.7641876712256854512e-16    0
657    190    192    9.8550452912091440327e-06    7.0080020011719701601e-06    7.2295727451980133432e-06    9.9045146609212771617e-16    0
658    193    200    1.6618962803814189561e-05    9.9969183931938071399e-06    4.117356246002677953e-06    5.7642987444037482982e-17    0
659    195    196    5.7959030064770650071e-06    7.7870536017220279149e-06    7.1478107222826889057e-06    7.2907669367283422779e-16    0
660    196    200    5.8457900068812204271e-06    5.2542572669463285243e-06    3.2670609557509488686e-06    2.5809781550432493192e-16    0
661    197    198    8.0054675110663729075e-06    1.7427990604510245926e-05    4.4118503346689109151e-06    3.7941912878152635223e-16    0
