87    9.999999999999999124e-05    9.999999999999999124e-05    9.999999999999999124e-05
1    8.299999999999999815e-05    9.7999999999999996836e-05    9.9999999999999995475e-07    1    -1    1    0    1    
2    9.0999999999999989318e-05    1.9999999999999999095e-06    1.9999999999999999095e-06    2    -1    16    1    0    2    47    
3    9.6999999999999999634e-05    4.1000000000000000474e-05    1.9999999999999999095e-06    2    -1    14    1    0    3    48    
4    3.2999999999999995754e-05    7.899999999999999579e-05    1.9999999999999999095e-06    5    -1    9    23    24    26    1    0    4    49    50    51    52    
5    3.000000000000000076e-06    9.3999999999999994476e-05    1.9999999999999999095e-06    1    -1    1    0    5    
6    3.8999999999999999294e-05    1.9999999999999999095e-06    3.000000000000000076e-06    2    -1    11    1    0    6    53    
7    5.8999999999999997542e-05    9.6000000000000002432e-05    3.000000000000000076e-06    3    -1    15    26    1    0    7    54    55    
8    9.3999999999999994476e-05    8.7999999999999997712e-05    3.999999999999999819e-06    3    -1    14    30    1    0    8    56    57    
9    3.100000000000000135e-05    9.2999999999999997274e-05    3.999999999999999819e-06    2    -1    4    1    0    9    49    
10    9.9999999999999995475e-07    0    4.999999999999999562e-06    0    0    0    
11    4.6999999999999997238e-05    2.900000000000000017e-05    4.999999999999999562e-06    7    -1    -1    6    16    17    23    27    1    0    10    11    53    58    59    60    61    
12    1.9999999999999999095e-06    6.7000000000000002262e-05    4.999999999999999562e-06    1    -1    1    0    12    
13    8.2000000000000000948e-05    5.6999999999999996362e-05    6.000000000000000152e-06    0    0    0    
14    8.9999999999999992116e-05    7.2000000000000001824e-05    6.000000000000000152e-06    5    -1    -1    3    8    24    1    0    13    14    48    56    62    
15    6.7000000000000002262e-05    8.4999999999999992554e-05    6.000000000000000152e-06    6    -1    -1    -1    7    24    30    1    0    15    16    17    54    63    64    
16    7.899999999999999579e-05    1.4999999999999998686e-05    6.999999999999999895e-06    7    -1    2    11    21    27    27    28    1    0    18    47    58    65    66    67    68    
17    2.499999999999999781e-05    2.9999999999999997372e-05    6.999999999999999895e-06    8    -1    11    20    20    23    23    31    40    1    0    19    59    69    70    71    72    73    74    
18    8.0999999999999990194e-05    5.800000000000000034e-05    6.999999999999999895e-06    0    0    0    
19    8.2000000000000000948e-05    5.9999999999999994744e-05    9.000000000000000228e-06    0    0    0    
20    9.000000000000000228e-06    6.000000000000000152e-06    1.0999999999999999714e-05    6    -1    -1    17    17    31    31    1    0    20    21    69    70    75    76    
21    9.6000000000000002432e-05    2.4000000000000000608e-05    1.29999999999999992e-05    2    16    35    0    0    65    77    
22    3.000000000000000076e-06    2.4000000000000000608e-05    1.8000000000000000456e-05    1    23    0    0    78    
23    1.8999999999999997658e-05    3.7999999999999995316e-05    1.8000000000000000456e-05    13    -1    4    11    17    17    22    24    25    26    33    40    41    51    1    0    22    50    60    71    72    78    79    80    81    82    83    84    85    
24    6.7000000000000002262e-05    6.4999999999999994306e-05    1.8000000000000000456e-05    12    -1    -1    4    14    15    23    25    26    28    30    30    34    1    0    23    24    51    62    63    79    86    87    88    89    90    91    
25    4.3999999999999998856e-05    6.7000000000000002262e-05    2.0999999999999998838e-05    4    23    24    26    32    0    0    80    86    92    93    
26    3.8999999999999999294e-05    8.0999999999999990194e-05    2.0999999999999998838e-05    7    4    7    23    24    25    30    39    0    0    52    55    81    87    92    94    95    
27    5.399999999999999798e-05    1.8999999999999997658e-05    2.1999999999999999428e-05    5    11    16    16    29    37    0    0    61    66    67    96    97    
28    8.0999999999999990194e-05    3.1999999999999998552e-05    2.799999999999999958e-05    8    -1    16    24    29    35    35    36    42    1    0    25    68    88    98    99    100    101    102    
29    6.7000000000000002262e-05    3.2999999999999995754e-05    2.799999999999999958e-05    2    27    28    0    0    96    98    
30    7.5999999999999990632e-05    9.2999999999999997274e-05    2.799999999999999958e-05    6    8    15    24    24    26    34    0    0    57    64    89    90    94    103    
31    1.29999999999999992e-05    4.999999999999999562e-06    2.900000000000000017e-05    7    17    20    20    37    40    44    48    0    0    73    75    76    104    105    106    107    
32    4.6999999999999997238e-05    4.8000000000000001216e-05    2.900000000000000017e-05    3    25    40    42    0    0    93    108    109    
33    2.1999999999999999428e-05    6.2999999999999999902e-05    3.4999999999999996934e-05    3    23    41    51    0    0    82    110    111    
34    7.7000000000000001386e-05    8.5999999999999989756e-05    3.6999999999999998114e-05    4    24    30    36    72    0    0    91    103    112    113    
35    7.7999999999999998588e-05    1.4999999999999998686e-05    3.8999999999999999294e-05    9    21    28    28    37    45    47    47    54    55    0    0    77    99    100    114    115    116    117    118    119    
36    8.7999999999999997712e-05    7.5999999999999990632e-05    3.8999999999999999294e-05    7    28    34    46    50    50    59    66    0    0    101    112    120    121    122    123    124    
37    3.2999999999999995754e-05    2.1999999999999999428e-05    4.1000000000000000474e-05    10    27    31    35    40    45    47    48    56    57    58    0    0    97    104    114    125    126    127    128    129    130    131    
38    0    9.4999999999999991678e-05    4.1000000000000000474e-05    0    0    0    
39    3.6999999999999998114e-05    8.4999999999999992554e-05    4.1999999999999997676e-05    5    26    41    43    46    52    0    0    95    132    133    134    135    
40    2.59999999999999984e-05    3.9999999999999996496e-05    4.2999999999999994878e-05    9    17    23    31    32    37    45    51    56    57    0    0    74    83    105    108    125    136    137    138    139    
41    1.0999999999999999714e-05    7.5999999999999990632e-05    4.2999999999999994878e-05    6    23    33    39    43    51    51    0    0    84    110    132    140    141    142    
42    5.9999999999999994744e-05    5.8999999999999997542e-05    4.6000000000000000036e-05    6    28    32    45    46    50    56    0    0    102    109    143    144    145    146    
43    1.4999999999999998686e-05    8.8999999999999994914e-05    4.6000000000000000036e-05    6    39    41    51    51    52    53    0    0    133    140    147    148    149    150    
44    3.999999999999999819e-06    1.6999999999999999866e-05    4.8000000000000001216e-05    5    31    48    49    49    57    0    0    106    151    152    153    154    
45    5.19999999999999968e-05    3.3999999999999999732e-05    4.8999999999999998418e-05    6    35    37    40    42    55    58    0    0    115    126    136    143    155    156    
46    5.8999999999999997542e-05    8.299999999999999815e-05    5.0999999999999999598e-05    6    36    39    42    50    52    72    0    0    120    134    144    157    158    159    
47    5.800000000000000034e-05    3.999999999999999819e-06    5.3000000000000000778e-05    5    35    35    37    61    62    0    0    116    117    127    160    161    
48    2.699999999999999899e-05    3.999999999999999819e-06    5.4999999999999995182e-05    5    31    37    44    49    62    0    0    107    128    151    162    163    
49    3.000000000000000076e-06    3.999999999999999819e-06    5.6999999999999996362e-05    4    44    44    48    70    0    0    152    153    162    164    
50    7.899999999999999579e-05    6.4999999999999994306e-05    5.6999999999999996362e-05    6    36    36    42    46    56    66    0    0    121    122    145    157    165    166    
51    7.999999999999999638e-06    7.2000000000000001824e-05    5.6999999999999996362e-05    11    23    33    40    41    41    43    43    53    57    65    67    0    0    85    111    137    141    142    147    148    167    168    169    170    
52    4.4999999999999996058e-05    9.2999999999999997274e-05    5.6999999999999996362e-05    4    39    43    46    73    0    0    135    149    158    171    
53    6.000000000000000152e-06    9.2000000000000000072e-05    5.8999999999999997542e-05    3    43    51    73    0    0    150    167    172    
54    8.7999999999999997712e-05    4.999999999999999562e-06    6.0999999999999998722e-05    2    35    61    0    0    118    173    
55    7.2000000000000001824e-05    2.900000000000000017e-05    6.20000000000000027e-05    6    35    45    58    60    61    64    0    0    119    155    174    175    176    177    
56    5.800000000000000034e-05    5.599999999999999916e-05    6.3999999999999997104e-05    8    37    40    42    50    65    68    71    81    0    0    129    138    146    165    178    179    180    181    
57    9.000000000000000228e-06    2.9999999999999997372e-05    6.7000000000000002262e-05    5    37    40    44    51    70    0    0    130    139    154    168    182    
58    4.6999999999999997238e-05    2.499999999999999781e-05    6.7999999999999999464e-05    4    37    45    55    64    0    0    131    156    174    183    
59    9.2999999999999997274e-05    8.2000000000000000948e-05    6.8999999999999996666e-05    4    36    66    72    72    0    0    123    184    185    186    
60    8.299999999999999815e-05    4.6000000000000000036e-05    7.099999999999999107e-05    2    55    71    0    0    175    187    
61    7.5999999999999990632e-05    1.8000000000000000456e-05    7.2999999999999999026e-05    8    47    54    55    62    64    64    75    77    0    0    160    173    176    188    189    190    191    192    
62    4.8999999999999998418e-05    6.000000000000000152e-06    7.499999999999999343e-05    5    47    48    61    68    77    0    0    161    163    188    193    194    
63    1.9999999999999999095e-06    8.4999999999999992554e-05    7.5999999999999990632e-05    0    0    0    
64    5.4999999999999995182e-05    3.1999999999999998552e-05    8.0999999999999990194e-05    8    55    58    61    61    71    75    80    81    0    0    177    183    189    190    195    196    197    198    
65    1.5999999999999999276e-05    5.599999999999999916e-05    8.0999999999999990194e-05    8    0    0    51    56    67    80    81    83    0    1    26    27    169    178    199    200    201    202    
66    9.4999999999999991678e-05    6.4999999999999994306e-05    8.0999999999999990194e-05    7    36    50    59    71    71    72    82    0    0    124    166    184    203    204    205    206    
67    2.4000000000000000608e-05    6.9999999999999993868e-05    8.0999999999999990194e-05    3    51    65    73    0    0    170    199    207    
68    3.3999999999999999732e-05    1.6999999999999999866e-05    8.2000000000000000948e-05    4    0    56    62    70    0    1    28    179    193    208    
69    8.7999999999999997712e-05    0    8.299999999999999815e-05    0    0    0    
70    7.999999999999999638e-06    1.0999999999999999714e-05    8.299999999999999815e-05    5    49    57    68    79    83    0    0    164    182    208    209    210    
71    9.2999999999999997274e-05    4.6000000000000000036e-05    8.3999999999999995352e-05    14    0    0    56    60    64    66    66    72    74    75    75    81    82    82    0    1    29    30    180    187    195    203    204    211    212    213    214    215    216    217    
72    6.7999999999999999464e-05    9.3999999999999994476e-05    8.3999999999999995352e-05    12    0    34    46    59    59    66    71    73    74    74    76    76    0    1    31    113    159    185    186    205    211    218    219    220    221    222    
73    4.1999999999999997676e-05    9.0999999999999989318e-05    8.4999999999999992554e-05    6    52    53    67    72    74    85    0    0    171    172    207    218    223    224    
74    5.399999999999999798e-05    7.5999999999999990632e-05    8.5999999999999989756e-05    6    0    71    72    72    73    81    0    1    32    212    219    220    223    225    
75    9.0999999999999989318e-05    2.499999999999999781e-05    8.700000000000000051e-05    8    0    0    0    61    64    71    71    84    0    1    33    34    35    191    196    213    214    226    
76    8.7999999999999997712e-05    9.6000000000000002432e-05    9.2000000000000000072e-05    2    72    72    0    0    221    222    
77    6.8999999999999996666e-05    9.999999999999999124e-06    9.3999999999999994476e-05    5    0    61    62    78    84    0    1    36    192    194    227    228    
78    8.8999999999999994914e-05    3.000000000000000076e-06    9.4999999999999991678e-05    2    0    77    0    1    37    227    
79    1.2000000000000000304e-05    9.999999999999999124e-06    9.6000000000000002432e-05    3    0    70    83    0    1    38    209    229    
80    4.3999999999999998856e-05    4.1999999999999997676e-05    9.6000000000000002432e-05    4    0    64    65    81    0    1    39    197    200    230    
81    6.20000000000000027e-05    5.0999999999999999598e-05    9.6000000000000002432e-05    8    0    56    64    65    71    74    80    84    0    1    40    181    198    201    215    225    230    231    
82    9.2999999999999997274e-05    6.4999999999999994306e-05    9.6000000000000002432e-05    4    0    66    71    71    0    1    41    206    216    217    
83    3.000000000000000076e-06    3.6999999999999998114e-05    9.7999999999999996836e-05    4    0    65    70    79    0    1    42    202    210    229    
84    6.9999999999999993868e-05    3.9999999999999996496e-05    9.7999999999999996836e-05    4    0    75    77    81    0    1    43    226    228    231    
85    3.999999999999999819e-06    9.4999999999999991678e-05    9.7999999999999996836e-05    2    0    73    0    1    44    224    
86    9.8999999999999994038e-05    3.4999999999999996934e-05    9.999999999999999124e-05    1    0    0    1    45    
87    3.9999999999999996496e-05    9.8999999999999994038e-05    9.999999999999999124e-05    1    0    0    1    46    
