479    0.00019999999999999998248    0.00019999999999999998248    0.00019999999999999998248
1    0.00014199999999999998214    0    0    0    0    0    
2    6.8999999999999996666e-05    3.000000000000000076e-06    0    0    0    0    
3    8.3999999999999995352e-05    1.8999999999999997658e-05    0    0    0    0    
4    0.00017300000000000000382    0.00015899999999999998878    0    0    0    0    
5    9.9999999999999995475e-07    0.00012199999999999999744    9.9999999999999995475e-07    1    -1    1    0    1    
6    0.0001039999999999999936    0.00018699999999999999175    9.9999999999999995475e-07    2    12    50    0    0    170    171    
7    6.7999999999999999464e-05    0.00019399999999999999927    9.9999999999999995475e-07    0    0    0    
8    0.00019999999999999998248    0.00019799999999999998808    9.9999999999999995475e-07    1    0    0    1    88    
9    3.9999999999999996496e-05    4.6000000000000000036e-05    1.9999999999999999095e-06    1    41    0    0    172    
10    3.4999999999999996934e-05    7.499999999999999343e-05    1.9999999999999999095e-06    1    21    0    0    173    
11    9.3999999999999994476e-05    6.999999999999999895e-06    3.000000000000000076e-06    2    55    77    0    0    174    175    
12    8.7999999999999997712e-05    0.00017799999999999998983    3.000000000000000076e-06    3    6    47    50    0    0    170    176    177    
13    3.999999999999999819e-06    4.6999999999999997238e-05    3.999999999999999819e-06    4    -1    21    41    95    1    0    2    178    179    180    
14    0.0001029999999999999964    6.9999999999999993868e-05    3.999999999999999819e-06    5    18    18    34    35    42    0    0    181    182    183    184    185    
15    0.00014799999999999999246    9.0999999999999989318e-05    3.999999999999999819e-06    5    31    35    48    48    48    0    0    186    187    188    189    190    
16    5.6999999999999996362e-05    0.00012899999999999999141    3.999999999999999819e-06    3    23    43    46    0    0    191    192    193    
17    0.00018400000000000000014    4.6000000000000000036e-05    4.999999999999999562e-06    3    19    53    75    0    0    194    195    196    
18    0.00011799999999999999508    6.0999999999999998722e-05    4.999999999999999562e-06    7    14    14    35    42    55    67    83    0    0    181    182    197    198    199    200    201    
19    0.00018300000000000000294    6.20000000000000027e-05    4.999999999999999562e-06    3    17    20    25    0    0    194    202    203    
20    0.00019599999999999999367    6.3999999999999997104e-05    4.999999999999999562e-06    4    0    19    53    134    0    1    89    202    204    205    
21    4.999999999999999562e-06    6.4999999999999994306e-05    4.999999999999999562e-06    3    -1    10    13    1    0    3    173    178    
22    0.00017599999999999999542    0.0001240000000000000054    4.999999999999999562e-06    5    30    32    65    68    69    0    0    206    207    208    209    210    
23    4.6999999999999997238e-05    0.00015300000000000000557    4.999999999999999562e-06    7    16    33    39    39    45    59    79    0    0    191    211    212    213    214    215    216    
24    6.0999999999999998722e-05    6.4999999999999994306e-05    6.000000000000000152e-06    6    34    34    34    40    41    80    0    0    217    218    219    220    221    222    
25    0.00017400000000000000102    7.7000000000000001386e-05    6.000000000000000152e-06    5    0    19    30    30    48    0    1    90    203    223    224    225    
26    4.6000000000000000036e-05    8.3999999999999995352e-05    6.000000000000000152e-06    2    28    40    0    0    226    227    
27    1.399999999999999979e-05    0.0001039999999999999936    6.000000000000000152e-06    3    -1    70    73    1    0    4    228    229    
28    3.6000000000000000912e-05    0.0001039999999999999936    6.000000000000000152e-06    4    26    43    73    85    0    0    226    230    231    232    
29    3.999999999999999819e-06    0.0001649999999999999991    6.000000000000000152e-06    2    -1    33    1    0    5    233    
30    0.00019599999999999999367    0.0001019999999999999992    6.999999999999999895e-06    7    0    22    25    25    61    108    134    0    1    91    206    223    224    234    235    236    
31    0.0001640000000000000019    0.00010999999999999999036    6.999999999999999895e-06    2    15    58    0    0    186    237    
32    0.00019599999999999999367    0.00015400000000000000277    6.999999999999999895e-06    7    0    22    65    69    69    81    86    0    1    92    207    238    239    240    241    242    
33    2.799999999999999958e-05    0.00017999999999999998423    6.999999999999999895e-06    6    23    29    47    57    59    89    0    0    211    233    243    244    245    246    
34    8.0999999999999990194e-05    7.9999999999999992992e-05    7.999999999999999638e-06    7    14    24    24    24    43    71    80    0    0    183    217    218    219    247    248    249    
35    0.00011199999999999999832    9.3999999999999994476e-05    7.999999999999999638e-06    6    14    15    18    36    36    93    0    0    184    187    197    250    251    252    
36    0.0001240000000000000054    0.00011600000000000000068    7.999999999999999638e-06    5    35    35    44    49    49    0    0    250    251    253    254    255    
37    0.00012699999999999999701    0.00014599999999999999805    7.999999999999999638e-06    8    44    49    69    69    69    69    74    81    0    0    256    257    258    259    260    261    262    263    
38    3.999999999999999819e-06    0.00019399999999999999927    9.000000000000000228e-06    2    -1    76    1    0    6    264    
39    7.099999999999999107e-05    0.00016300000000000000469    9.999999999999999124e-06    5    23    23    46    47    88    0    0    212    213    265    266    267    
40    5.8999999999999997542e-05    7.9999999999999992992e-05    1.0999999999999999714e-05    3    24    26    56    0    0    220    227    268    
41    2.499999999999999781e-05    3.2999999999999995754e-05    1.2000000000000000304e-05    17    -1    -1    9    13    24    42    54    54    54    64    80    80    80    80    95    95    98    1    0    7    8    172    179    221    269    270    271    272    273    274    275    276    277    278    279    280    
42    9.999999999999999124e-05    4.2999999999999994878e-05    1.2000000000000000304e-05    5    14    18    41    55    80    0    0    185    198    269    281    282    
43    8.3999999999999995352e-05    0.00011199999999999999832    1.2000000000000000304e-05    8    16    28    34    46    49    56    90    181    0    0    192    230    247    283    284    285    286    287    
44    0.00014500000000000000085    0.00012999999999999998861    1.2000000000000000304e-05    4    36    37    68    91    0    0    253    256    288    289    
45    1.8000000000000000456e-05    0.00013599999999999999893    1.2000000000000000304e-05    2    23    70    0    0    214    290    
46    7.2999999999999999026e-05    0.00013899999999999999053    1.2000000000000000304e-05    6    16    39    43    49    88    88    0    0    193    265    283    291    292    293    
47    5.9999999999999994744e-05    0.00018400000000000000014    1.2000000000000000304e-05    6    12    33    39    50    57    59    0    0    176    243    266    294    295    296    
48    0.0001659999999999999963    7.7999999999999998588e-05    1.29999999999999992e-05    8    15    15    15    25    61    75    83    108    0    0    188    189    190    225    297    298    299    300    
49    0.00011399999999999999272    0.00013899999999999999053    1.29999999999999992e-05    9    36    36    37    43    46    74    93    181    181    0    0    254    255    257    284    291    301    302    303    304    
50    8.8999999999999994914e-05    0.00019499999999999999647    1.29999999999999992e-05    4    6    12    47    94    0    0    171    177    294    305    
51    0.00017099999999999998231    0.00018999999999999998336    1.399999999999999979e-05    3    69    86    119    0    0    306    307    308    
52    0.00019300000000000000207    2.499999999999999781e-05    1.4999999999999998686e-05    4    0    53    75    75    0    1    93    309    310    311    
53    0.00019399999999999999927    4.1000000000000000474e-05    1.4999999999999998686e-05    8    0    17    20    52    75    83    96    99    0    1    94    195    204    309    312    313    314    315    
54    2.900000000000000017e-05    7.999999999999999638e-06    1.5999999999999999276e-05    5    41    41    41    62    115    0    0    270    271    272    316    317    
55    0.00011899999999999999229    3.6999999999999998114e-05    1.5999999999999999276e-05    9    11    18    42    66    77    80    82    83    151    0    0    174    199    281    318    319    320    321    322    323    
56    6.9999999999999993868e-05    9.2999999999999997274e-05    1.5999999999999999276e-05    5    40    43    78    78    87    0    0    268    285    324    325    326    
57    5.19999999999999968e-05    0.00019099999999999998056    1.6999999999999999866e-05    12    33    47    59    76    79    88    89    104    104    104    104    120    0    0    244    295    327    328    329    330    331    332    333    334    335    336    
58    0.0001659999999999999963    0.00011699999999999999788    1.8000000000000000456e-05    3    31    68    108    0    0    237    337    338    
59    4.3999999999999998856e-05    0.00017199999999999997951    1.8000000000000000456e-05    6    23    33    47    57    79    89    0    0    215    245    296    327    339    340    
60    1.6999999999999999866e-05    0.00018699999999999999175    1.8000000000000000456e-05    0    0    0    
61    0.00017300000000000000382    8.7999999999999997712e-05    1.8999999999999997658e-05    3    30    48    83    0    0    234    297    341    
62    7.2999999999999999026e-05    6.000000000000000152e-06    1.9999999999999998248e-05    6    54    77    80    80    92    115    0    0    316    342    343    344    345    346    
63    0.00013699999999999999613    6.999999999999999895e-06    1.9999999999999998248e-05    2    75    110    0    0    347    348    
64    3.6999999999999998114e-05    5.399999999999999798e-05    1.9999999999999998248e-05    6    41    78    80    80    95    124    0    0    273    349    350    351    352    353    
65    0.00019699999999999999087    0.00012699999999999999701    1.9999999999999998248e-05    7    0    0    0    22    32    68    113    0    1    95    96    97    208    238    354    355    
66    9.6000000000000002432e-05    2.699999999999999899e-05    2.0999999999999998838e-05    2    55    77    0    0    318    356    
67    0.0001240000000000000054    6.4999999999999994306e-05    2.0999999999999998838e-05    2    18    72    0    0    200    357    
68    0.00016300000000000000469    0.00013699999999999999613    2.0999999999999998838e-05    7    22    44    58    65    74    81    100    0    0    209    288    337    354    358    359    360    
69    0.00016199999999999998039    0.00017999999999999998423    2.0999999999999998838e-05    22    0    0    22    32    32    37    37    37    37    51    74    74    81    81    86    97    97    113    113    119    150    184    0    1    98    99    210    239    240    258    259    260    261    306    361    362    363    364    365    366    367    368    369    370    371    372    
70    7.999999999999999638e-06    0.00012199999999999999744    2.1999999999999999428e-05    7    -1    27    45    73    85    105    105    1    0    9    228    290    373    374    375    376    
71    8.7999999999999997712e-05    7.2000000000000001824e-05    2.4000000000000000608e-05    4    34    80    87    151    0    0    248    377    378    379    
72    0.00012899999999999999141    8.299999999999999815e-05    2.499999999999999781e-05    5    67    93    108    108    151    0    0    357    380    381    382    383    
73    2.799999999999999958e-05    0.00010100000000000000199    2.499999999999999781e-05    8    -1    27    28    70    78    85    112    112    1    0    10    229    231    373    384    385    386    387    
74    0.00012699999999999999701    0.00015300000000000000557    2.499999999999999781e-05    12    37    49    68    69    69    88    97    100    125    139    149    149    0    0    262    301    358    361    362    388    389    390    391    392    393    394    
75    0.00017300000000000000382    1.2000000000000000304e-05    2.59999999999999984e-05    18    0    0    17    48    52    52    53    63    83    83    83    96    106    121    128    128    142    174    0    1    100    101    196    298    310    311    312    347    395    396    397    398    399    400    401    402    403    404    
76    1.6999999999999999866e-05    0.00019200000000000000486    2.59999999999999984e-05    5    -1    38    57    109    109    1    0    11    264    328    405    406    
77    0.00010899999999999999316    1.399999999999999979e-05    2.699999999999999899e-05    7    11    55    62    66    80    101    110    0    0    175    319    342    356    407    408    409    
78    3.9999999999999996496e-05    8.4999999999999992554e-05    2.699999999999999899e-05    9    56    56    64    73    80    85    87    90    102    0    0    324    325    349    384    410    411    412    413    414    
79    3.8999999999999999294e-05    0.00015199999999999998126    2.699999999999999899e-05    7    23    57    59    88    89    105    120    0    0    216    329    339    415    416    417    418    
80    7.2000000000000001824e-05    5.3000000000000000778e-05    2.799999999999999958e-05    35    24    34    41    41    41    41    42    55    62    62    64    64    71    77    78    82    87    92    95    95    101    106    124    132    146    151    151    151    153    153    153    164    164    164    200    0    0    222    249    274    275    276    277    282    320    343    344    350    351    377    407    410    419    420    421    422    423    424    425    426    427    428    429    430    431    432    433    434    435    436    437    438    
81    0.00017400000000000000102    0.00013099999999999998581    2.900000000000000017e-05    8    32    37    68    69    69    100    100    147    0    0    241    263    359    363    364    439    440    441    
82    0.0001240000000000000054    4.3999999999999998856e-05    2.9999999999999997372e-05    4    55    80    83    106    0    0    321    419    442    443    
83    0.00015199999999999998126    5.3000000000000000778e-05    2.9999999999999997372e-05    15    18    48    53    55    61    75    75    75    82    106    108    118    118    142    151    0    0    201    299    313    322    341    395    396    397    442    444    445    446    447    448    449    
84    9.9999999999999995475e-07    7.099999999999999107e-05    2.9999999999999997372e-05    1    -1    1    0    12    
85    3.6999999999999998114e-05    0.00010899999999999999316    2.9999999999999997372e-05    10    28    70    73    78    88    105    107    112    181    181    0    0    232    374    385    411    450    451    452    453    454    455    
86    0.00019599999999999999367    0.00018199999999999997864    2.9999999999999997372e-05    6    0    32    51    69    113    119    0    1    102    242    307    365    456    457    
87    6.3999999999999997104e-05    8.5999999999999989756e-05    3.100000000000000135e-05    5    56    71    78    80    132    0    0    326    378    412    420    458    
88    7.899999999999999579e-05    0.00015199999999999998126    3.100000000000000135e-05    11    39    46    46    57    74    79    85    103    120    149    181    0    0    267    292    293    330    388    415    450    459    460    461    462    
89    1.5999999999999999276e-05    0.0001640000000000000019    3.100000000000000135e-05    6    -1    33    57    59    79    109    1    0    13    246    331    340    416    463    
90    7.5999999999999990632e-05    0.00010699999999999999876    3.3999999999999999732e-05    5    43    78    107    132    181    0    0    286    413    464    465    466    
91    0.00014699999999999999525    0.00012100000000000000024    3.3999999999999999732e-05    5    44    108    133    162    162    0    0    289    467    468    469    470    
92    4.999999999999999562e-05    1.8999999999999997658e-05    3.4999999999999996934e-05    5    62    80    95    153    153    0    0    345    421    471    472    473    
93    0.0001029999999999999964    9.6999999999999999634e-05    3.4999999999999996934e-05    8    35    49    72    117    127    133    181    181    0    0    252    302    380    474    475    476    477    478    
94    8.4999999999999992554e-05    0.00019399999999999999927    3.4999999999999996934e-05    4    50    103    104    139    0    0    305    479    480    481    
95    1.29999999999999992e-05    3.9999999999999996496e-05    3.6000000000000000912e-05    16    -1    -1    -1    13    41    41    64    80    80    92    98    102    115    140    161    185    1    0    14    15    16    180    278    279    352    422    423    471    482    483    484    485    486    487    
96    0.00017899999999999998703    3.9999999999999996496e-05    3.6000000000000000912e-05    4    53    75    99    129    0    0    314    398    488    489    
97    0.00014199999999999998214    0.00018799999999999998895    3.6999999999999998114e-05    7    69    69    74    125    139    139    150    0    0    366    367    389    490    491    492    493    
98    1.399999999999999979e-05    4.999999999999999562e-06    3.8999999999999999294e-05    6    -1    -1    -1    41    95    140    1    0    17    18    19    280    482    494    
99    0.00019599999999999999367    3.4999999999999996934e-05    3.8999999999999999294e-05    5    0    0    53    96    129    0    1    103    104    315    488    495    
100    0.00014099999999999998494    0.00014199999999999998214    3.9999999999999996496e-05    5    68    74    81    81    125    0    0    360    390    439    440    496    
101    9.6999999999999999634e-05    2.0999999999999998838e-05    4.1000000000000000474e-05    7    77    80    106    110    116    141    155    0    0    408    424    497    498    499    500    501    
102    1.4999999999999998686e-05    6.4999999999999994306e-05    4.1000000000000000474e-05    10    -1    78    95    112    112    124    124    143    143    161    1    0    20    414    483    502    503    504    505    506    507    508    
103    8.700000000000000051e-05    0.0001679999999999999907    4.1000000000000000474e-05    8    88    94    104    104    149    149    170    181    0    0    459    479    509    510    511    512    513    514    
104    6.20000000000000027e-05    0.00018599999999999999455    4.1000000000000000474e-05    10    57    57    57    57    94    103    103    114    139    163    0    0    332    333    334    335    480    509    510    515    516    517    
105    1.29999999999999992e-05    0.00013300000000000000732    4.1999999999999997676e-05    7    -1    70    70    79    85    112    120    1    0    21    375    376    417    451    518    519    
106    0.00012999999999999998861    5.0999999999999999598e-05    4.2999999999999994878e-05    11    75    80    82    83    101    108    110    122    123    151    155    0    0    399    425    443    444    497    520    521    522    523    524    525    
107    5.4999999999999995182e-05    0.0001049999999999999908    4.2999999999999994878e-05    5    85    90    112    135    181    0    0    452    464    526    527    528    
108    0.00015400000000000000277    9.6000000000000002432e-05    4.3999999999999998856e-05    15    30    48    58    72    72    83    91    106    111    118    127    147    169    169    180    0    0    235    300    338    381    382    445    467    520    529    530    531    532    533    534    535    
109    6.000000000000000152e-06    0.00017999999999999998423    4.4999999999999996058e-05    7    -1    76    76    89    114    126    157    1    0    22    405    406    463    536    537    538    
110    0.00013199999999999998302    1.4999999999999998686e-05    4.6000000000000000036e-05    7    63    77    101    106    116    128    155    0    0    348    409    498    521    539    540    541    
111    0.00017699999999999999263    9.8999999999999994038e-05    4.6000000000000000036e-05    6    108    131    131    134    166    193    0    0    529    542    543    544    545    546    
112    3.100000000000000135e-05    0.00011199999999999999832    4.6999999999999997238e-05    13    -1    73    73    85    102    102    105    107    124    135    137    137    197    1    0    23    386    387    453    502    503    518    526    547    548    549    550    551    
113    0.00019399999999999999927    0.00015499999999999999997    4.6999999999999997238e-05    8    0    65    69    69    86    134    138    173    0    1    105    355    368    369    456    552    553    554    
114    3.2999999999999995754e-05    0.00018999999999999998336    4.6999999999999997238e-05    2    104    109    0    0    515    536    
115    3.8999999999999999294e-05    3.999999999999999819e-06    4.8000000000000001216e-05    6    54    62    95    153    153    171    0    0    317    346    484    555    556    557    
116    9.4999999999999991678e-05    1.0999999999999999714e-05    4.8000000000000001216e-05    4    101    110    141    153    0    0    499    539    558    559    
117    9.2000000000000000072e-05    9.6000000000000002432e-05    4.8000000000000001216e-05    6    93    127    132    133    151    151    0    0    474    560    561    562    563    564    
118    0.00017300000000000000382    6.4999999999999994306e-05    4.8999999999999998418e-05    11    0    83    83    108    131    156    165    169    169    187    187    0    1    106    446    447    530    565    566    567    568    569    570    571    
119    0.00016999999999999998511    0.00018599999999999999455    4.8999999999999998418e-05    5    51    69    86    150    173    0    0    308    370    457    572    573    
120    3.8999999999999999294e-05    0.00015400000000000000277    4.999999999999999562e-05    6    57    79    88    105    135    144    0    0    336    418    460    519    574    575    
121    0.00019899999999999998528    1.9999999999999998248e-05    5.19999999999999968e-05    2    0    75    0    1    107    400    
122    0.00014300000000000000645    5.6999999999999996362e-05    5.19999999999999968e-05    4    106    123    169    179    0    0    522    576    577    578    
123    0.0001250000000000000026    6.2999999999999999902e-05    5.3000000000000000778e-05    6    106    122    151    155    155    169    0    0    523    576    579    580    581    582    
124    4.6000000000000000036e-05    6.3999999999999997104e-05    5.3000000000000000778e-05    9    64    80    102    102    112    143    143    146    164    0    0    353    426    504    505    547    583    584    585    586    
125    0.00013400000000000000452    0.0001649999999999999991    5.3000000000000000778e-05    5    74    97    100    139    147    0    0    391    490    496    587    588    
126    4.999999999999999562e-06    0.00017199999999999997951    5.3000000000000000778e-05    5    -1    -1    109    144    199    1    0    24    25    537    589    590    
127    0.00010999999999999999036    8.7999999999999997712e-05    5.399999999999999798e-05    7    93    108    117    132    133    151    180    0    0    475    531    560    591    592    593    594    
128    0.00015199999999999998126    4.999999999999999562e-06    5.4999999999999995182e-05    3    75    75    110    0    0    401    402    540    
129    0.00019599999999999999367    4.1999999999999997676e-05    5.599999999999999916e-05    6    0    96    99    130    145    207    0    1    108    489    495    595    596    597    
130    0.00019499999999999999647    6.0999999999999998722e-05    5.599999999999999916e-05    7    0    0    0    129    131    165    191    0    1    109    110    111    595    598    599    600    
131    0.00019599999999999999367    7.7999999999999998588e-05    5.599999999999999916e-05    9    0    0    111    111    118    130    134    165    166    0    1    112    113    542    543    565    598    601    602    603    
132    8.4999999999999992554e-05    8.7999999999999997712e-05    5.599999999999999916e-05    11    80    87    90    117    127    135    151    181    192    192    200    0    0    427    458    465    561    591    604    605    606    607    608    609    
133    0.0001019999999999999992    0.00011299999999999999552    5.6999999999999996362e-05    8    91    93    117    127    162    162    180    181    0    0    468    476    562    592    610    611    612    613    
134    0.00019399999999999999927    0.00011299999999999999552    5.6999999999999996362e-05    9    0    0    20    30    111    113    131    138    148    0    1    114    115    205    236    544    552    601    614    615    
135    4.8999999999999998418e-05    0.00013899999999999999053    5.6999999999999996362e-05    11    107    112    120    132    144    144    181    189    198    198    217    0    0    527    548    574    604    616    617    618    619    620    621    622    
136    0.00017699999999999999263    0.00017300000000000000382    5.6999999999999996362e-05    0    0    0    
137    6.999999999999999895e-06    0.00010799999999999999596    5.800000000000000034e-05    3    -1    112    112    1    0    26    549    550    
138    0.00017099999999999998231    0.00013400000000000000452    5.8999999999999997542e-05    4    113    134    147    182    0    0    553    614    623    624    
139    0.00011899999999999999229    0.00018300000000000000294    5.9999999999999994744e-05    9    74    94    97    97    104    125    149    194    234    0    0    392    481    491    492    516    587    625    626    627    
140    1.0999999999999999714e-05    6.999999999999999895e-06    6.0999999999999998722e-05    6    -1    95    98    171    171    185    1    0    27    485    494    628    629    630    
141    9.4999999999999991678e-05    1.2000000000000000304e-05    6.0999999999999998722e-05    6    101    116    153    154    155    190    0    0    500    558    631    632    633    634    
142    0.00016099999999999998319    3.2999999999999995754e-05    6.0999999999999998722e-05    4    75    83    174    179    0    0    403    448    635    636    
143    1.8000000000000000456e-05    6.8999999999999996666e-05    6.0999999999999998722e-05    7    102    102    124    124    161    168    197    0    0    506    507    583    584    637    638    639    
144    3.3999999999999999732e-05    0.00015799999999999999158    6.0999999999999998722e-05    8    120    126    135    135    163    189    199    199    0    0    575    589    616    617    640    641    642    643    
145    0.00018300000000000000294    3.9999999999999996496e-05    6.20000000000000027e-05    3    129    156    207    0    0    596    644    645    
146    4.4999999999999996058e-05    4.6000000000000000036e-05    6.20000000000000027e-05    5    80    124    153    160    202    0    0    428    585    646    647    648    
147    0.00015799999999999999158    0.00012199999999999999744    6.20000000000000027e-05    7    81    108    125    138    162    182    184    0    0    441    532    588    623    649    650    651    
148    0.00019599999999999999367    0.00013199999999999998302    6.20000000000000027e-05    4    0    134    177    182    0    1    116    615    652    653    
149    0.0001049999999999999908    0.00016199999999999998039    6.20000000000000027e-05    10    74    74    88    103    103    139    175    181    181    194    0    0    393    394    461    511    512    625    654    655    656    657    
150    0.00015300000000000000557    0.00019099999999999998056    6.20000000000000027e-05    4    69    97    119    194    0    0    371    493    572    658    
151    0.00010600000000000000156    7.2000000000000001824e-05    6.2999999999999999902e-05    20    55    71    72    80    80    80    83    106    117    117    123    127    132    155    164    169    192    215    215    221    0    0    323    379    383    429    430    431    449    524    563    564    579    593    605    659    660    661    662    663    664    665    
152    5.9999999999999994744e-05    7.7000000000000001386e-05    6.2999999999999999902e-05    0    0    0    
153    5.8999999999999997542e-05    2.0999999999999998838e-05    6.3999999999999997104e-05    17    80    80    80    92    92    115    115    116    141    146    154    154    160    164    164    171    190    0    0    432    433    434    472    473    555    556    559    631    646    666    667    668    669    670    671    672    
154    7.7999999999999998588e-05    2.499999999999999781e-05    6.3999999999999997104e-05    5    141    153    153    164    190    0    0    632    666    667    673    674    
155    0.00012100000000000000024    3.1999999999999998552e-05    6.4999999999999994306e-05    12    101    106    110    123    123    141    151    179    179    190    215    215    0    0    501    525    541    580    581    633    659    675    676    677    678    679    
156    0.00017999999999999998423    5.0999999999999999598e-05    6.4999999999999994306e-05    3    118    145    165    0    0    566    644    680    
157    1.4999999999999998686e-05    0.00019499999999999999647    6.4999999999999994306e-05    3    109    163    199    0    0    538    681    682    
158    8.299999999999999815e-05    0    6.5999999999999991508e-05    0    0    0    
159    4.4999999999999996058e-05    6.9999999999999993868e-05    6.5999999999999991508e-05    0    0    0    
160    4.2999999999999994878e-05    3.4999999999999996934e-05    6.7999999999999999464e-05    6    146    153    196    202    202    220    0    0    647    668    683    684    685    686    
161    1.6999999999999999866e-05    4.999999999999999562e-05    6.7999999999999999464e-05    10    -1    95    102    143    168    178    185    202    202    216    1    0    28    486    508    637    687    688    689    690    691    692    
162    0.00013199999999999998302    0.00011499999999999998993    6.7999999999999999464e-05    11    91    91    133    133    147    180    181    181    195    195    211    0    0    469    470    610    611    649    693    694    695    696    697    698    
163    5.3000000000000000778e-05    0.00018499999999999999735    6.7999999999999999464e-05    7    104    144    157    170    199    212    212    0    0    517    640    681    699    700    701    702    
164    6.7000000000000002262e-05    4.8000000000000001216e-05    6.8999999999999996666e-05    11    80    80    80    124    151    153    153    154    196    200    221    0    0    435    436    437    586    660    669    670    673    703    704    705    
165    0.00018499999999999999735    6.4999999999999994306e-05    6.8999999999999996666e-05    7    118    130    131    156    191    207    207    0    0    567    599    602    680    706    707    708    
166    0.00018400000000000000014    8.700000000000000051e-05    6.8999999999999996666e-05    5    111    131    193    222    232    0    0    545    603    709    710    711    
167    0.00019699999999999999087    0.00019799999999999998808    6.8999999999999996666e-05    2    0    186    0    1    117    712    
168    6.999999999999999895e-06    7.2000000000000001824e-05    6.9999999999999993868e-05    3    143    161    210    0    0    638    687    713    
169    0.00013799999999999999333    7.499999999999999343e-05    6.9999999999999993868e-05    12    108    108    118    118    122    123    151    180    187    192    195    215    0    0    533    534    568    569    577    582    661    714    715    716    717    718    
170    7.499999999999999343e-05    0.0001659999999999999963    6.9999999999999993868e-05    5    103    163    175    181    229    0    0    513    699    719    720    721    
171    3.6000000000000000912e-05    9.999999999999999124e-06    7.099999999999999107e-05    9    115    140    140    153    178    203    204    214    230    0    0    557    628    629    671    722    723    724    725    726    
172    0.00017699999999999999263    0.00011799999999999999508    7.099999999999999107e-05    1    182    0    0    727    
173    0.00018499999999999999735    0.00018300000000000000294    7.099999999999999107e-05    10    0    113    119    183    184    184    184    186    194    244    0    1    118    554    573    728    729    730    731    732    733    734    
174    0.00017400000000000000102    2.1999999999999999428e-05    7.2999999999999999026e-05    9    75    142    179    205    209    209    231    252    263    0    0    404    635    735    736    737    738    739    740    741    
175    8.7999999999999997712e-05    0.00016999999999999998511    7.2999999999999999026e-05    5    149    170    194    225    229    0    0    654    719    742    743    744    
176    9.0999999999999989318e-05    3.999999999999999819e-06    7.3999999999999996228e-05    2    190    190    0    0    745    746    
177    0.00019599999999999999367    0.00012799999999999999421    7.3999999999999996228e-05    3    0    0    148    0    1    119    120    652    
178    1.8000000000000000456e-05    3.100000000000000135e-05    7.499999999999999343e-05    6    161    171    185    202    203    213    0    0    688    722    747    748    749    750    
179    0.00014899999999999998966    3.6000000000000000912e-05    7.499999999999999343e-05    10    122    142    155    155    174    205    215    226    226    263    0    0    578    636    675    676    735    751    752    753    754    755    
180    0.00012999999999999998861    0.0001029999999999999964    7.499999999999999343e-05    9    108    127    133    162    169    181    192    195    224    0    0    535    594    612    693    714    756    757    758    759    
181    9.2000000000000000072e-05    0.0001250000000000000026    7.499999999999999343e-05    29    43    49    49    85    85    88    90    93    93    103    107    132    133    135    149    149    162    162    170    180    194    194    224    225    225    228    229    236    236    0    0    287    303    304    454    455    462    466    477    478    514    528    606    613    618    655    656    694    695    720    756    760    761    762    763    764    765    766    767    768    
182    0.00017400000000000000102    0.00014099999999999998494    7.499999999999999343e-05    9    0    138    147    148    172    183    183    184    233    0    1    121    624    650    653    727    769    770    771    772    
183    0.00019699999999999999087    0.00015599999999999999718    7.499999999999999343e-05    5    0    173    182    182    219    0    1    122    728    769    770    773    
184    0.0001659999999999999963    0.0001669999999999999935    7.5999999999999990632e-05    10    69    147    173    173    173    182    194    228    259    278    0    0    372    651    729    730    731    771    774    775    776    777    
185    9.000000000000000228e-06    3.6999999999999998114e-05    7.7999999999999998588e-05    10    -1    -1    -1    -1    95    140    161    178    213    275    1    0    29    30    31    32    487    630    689    747    778    779    
186    0.00019699999999999999087    0.00019300000000000000207    7.7999999999999998588e-05    4    0    167    173    219    0    1    123    712    732    780    
187    0.00015699999999999999438    6.7999999999999999464e-05    7.9999999999999992992e-05    6    118    118    169    215    232    263    0    0    570    571    715    781    782    783    
188    3.000000000000000076e-06    0.00010699999999999999876    7.9999999999999992992e-05    3    -1    210    223    1    0    33    784    785    
189    2.3000000000000000018e-05    0.00012999999999999998861    7.9999999999999992992e-05    12    -1    135    144    198    198    198    223    223    223    227    227    246    1    0    34    619    641    786    787    788    789    790    791    792    793    794    
190    9.7999999999999996836e-05    3.1999999999999998552e-05    8.0999999999999990194e-05    10    141    153    154    155    176    176    215    221    230    238    0    0    634    672    674    677    745    746    795    796    797    798    
191    0.00019599999999999999367    7.099999999999999107e-05    8.0999999999999990194e-05    5    0    130    165    207    232    0    1    124    600    706    799    800    
192    0.00010899999999999999316    7.9999999999999992992e-05    8.0999999999999990194e-05    8    132    132    151    169    180    215    224    253    0    0    607    608    662    716    757    801    802    803    
193    0.00017799999999999998983    0.0001029999999999999964    8.2000000000000000948e-05    4    111    166    235    271    0    0    546    709    804    805    
194    0.00013300000000000000732    0.00017699999999999999263    8.2000000000000000948e-05    17    139    149    150    173    175    181    181    184    225    228    228    234    236    260    272    272    272    0    0    626    657    658    733    742    760    761    774    806    807    808    809    810    811    812    813    814    
195    0.00014099999999999998494    0.0001049999999999999908    8.299999999999999815e-05    6    162    162    169    180    235    254    0    0    696    697    717    758    815    816    
196    5.0999999999999999598e-05    5.8999999999999997542e-05    8.4999999999999992554e-05    5    160    164    197    202    239    0    0    683    703    817    818    819    
197    5.19999999999999968e-05    6.9999999999999993868e-05    8.4999999999999992554e-05    5    112    143    196    208    216    0    0    551    639    817    820    821    
198    4.1999999999999997676e-05    0.00012100000000000000024    8.4999999999999992554e-05    11    135    135    189    189    189    217    224    246    264    280    287    0    0    620    621    786    787    788    822    823    824    825    826    827    
199    2.1999999999999999428e-05    0.00017400000000000000102    8.4999999999999992554e-05    18    -1    -1    -1    126    144    144    157    163    212    227    227    229    229    242    242    280    281    285    1    0    35    36    37    590    642    643    682    700    828    829    830    831    832    833    834    835    836    837    
200    7.3999999999999996228e-05    7.2000000000000001824e-05    8.5999999999999989756e-05    6    80    132    164    208    215    221    0    0    438    609    704    838    839    840    
201    6.3999999999999997104e-05    0.00012999999999999998861    8.5999999999999989756e-05    0    0    0    
202    3.6000000000000000912e-05    5.0999999999999999598e-05    8.700000000000000051e-05    10    146    160    160    161    161    178    196    216    220    243    0    0    648    684    685    690    691    748    818    841    842    843    
203    1.29999999999999992e-05    6.000000000000000152e-06    8.7999999999999997712e-05    8    -1    -1    171    178    213    214    268    275    1    0    38    39    723    749    844    845    846    847    
204    4.8999999999999998418e-05    2.0999999999999998838e-05    8.8999999999999994914e-05    5    171    214    220    239    256    0    0    724    848    849    850    851    
205    0.00016300000000000000469    3.9999999999999996496e-05    8.8999999999999994914e-05    4    174    179    263    269    0    0    736    751    852    853    
206    1.9999999999999999095e-06    5.3000000000000000778e-05    8.8999999999999994914e-05    1    -1    1    0    40    
207    0.00019499999999999999647    5.399999999999999798e-05    8.8999999999999994914e-05    10    0    0    0    129    145    165    165    191    232    269    0    1    125    126    127    597    645    707    708    799    854    855    
208    6.2999999999999999902e-05    8.299999999999999815e-05    8.8999999999999994914e-05    5    197    200    217    264    270    0    0    820    838    856    857    858    
209    0.00019300000000000000207    1.0999999999999999714e-05    8.9999999999999992116e-05    8    0    174    174    231    231    269    274    295    0    1    128    737    738    859    860    861    862    863    
210    3.999999999999999819e-06    9.2999999999999997274e-05    8.9999999999999992116e-05    7    -1    168    188    216    216    241    293    1    0    41    713    784    864    865    866    867    
211    0.00013899999999999999053    0.00013500000000000000173    8.9999999999999992116e-05    5    162    228    228    228    278    0    0    698    868    869    870    871    
212    6.20000000000000027e-05    0.00019300000000000000207    8.9999999999999992116e-05    5    163    163    199    250    285    0    0    701    702    828    872    873    
213    7.999999999999999638e-06    1.8000000000000000456e-05    9.0999999999999989318e-05    8    -1    178    185    203    214    214    275    275    1    0    42    750    778    844    874    875    876    877    
214    3.7999999999999995316e-05    9.999999999999999124e-06    9.2000000000000000072e-05    10    171    203    204    213    213    256    256    268    275    275    0    0    725    845    848    874    875    878    879    880    881    882    
215    0.00010999999999999999036    6.2999999999999999902e-05    9.2000000000000000072e-05    15    151    151    155    155    169    179    187    190    192    200    221    253    257    263    276    0    0    663    664    678    679    718    752    781    795    801    839    883    884    885    886    887    
216    1.4999999999999998686e-05    6.8999999999999996666e-05    9.2000000000000000072e-05    11    -1    -1    -1    -1    161    197    202    210    210    241    243    1    0    43    44    45    46    692    821    841    864    865    888    889    
217    4.3999999999999998856e-05    0.00010100000000000000199    9.2000000000000000072e-05    5    135    198    208    223    270    0    0    622    822    856    890    891    
218    0.00019699999999999999087    0.00011399999999999999272    9.2000000000000000072e-05    2    0    255    0    1    129    892    
219    0.00019300000000000000207    0.00017199999999999997951    9.2000000000000000072e-05    8    0    183    186    244    244    248    259    259    0    1    130    773    780    893    894    895    896    897    
220    3.100000000000000135e-05    4.1000000000000000474e-05    9.2999999999999997274e-05    5    160    202    204    243    275    0    0    686    842    849    898    899    
221    8.3999999999999995352e-05    5.599999999999999916e-05    9.2999999999999997274e-05    15    151    164    190    200    215    239    239    253    262    262    273    314    354    354    358    0    0    665    705    796    840    883    900    901    902    903    904    905    906    907    908    909    
222    0.00019699999999999999087    9.4999999999999991678e-05    9.2999999999999997274e-05    3    0    166    232    0    1    131    710    910    
223    1.8000000000000000456e-05    0.00010899999999999999316    9.2999999999999997274e-05    12    -1    188    189    189    189    217    241    245    246    246    265    305    1    0    47    785    789    790    791    890    911    912    913    914    915    916    
224    8.700000000000000051e-05    0.00011600000000000000068    9.2999999999999997274e-05    11    180    181    192    198    253    254    264    282    287    287    297    0    0    759    762    802    823    917    918    919    920    921    922    923    
225    7.2999999999999999026e-05    0.00014400000000000000365    9.2999999999999997274e-05    6    175    181    181    194    229    297    0    0    743    763    764    806    924    925    
226    0.00013099999999999998581    2.4000000000000000608e-05    9.3999999999999994476e-05    8    179    179    237    238    257    263    263    267    0    0    753    754    926    927    928    929    930    931    
227    1.8000000000000000456e-05    0.00014400000000000000365    9.3999999999999994476e-05    10    -1    -1    189    189    199    199    246    280    280    280    1    0    48    49    792    793    829    830    932    933    934    935    
228    0.00013099999999999998581    0.00014899999999999998966    9.3999999999999994476e-05    11    181    184    194    194    211    211    211    236    272    278    278    0    0    765    775    807    808    868    869    870    936    937    938    939    
229    5.19999999999999968e-05    0.0001659999999999999963    9.3999999999999994476e-05    11    170    175    181    199    199    225    250    280    281    281    281    0    0    721    744    766    831    832    924    940    941    942    943    944    
230    7.5999999999999990632e-05    6.999999999999999895e-06    9.4999999999999991678e-05    4    171    190    239    256    0    0    726    797    945    946    
231    0.00015899999999999998878    9.999999999999999124e-06    9.4999999999999991678e-05    8    174    209    209    237    252    274    274    294    0    0    739    859    860    947    948    949    950    951    
232    0.0001679999999999999907    7.499999999999999343e-05    9.4999999999999991678e-05    12    166    187    191    207    222    235    261    263    269    277    290    338    0    0    711    782    800    854    910    952    953    954    955    956    957    958    
233    0.00017300000000000000382    0.00013500000000000000173    9.6000000000000002432e-05    2    182    271    0    0    772    959    
234    0.0001029999999999999964    0.00019200000000000000486    9.6000000000000002432e-05    5    139    194    249    260    299    0    0    627    809    960    961    962    
235    0.00014899999999999998966    0.0001049999999999999908    9.7999999999999996836e-05    6    193    195    232    254    271    289    0    0    804    815    952    963    964    965    
236    0.0001029999999999999964    0.00014199999999999998214    9.7999999999999996836e-05    6    181    181    194    228    249    282    0    0    767    768    810    936    966    967    
237    0.00013799999999999999333    3.999999999999999819e-06    9.8999999999999994038e-05    3    226    231    267    0    0    926    947    968    
238    0.00011299999999999999552    9.000000000000000228e-06    9.999999999999999124e-05    4    190    226    267    292    0    0    798    927    969    970    
239    7.2999999999999999026e-05    3.6999999999999998114e-05    0.00010100000000000000199    9    196    204    221    221    230    256    256    304    354    0    0    819    850    900    901    945    971    972    973    974    
240    9.9999999999999995475e-07    5.3000000000000000778e-05    0.00010100000000000000199    1    -1    1    0    50    
241    1.5999999999999999276e-05    9.0999999999999989318e-05    0.00010100000000000000199    4    210    216    223    243    0    0    866    888    911    975    
242    3.000000000000000076e-06    0.00019300000000000000207    0.00010100000000000000199    3    -1    199    199    1    0    51    833    834    
243    2.1999999999999999428e-05    6.5999999999999991508e-05    0.0001019999999999999992    13    -1    202    216    220    241    270    270    275    275    323    325    325    325    1    0    52    843    889    898    975    976    977    978    979    980    981    982    983    
244    0.00018099999999999998143    0.00019399999999999999927    0.0001019999999999999992    6    173    219    219    259    266    307    0    0    734    893    894    984    985    986    
245    3.000000000000000076e-06    0.00011499999999999998993    0.0001039999999999999936    3    -1    223    265    1    0    53    912    987    
246    2.59999999999999984e-05    0.00013199999999999998302    0.0001039999999999999936    8    189    198    223    223    227    280    305    335    0    0    794    824    913    914    932    988    989    990    
247    8.299999999999999815e-05    0.00015699999999999999438    0.0001049999999999999908    0    0    0    
248    0.00019499999999999999647    0.0001640000000000000019    0.0001049999999999999908    4    0    219    259    259    0    1    132    895    991    992    
249    9.0999999999999989318e-05    0.00017199999999999997951    0.0001049999999999999908    3    234    236    281    0    0    960    966    993    
250    6.7999999999999999464e-05    0.00018499999999999999735    0.0001049999999999999908    3    212    229    299    0    0    872    940    994    
251    8.2000000000000000948e-05    0.00015799999999999999158    0.00010600000000000000156    0    0    0    
252    0.00015099999999999998406    2.59999999999999984e-05    0.00010699999999999999876    3    174    231    257    0    0    740    948    995    
253    9.2999999999999997274e-05    7.3999999999999996228e-05    0.00010699999999999999876    6    192    215    221    224    264    314    0    0    803    884    902    917    996    997    
254    0.0001240000000000000054    8.5999999999999989756e-05    0.00010699999999999999876    7    195    224    235    263    276    289    314    0    0    816    918    963    998    999    1000    1001    
255    0.00019699999999999999087    0.00011899999999999999229    0.00010699999999999999876    4    0    218    271    290    0    1    133    892    1002    1003    
256    6.5999999999999991508e-05    9.000000000000000228e-06    0.00010799999999999999596    12    204    214    214    230    239    239    267    292    300    322    322    354    0    0    851    878    879    946    971    972    1004    1005    1006    1007    1008    1009    
257    0.00013599999999999999893    3.6000000000000000912e-05    0.00010799999999999999596    12    215    226    252    263    263    263    303    303    313    315    319    365    0    0    885    928    995    1010    1011    1012    1013    1014    1015    1016    1017    1018    
258    8.299999999999999815e-05    0.00015999999999999998598    0.00010799999999999999596    0    0    0    
259    0.00016300000000000000469    0.00017099999999999998231    0.00010799999999999999596    14    0    184    219    219    244    248    248    266    271    271    272    278    288    307    0    1    134    776    896    897    984    991    992    1019    1020    1021    1022    1023    1024    1025    
260    0.00010999999999999999036    0.00019099999999999998056    0.00010799999999999999596    4    194    234    299    308    0    0    811    961    1026    1027    
261    0.00018599999999999999455    8.2000000000000000948e-05    0.00010899999999999999316    3    232    290    338    0    0    953    1028    1029    
262    6.7000000000000002262e-05    5.9999999999999994744e-05    0.00010999999999999999036    4    221    221    273    283    0    0    903    904    1030    1031    
263    0.00014300000000000000645    6.0999999999999998722e-05    0.00010999999999999999036    19    174    179    187    205    215    226    226    232    254    257    257    257    269    269    276    289    313    315    337    0    0    741    755    783    852    886    929    930    954    998    1010    1011    1012    1032    1033    1034    1035    1036    1037    1038    
264    6.9999999999999993868e-05    9.4999999999999991678e-05    0.00010999999999999999036    7    198    208    224    253    270    283    301    0    0    825    857    919    996    1039    1040    1041    
265    9.999999999999999124e-06    0.00010600000000000000156    0.00010999999999999999036    5    -1    223    245    305    305    1    0    54    915    987    1042    1043    
266    0.00015799999999999999158    0.00019499999999999999647    0.00010999999999999999036    5    244    259    272    308    334    0    0    985    1019    1044    1045    1046    
267    0.00010899999999999999316    1.8999999999999997658e-05    0.00011100000000000000112    10    226    237    238    256    292    294    294    300    300    303    0    0    931    968    969    1004    1047    1048    1049    1050    1051    1052    
268    1.8000000000000000456e-05    9.000000000000000228e-06    0.00011199999999999999832    3    203    214    275    0    0    846    880    1053    
269    0.00018599999999999999455    4.4999999999999996058e-05    0.00011199999999999999832    11    0    205    207    209    232    263    263    310    310    313    337    0    1    135    853    855    861    955    1032    1033    1054    1055    1056    1057    
270    4.8000000000000001216e-05    7.7000000000000001386e-05    0.00011299999999999999552    7    208    217    243    243    264    283    293    0    0    858    891    976    977    1039    1058    1059    
271    0.0001669999999999999935    0.0001259999999999999998    0.00011299999999999999552    16    0    193    233    235    255    259    259    288    290    290    296    306    317    317    317    349    0    1    136    805    959    964    1002    1020    1021    1060    1061    1062    1063    1064    1065    1066    1067    1068    
272    0.00013899999999999999053    0.00017799999999999998983    0.00011299999999999999552    10    194    194    194    228    259    266    278    320    334    349    0    0    812    813    814    937    1022    1044    1069    1070    1071    1072    
273    6.7000000000000002262e-05    4.999999999999999562e-05    0.00011399999999999999272    4    221    262    354    354    0    0    905    1030    1073    1074    
274    0.00017599999999999999542    9.000000000000000228e-06    0.00011499999999999998993    5    209    231    231    295    313    0    0    862    949    950    1075    1076    
275    1.4999999999999998686e-05    2.799999999999999958e-05    0.00011499999999999998993    14    -1    185    203    213    213    214    214    220    243    243    268    322    325    325    1    0    55    779    847    876    877    881    882    899    978    979    1053    1077    1078    1079    
276    0.00011699999999999999788    5.4999999999999995182e-05    0.00011600000000000000068    7    215    254    263    304    314    315    365    0    0    887    999    1034    1080    1081    1082    1083    
277    0.00019799999999999998808    5.9999999999999994744e-05    0.00011600000000000000068    2    0    232    0    1    137    956    
278    0.00015099999999999998406    0.00016199999999999998039    0.00011600000000000000068    8    184    211    228    228    259    272    306    349    0    0    777    871    938    939    1023    1069    1084    1085    
279    3.999999999999999819e-06    0.0001240000000000000054    0.00011699999999999999788    2    -1    280    1    0    56    1086    
280    1.9999999999999998248e-05    0.00013799999999999999333    0.00011699999999999999788    15    -1    198    199    227    227    227    229    246    279    284    285    316    335    336    369    1    0    57    826    835    933    934    935    941    988    1086    1087    1088    1089    1090    1091    1092    
281    6.7999999999999999464e-05    0.0001649999999999999991    0.00011699999999999999788    11    199    229    229    229    249    284    285    297    299    299    321    0    0    836    942    943    944    993    1093    1094    1095    1096    1097    1098    
282    0.0001039999999999999936    0.0001250000000000000026    0.00011899999999999999229    5    224    236    291    311    312    0    0    920    967    1099    1100    1101    
283    5.599999999999999916e-05    7.2000000000000001824e-05    0.00011999999999999998949    6    262    264    270    301    358    358    0    0    1031    1040    1058    1102    1103    1104    
284    4.4999999999999996058e-05    0.0001669999999999999935    0.00011999999999999998949    4    280    281    285    302    0    0    1087    1093    1105    1106    
285    3.9999999999999996496e-05    0.00018099999999999998143    0.00011999999999999998949    7    199    212    280    281    284    299    333    0    0    837    873    1088    1094    1105    1107    1108    
286    0.00017499999999999999822    0    0.00012100000000000000024    0    0    0    
287    5.4999999999999995182e-05    0.00011899999999999999229    0.00012100000000000000024    5    198    224    224    298    331    0    0    827    921    922    1109    1110    
288    0.00019499999999999999647    0.00014300000000000000645    0.00012199999999999999744    5    0    259    271    349    349    0    1    138    1024    1060    1111    1112    
289    0.00014099999999999998494    8.3999999999999995352e-05    0.00012299999999999998109    14    235    254    263    290    311    311    312    315    315    328    341    341    355    365    0    0    965    1000    1035    1113    1114    1115    1116    1117    1118    1119    1120    1121    1122    1123    
290    0.0001659999999999999963    0.00010899999999999999316    0.00012299999999999998109    19    0    0    232    255    261    271    271    289    296    296    317    326    326    326    346    349    363    379    428    0    1    139    140    957    1003    1028    1061    1062    1113    1124    1125    1126    1127    1128    1129    1130    1131    1132    1133    1134    
291    0.00010999999999999999036    0.00014300000000000000645    0.00012299999999999998109    3    282    297    340    0    0    1099    1135    1136    
292    0.00011399999999999999272    1.0999999999999999714e-05    0.0001250000000000000026    8    238    256    267    294    300    303    309    329    0    0    970    1005    1047    1137    1138    1139    1140    1141    
293    2.699999999999999899e-05    9.0999999999999989318e-05    0.0001250000000000000026    7    210    270    305    305    323    331    339    0    0    867    1059    1142    1143    1144    1145    1146    
294    0.00014199999999999998214    4.999999999999999562e-06    0.0001259999999999999998    6    231    267    267    292    303    360    0    0    951    1048    1049    1137    1147    1148    
295    0.00018799999999999998895    9.999999999999999124e-06    0.0001259999999999999998    5    0    209    274    310    310    0    1    141    863    1075    1149    1150    
296    0.00015899999999999998878    0.00014199999999999998214    0.0001259999999999999998    7    271    290    290    306    317    340    340    0    0    1063    1124    1125    1151    1152    1153    1154    
297    8.2000000000000000948e-05    0.00013199999999999998302    0.00012699999999999999701    11    224    225    281    291    298    324    327    327    342    356    368    0    0    923    925    1095    1135    1155    1156    1157    1158    1159    1160    1161    
298    6.7999999999999999464e-05    0.00013300000000000000732    0.00012699999999999999701    2    287    297    0    0    1109    1155    
299    7.7000000000000001386e-05    0.00019300000000000000207    0.00012699999999999999701    7    234    250    260    281    281    285    321    0    0    962    994    1026    1096    1097    1107    1162    
300    0.00010699999999999999876    6.000000000000000152e-06    0.00012799999999999999421    6    256    267    267    292    309    329    0    0    1006    1050    1051    1138    1163    1164    
301    7.5999999999999990632e-05    8.5999999999999989756e-05    0.00012799999999999999421    4    264    283    314    327    0    0    1041    1102    1165    1166    
302    4.8000000000000001216e-05    0.00014799999999999999246    0.00012799999999999999421    3    284    335    342    0    0    1106    1167    1168    
303    0.00014500000000000000085    2.0999999999999998838e-05    0.00012899999999999999141    9    257    257    267    292    294    313    350    360    360    0    0    1013    1014    1052    1139    1147    1169    1170    1171    1172    
304    9.7999999999999996836e-05    4.6000000000000000036e-05    0.00012899999999999999141    5    239    276    309    314    354    0    0    973    1080    1173    1174    1175    
305    1.399999999999999979e-05    0.0001039999999999999936    0.00012899999999999999141    14    -1    -1    223    246    265    265    293    293    323    323    331    335    348    352    1    0    58    59    916    989    1042    1043    1142    1143    1176    1177    1178    1179    1180    1181    
306    0.00014699999999999999525    0.00015300000000000000557    0.00012899999999999999141    7    271    278    296    317    320    340    340    0    0    1064    1084    1151    1182    1183    1184    1185    
307    0.00018300000000000000294    0.00018899999999999998615    0.00012899999999999999141    7    0    0    244    259    349    349    349    0    1    142    143    986    1025    1186    1187    1188    
308    0.00010999999999999999036    0.00019099999999999998056    0.00012899999999999999141    9    260    266    324    334    343    343    343    374    374    0    0    1027    1045    1189    1190    1191    1192    1193    1194    1195    
309    0.0001039999999999999936    2.1999999999999999428e-05    0.00012999999999999998861    4    292    300    304    329    0    0    1140    1163    1173    1196    
310    0.00018599999999999999455    2.799999999999999958e-05    0.00012999999999999998861    12    0    269    269    295    295    313    350    351    351    351    351    397    0    1    144    1054    1055    1149    1150    1197    1198    1199    1200    1201    1202    1203    
311    0.00011499999999999998993    0.00010100000000000000199    0.00012999999999999998861    6    282    289    289    312    327    341    0    0    1100    1114    1115    1204    1205    1206    
312    0.0001240000000000000054    0.00011100000000000000112    0.00012999999999999998861    3    282    289    311    0    0    1101    1116    1204    
313    0.00016099999999999998319    2.9999999999999997372e-05    0.00013099999999999998581    9    257    263    269    274    303    310    319    345    350    0    0    1015    1036    1056    1076    1169    1197    1207    1208    1209    
314    9.999999999999999124e-05    7.5999999999999990632e-05    0.00013099999999999998581    10    221    253    254    276    301    304    341    358    358    385    0    0    906    997    1001    1081    1165    1174    1210    1211    1212    1213    
315    0.00013400000000000000452    6.3999999999999997104e-05    0.00013199999999999998302    7    257    263    276    289    289    365    365    0    0    1016    1037    1082    1117    1118    1214    1215    
316    2.3000000000000000018e-05    0.00016300000000000000469    0.00013400000000000000452    3    280    336    369    0    0    1089    1216    1217    
317    0.00015099999999999998406    0.00012999999999999998861    0.00013500000000000000173    7    271    271    271    290    296    306    340    0    0    1065    1066    1067    1126    1152    1182    1218    
318    0.00019999999999999998248    0.00016199999999999998039    0.00013500000000000000173    1    0    0    1    145    
319    0.00015899999999999998878    4.2999999999999994878e-05    0.00013599999999999999893    4    257    313    337    345    0    0    1017    1207    1219    1220    
320    0.00013899999999999999053    0.00017499999999999999822    0.00013599999999999999893    9    272    306    334    340    340    340    349    374    377    0    0    1070    1183    1221    1222    1223    1224    1225    1226    1227    
321    7.7999999999999998588e-05    0.00018599999999999999455    0.00013599999999999999893    4    281    299    324    434    0    0    1098    1162    1228    1229    
322    4.2999999999999994878e-05    6.000000000000000152e-06    0.00013699999999999999613    6    256    256    275    347    364    371    0    0    1007    1008    1077    1230    1231    1232    
323    9.000000000000000228e-06    7.899999999999999579e-05    0.00013699999999999999613    8    -1    -1    243    293    305    305    352    352    1    0    60    61    980    1144    1176    1177    1233    1234    
324    9.6999999999999999634e-05    0.00018400000000000000014    0.00013699999999999999613    9    297    308    321    343    357    368    368    374    393    0    0    1156    1189    1228    1235    1236    1237    1238    1239    1240    
325    1.6999999999999999866e-05    3.8999999999999999294e-05    0.00013799999999999999333    11    -1    243    243    243    275    275    364    364    367    367    367    1    0    62    981    982    983    1078    1079    1241    1242    1243    1244    1245    
326    0.00019399999999999999927    9.6999999999999999634e-05    0.00013799999999999999333    5    0    290    290    290    346    0    1    146    1127    1128    1129    1246    
327    7.899999999999999579e-05    0.00011499999999999998993    0.00013799999999999999333    11    297    297    301    311    331    341    353    373    380    385    385    0    0    1157    1158    1166    1205    1247    1248    1249    1250    1251    1252    1253    
328    0.00015799999999999999158    6.7999999999999999464e-05    0.00013899999999999999053    3    289    337    346    0    0    1119    1254    1255    
329    0.00010699999999999999876    4.999999999999999562e-06    0.00013999999999999998774    6    292    300    309    354    360    387    0    0    1141    1164    1196    1256    1257    1258    
330    0.00010899999999999999316    2.59999999999999984e-05    0.00013999999999999998774    0    0    0    
331    3.3999999999999999732e-05    0.00012199999999999999744    0.00013999999999999998774    11    287    293    305    327    335    352    353    384    385    392    402    0    0    1110    1145    1178    1247    1259    1260    1261    1262    1263    1264    1265    
332    9.9999999999999995475e-07    0.00019499999999999999647    0.00013999999999999998774    1    -1    1    0    63    
333    3.7999999999999995316e-05    0.00018499999999999999735    0.00014099999999999998494    5    285    336    344    357    370    0    0    1108    1266    1267    1268    1269    
334    0.00014799999999999999246    0.00019300000000000000207    0.00014099999999999998494    7    266    272    308    320    349    374    374    0    0    1046    1071    1190    1221    1270    1271    1272    
335    2.699999999999999899e-05    0.00013999999999999998774    0.00014199999999999998214    9    246    280    302    305    331    353    369    384    402    0    0    990    1090    1167    1179    1259    1273    1274    1275    1276    
336    1.2000000000000000304e-05    0.00017599999999999999542    0.00014199999999999998214    7    -1    280    316    333    344    369    369    1    0    64    1091    1216    1266    1277    1278    1279    
337    0.00017999999999999998423    4.6999999999999997238e-05    0.00014300000000000000645    12    0    0    263    269    319    328    338    345    351    366    388    394    0    1    147    148    1038    1057    1219    1254    1280    1281    1282    1283    1284    1285    
338    0.00019099999999999998056    6.2999999999999999902e-05    0.00014300000000000000645    7    0    232    261    337    346    366    382    0    1    149    958    1029    1280    1286    1287    1288    
339    3.3999999999999999732e-05    8.2000000000000000948e-05    0.00014300000000000000645    7    293    352    358    367    385    385    405    0    0    1146    1289    1290    1291    1292    1293    1294    
340    0.00013999999999999998774    0.00014699999999999999525    0.00014300000000000000645    13    291    296    296    306    306    317    320    320    320    359    372    377    395    0    0    1136    1153    1154    1184    1185    1218    1222    1223    1224    1295    1296    1297    1298    
341    0.00011600000000000000068    7.9999999999999992992e-05    0.00014400000000000000365    11    289    289    311    314    327    354    355    365    373    390    421    0    0    1120    1121    1206    1210    1248    1299    1300    1301    1302    1303    1304    
342    6.0999999999999998722e-05    0.00015899999999999998878    0.00014500000000000000085    6    297    302    353    357    368    384    0    0    1159    1168    1305    1306    1307    1308    
343    0.00011600000000000000068    0.00018499999999999999735    0.00014500000000000000085    7    308    308    308    324    374    377    393    0    0    1191    1192    1193    1235    1309    1310    1311    
344    1.5999999999999999276e-05    0.00018899999999999998615    0.00014500000000000000085    6    333    336    369    369    370    375    0    0    1267    1277    1312    1313    1314    1315    
345    0.00015899999999999998878    4.2999999999999994878e-05    0.00014599999999999999805    7    313    319    337    350    351    388    388    0    0    1208    1220    1281    1316    1317    1318    1319    
346    0.00017699999999999999263    7.5999999999999990632e-05    0.00014599999999999999805    8    290    326    328    338    366    366    379    383    0    0    1130    1246    1255    1286    1320    1321    1322    1323    
347    5.0999999999999999598e-05    2.900000000000000017e-05    0.00014699999999999999525    2    322    376    0    0    1230    1324    
348    3.999999999999999819e-06    0.00011799999999999999508    0.00014699999999999999525    6    -1    305    352    362    362    402    1    0    65    1180    1325    1326    1327    1328    
349    0.00017499999999999999822    0.00017199999999999997951    0.00014699999999999999525    22    0    0    271    272    278    288    288    290    307    307    307    320    334    359    374    378    378    378    419    428    451    462    0    1    150    151    1068    1072    1085    1111    1112    1131    1186    1187    1188    1225    1270    1329    1330    1331    1332    1333    1334    1335    1336    1337    
350    0.00016300000000000000469    4.999999999999999562e-06    0.00014799999999999999246    8    303    310    313    345    351    351    360    381    0    0    1170    1198    1209    1316    1338    1339    1340    1341    
351    0.00017799999999999998983    2.799999999999999958e-05    0.00014799999999999999246    8    310    310    310    310    337    345    350    350    0    0    1199    1200    1201    1202    1282    1317    1338    1339    
352    1.8999999999999997658e-05    9.6999999999999999634e-05    0.00014799999999999999246    10    305    323    323    331    339    348    362    367    367    385    0    0    1181    1233    1234    1260    1289    1325    1342    1343    1344    1345    
353    5.3000000000000000778e-05    0.00013400000000000000452    0.00014799999999999999246    6    327    331    335    342    380    392    0    0    1249    1261    1273    1305    1346    1347    
354    7.5999999999999990632e-05    3.3999999999999999732e-05    0.00014999999999999998686    20    221    221    239    256    273    273    304    329    341    358    365    365    365    371    387    390    398    400    400    420    0    0    907    908    974    1009    1073    1074    1175    1256    1299    1348    1349    1350    1351    1352    1353    1354    1355    1356    1357    1358    
355    0.00013500000000000000173    0.00010699999999999999876    0.00014999999999999998686    4    289    341    363    418    0    0    1122    1300    1359    1360    
356    0.0001019999999999999992    0.00014599999999999999805    0.00014999999999999998686    3    297    368    391    0    0    1160    1361    1362    
357    5.9999999999999994744e-05    0.00018300000000000000294    0.00014999999999999998686    6    324    333    342    368    370    434    0    0    1236    1268    1306    1363    1364    1365    
358    5.800000000000000034e-05    5.6999999999999996362e-05    0.00015300000000000000557    9    221    283    283    314    314    339    354    401    405    0    0    909    1103    1104    1211    1212    1290    1348    1366    1367    
359    0.0001649999999999999991    0.00015300000000000000557    0.00015300000000000000557    5    340    349    374    395    428    0    0    1295    1329    1368    1369    1370    
360    0.0001259999999999999998    2.4000000000000000608e-05    0.00015499999999999999997    10    294    303    303    329    350    365    365    381    387    387    0    0    1148    1171    1172    1257    1340    1371    1372    1373    1374    1375    
361    0.00014799999999999999246    4.999999999999999562e-05    0.00015499999999999999997    0    0    0    
362    3.999999999999999819e-06    0.0001029999999999999964    0.00015499999999999999997    5    -1    348    348    352    431    1    0    66    1326    1327    1342    1376    
363    0.00014799999999999999246    0.00010999999999999999036    0.00015499999999999999997    8    290    355    379    395    395    395    411    418    0    0    1132    1359    1377    1378    1379    1380    1381    1382    
364    1.399999999999999979e-05    1.399999999999999979e-05    0.00015599999999999999718    13    -1    -1    -1    -1    -1    322    325    325    371    376    408    420    437    1    0    67    68    69    70    71    1231    1241    1242    1383    1384    1385    1386    1387    
365    0.00012799999999999999421    6.3999999999999997104e-05    0.00015599999999999999718    19    257    276    289    315    315    341    354    354    354    360    360    379    398    398    418    418    430    449    450    0    0    1018    1083    1123    1214    1215    1301    1349    1350    1351    1371    1372    1388    1389    1390    1391    1392    1393    1394    1395    
366    0.00018400000000000000014    6.5999999999999991508e-05    0.00015599999999999999718    10    337    338    346    346    379    382    383    394    415    415    0    0    1283    1287    1320    1321    1396    1397    1398    1399    1400    1401    
367    1.2000000000000000304e-05    6.8999999999999996666e-05    0.00015599999999999999718    11    -1    325    325    325    339    352    352    405    408    408    442    1    0    72    1243    1244    1245    1291    1343    1344    1402    1403    1404    1405    
368    7.9999999999999992992e-05    0.0001649999999999999991    0.00015599999999999999718    9    297    324    324    342    356    357    384    393    416    0    0    1161    1237    1238    1307    1361    1363    1406    1407    1408    
369    7.999999999999999638e-06    0.00017199999999999997951    0.00015599999999999999718    13    -1    -1    280    316    335    336    336    344    344    375    402    425    426    1    0    73    74    1092    1217    1274    1278    1279    1312    1313    1409    1410    1411    1412    
370    4.6000000000000000036e-05    0.00019300000000000000207    0.00015599999999999999718    4    333    344    357    435    0    0    1269    1314    1364    1413    
371    5.4999999999999995182e-05    6.000000000000000152e-06    0.00015699999999999999438    8    322    354    364    376    389    420    420    420    0    0    1232    1352    1383    1414    1415    1416    1417    1418    
372    0.00011999999999999998949    0.00015699999999999999438    0.00015799999999999999158    6    340    377    377    391    393    407    0    0    1296    1419    1420    1421    1422    1423    
373    8.9999999999999992116e-05    0.0001049999999999999908    0.00015899999999999998878    6    327    341    385    390    403    404    0    0    1250    1302    1424    1425    1426    1427    
374    0.00014199999999999998214    0.00017699999999999999263    0.00015899999999999998878    19    308    308    320    324    334    334    343    349    359    377    377    378    393    407    416    434    434    445    451    0    0    1194    1195    1226    1239    1271    1272    1309    1330    1368    1428    1429    1430    1431    1432    1433    1434    1435    1436    1437    
375    6.999999999999999895e-06    0.00019200000000000000486    0.00015899999999999998878    4    -1    344    369    435    1    0    75    1315    1409    1438    
376    2.900000000000000017e-05    3.2999999999999995754e-05    0.00015999999999999998598    7    347    364    371    389    408    420    420    0    0    1324    1384    1414    1439    1440    1441    1442    
377    0.00012899999999999999141    0.0001669999999999999935    0.00015999999999999998598    10    320    340    343    372    372    374    374    393    407    407    0    0    1227    1297    1310    1419    1420    1428    1429    1443    1444    1445    
378    0.00018799999999999998895    0.00019300000000000000207    0.00015999999999999998598    7    0    349    349    349    374    419    451    0    1    152    1331    1332    1333    1430    1446    1447    
379    0.0001659999999999999963    8.4999999999999992554e-05    0.00016099999999999998319    7    290    346    363    365    366    383    415    0    0    1133    1322    1377    1388    1396    1448    1449    
380    7.2999999999999999026e-05    0.00012899999999999999141    0.00016099999999999998319    6    327    353    392    399    404    424    0    0    1251    1346    1450    1451    1452    1453    
381    0.00016899999999999998791    6.000000000000000152e-06    0.00016300000000000000469    11    350    360    396    396    397    398    414    440    444    446    453    0    0    1341    1373    1454    1455    1456    1457    1458    1459    1460    1461    1462    
382    0.00019699999999999999087    7.099999999999999107e-05    0.00016300000000000000469    5    0    338    366    394    406    0    1    153    1288    1397    1463    1464    
383    0.00017999999999999998423    8.7999999999999997712e-05    0.00016300000000000000469    7    0    346    366    379    411    423    432    0    1    154    1323    1398    1448    1465    1466    1467    
384    5.8999999999999997542e-05    0.00015599999999999999718    0.00016300000000000000469    8    331    335    342    368    425    427    433    448    0    0    1262    1275    1308    1406    1468    1469    1470    1471    
385    6.20000000000000027e-05    9.2999999999999997274e-05    0.0001640000000000000019    12    314    327    327    331    339    339    352    373    403    404    409    454    0    0    1213    1252    1253    1263    1292    1293    1345    1424    1472    1473    1474    1475    
386    0.00019999999999999998248    9.2999999999999997274e-05    0.0001640000000000000019    1    0    0    1    155    
387    0.00011199999999999999832    1.29999999999999992e-05    0.0001649999999999999991    5    329    354    360    360    396    0    0    1258    1353    1374    1375    1476    
388    0.00017799999999999998983    4.1000000000000000474e-05    0.0001649999999999999991    6    337    345    345    394    397    414    0    0    1284    1318    1319    1477    1478    1479    
389    3.6000000000000000912e-05    1.5999999999999999276e-05    0.0001659999999999999963    2    371    376    0    0    1415    1439    
390    8.7999999999999997712e-05    7.3999999999999996228e-05    0.0001659999999999999963    5    341    354    373    403    421    0    0    1303    1354    1425    1480    1481    
391    0.00011199999999999999832    0.00015099999999999998406    0.0001659999999999999963    5    356    372    393    407    412    0    0    1362    1421    1482    1483    1484    
392    4.8000000000000001216e-05    0.0001250000000000000026    0.0001669999999999999935    4    331    353    380    424    0    0    1264    1347    1450    1485    
393    0.0001039999999999999936    0.00016199999999999998039    0.0001669999999999999935    11    324    343    368    372    374    377    391    407    416    433    433    0    0    1240    1311    1407    1422    1431    1443    1482    1486    1487    1488    1489    
394    0.00019300000000000000207    5.6999999999999996362e-05    0.0001679999999999999907    9    0    337    366    382    388    406    414    415    415    0    1    156    1285    1399    1463    1477    1490    1491    1492    1493    
395    0.00015199999999999998126    0.00013899999999999999053    0.0001679999999999999907    11    340    359    363    363    363    411    413    418    418    428    438    0    0    1298    1369    1378    1379    1380    1494    1495    1496    1497    1498    1499    
396    0.00012999999999999998861    4.999999999999999562e-06    0.00016899999999999998791    3    381    381    387    0    0    1454    1455    1476    
397    0.00018599999999999999455    2.0999999999999998838e-05    0.00016899999999999998791    8    0    310    381    388    414    446    446    457    0    1    157    1203    1456    1478    1500    1501    1502    1503    
398    0.00012299999999999998109    3.8999999999999999294e-05    0.00016899999999999998791    8    354    365    365    381    421    421    430    444    0    0    1355    1389    1390    1457    1504    1505    1506    1507    
399    8.3999999999999995352e-05    0.00014599999999999999805    0.00016999999999999998511    2    380    433    0    0    1451    1508    
400    8.7999999999999997712e-05    3.1999999999999998552e-05    0.00017099999999999998231    6    354    354    401    420    421    421    0    0    1356    1357    1509    1510    1511    1512    
401    6.2999999999999999902e-05    5.4999999999999995182e-05    0.00017099999999999998231    5    358    400    403    421    441    0    0    1366    1509    1513    1514    1515    
402    6.000000000000000152e-06    0.00012699999999999999701    0.00017099999999999998231    6    -1    331    335    348    369    431    1    0    76    1265    1276    1328    1410    1516    
403    6.8999999999999996666e-05    8.299999999999999815e-05    0.00017199999999999997951    12    373    385    390    401    405    409    421    441    441    450    450    458    0    0    1426    1472    1480    1513    1517    1518    1519    1520    1521    1522    1523    1524    
404    7.7000000000000001386e-05    0.00011799999999999999508    0.00017199999999999997951    8    373    380    385    409    424    424    443    458    0    0    1427    1452    1473    1525    1526    1527    1528    1529    
405    3.7999999999999995316e-05    6.7000000000000002262e-05    0.00017300000000000000382    8    339    358    367    403    408    420    441    454    0    0    1294    1367    1402    1517    1530    1531    1532    1533    
406    0.00019699999999999999087    7.5999999999999990632e-05    0.00017300000000000000382    5    0    382    394    415    423    0    1    158    1464    1490    1534    1535    
407    0.00013599999999999999893    0.00015899999999999998878    0.00017400000000000000102    9    372    374    377    377    391    393    413    416    464    0    0    1423    1432    1444    1445    1483    1486    1536    1537    1538    
408    6.999999999999999895e-06    5.3000000000000000778e-05    0.00017499999999999999822    8    -1    364    367    367    376    405    420    456    1    0    77    1385    1403    1404    1440    1530    1539    1540    
409    5.19999999999999968e-05    0.0001029999999999999964    0.00017499999999999999822    6    385    403    404    427    454    458    0    0    1474    1518    1525    1541    1542    1543    
410    1.9999999999999999095e-06    0.00018499999999999999735    0.00017499999999999999822    1    -1    1    0    78    
411    0.00018799999999999998895    0.00010899999999999999316    0.00017699999999999999263    8    0    363    383    395    428    438    438    471    0    1    159    1381    1465    1494    1544    1545    1546    1547    
412    0.00011600000000000000068    0.00012999999999999998861    0.00017699999999999999263    7    391    413    433    443    447    447    459    0    0    1484    1548    1549    1550    1551    1552    1553    
413    0.00013899999999999999053    0.00014300000000000000645    0.00017699999999999999263    4    395    407    412    447    0    0    1495    1536    1548    1554    
414    0.00017999999999999998423    3.100000000000000135e-05    0.00017799999999999998983    7    381    388    394    397    440    446    457    0    0    1458    1479    1491    1500    1555    1556    1557    
415    0.00017499999999999999822    6.9999999999999993868e-05    0.00017799999999999998983    9    366    366    379    394    394    406    422    423    432    0    0    1400    1401    1449    1492    1493    1534    1558    1559    1560    
416    9.999999999999999124e-05    0.0001669999999999999935    0.00017799999999999998983    8    368    374    393    407    433    433    434    464    0    0    1408    1433    1487    1537    1561    1562    1563    1564    
417    0.0001039999999999999936    0.0001049999999999999908    0.00017899999999999998703    3    443    443    450    0    0    1565    1566    1567    
418    0.00012999999999999998861    0.00010899999999999999316    0.00017899999999999998703    15    355    363    365    365    395    395    432    438    447    450    455    455    459    467    467    0    0    1360    1382    1391    1392    1496    1497    1568    1569    1570    1571    1572    1573    1574    1575    1576    
419    0.00019399999999999999927    0.00017199999999999997951    0.00017899999999999998703    4    0    349    378    462    0    1    160    1334    1446    1577    
420    5.8999999999999997542e-05    1.5999999999999999276e-05    0.00017999999999999998423    14    354    364    371    371    371    376    376    400    405    408    441    453    453    456    0    0    1358    1386    1416    1417    1418    1441    1442    1510    1531    1539    1578    1579    1580    1581    
421    0.00010600000000000000156    5.3000000000000000778e-05    0.00017999999999999998423    12    341    390    398    398    400    400    401    403    430    449    450    453    0    0    1304    1481    1504    1505    1511    1512    1514    1519    1582    1583    1584    1585    
422    0.00016099999999999998319    6.0999999999999998722e-05    0.00017999999999999998423    6    415    429    430    449    455    463    0    0    1558    1586    1587    1588    1589    1590    
423    0.00019699999999999999087    8.4999999999999992554e-05    0.00017999999999999998423    6    0    383    406    415    432    452    0    1    161    1466    1535    1559    1591    1592    
424    5.599999999999999916e-05    0.00013199999999999998302    0.00017999999999999998423    8    380    392    404    404    433    443    448    466    0    0    1453    1485    1526    1527    1593    1594    1595    1596    
425    1.6999999999999999866e-05    0.00015599999999999999718    0.00017999999999999998423    8    -1    369    384    426    461    466    468    474    1    0    79    1411    1468    1597    1598    1599    1600    1601    
426    2.499999999999999781e-05    0.00016999999999999998511    0.00017999999999999998423    3    369    425    435    0    0    1412    1597    1602    
427    3.4999999999999996934e-05    0.00011699999999999999788    0.00018099999999999998143    3    384    409    431    0    0    1469    1541    1603    
428    0.00019499999999999999647    0.00014500000000000000085    0.00018099999999999998143    11    0    0    290    349    359    395    411    438    462    462    472    0    1    162    163    1134    1335    1370    1498    1544    1604    1605    1606    1607    
429    0.00015699999999999999438    5.0999999999999999598e-05    0.00018199999999999997864    8    422    430    440    440    440    444    452    463    0    0    1586    1608    1609    1610    1611    1612    1613    1614    
430    0.00013699999999999999613    5.399999999999999798e-05    0.00018199999999999997864    6    365    398    421    422    429    449    0    0    1393    1506    1582    1587    1608    1615    
431    9.000000000000000228e-06    0.00011100000000000000112    0.00018199999999999997864    6    -1    362    402    427    442    468    1    0    80    1376    1516    1603    1616    1617    
432    0.00017499999999999999822    8.7999999999999997712e-05    0.00018300000000000000294    7    383    415    418    423    463    463    471    0    0    1467    1560    1568    1591    1618    1619    1620    
433    9.3999999999999994476e-05    0.00014599999999999999805    0.00018300000000000000294    15    384    393    393    399    412    416    416    424    434    439    443    443    448    464    464    0    0    1470    1488    1489    1508    1549    1561    1562    1593    1621    1622    1623    1624    1625    1626    1627    
434    6.8999999999999996666e-05    0.00019399999999999999927    0.00018300000000000000294    11    321    357    374    374    416    433    435    436    436    439    439    0    0    1229    1365    1434    1435    1563    1621    1628    1629    1630    1631    1632    
435    4.2999999999999994878e-05    0.00019099999999999998056    0.00018400000000000000014    6    370    375    426    434    439    470    0    0    1413    1438    1602    1628    1633    1634    
436    0.0001039999999999999936    0.00019599999999999999367    0.00018400000000000000014    3    434    434    445    0    0    1629    1630    1635    
437    3.999999999999999819e-06    6.000000000000000152e-06    0.00018499999999999999735    3    -1    364    456    1    0    81    1387    1636    
438    0.00016199999999999998039    0.00012199999999999999744    0.00018499999999999999735    8    395    411    411    418    428    447    460    462    0    0    1499    1545    1546    1569    1604    1637    1638    1639    
439    5.4999999999999995182e-05    0.00017599999999999999542    0.00018499999999999999735    5    433    434    434    435    461    0    0    1622    1631    1632    1633    1640    
440    0.00015799999999999999158    2.799999999999999958e-05    0.00018599999999999999455    9    381    414    429    429    429    444    446    453    457    0    0    1459    1555    1609    1610    1611    1641    1642    1643    1644    
441    4.999999999999999562e-05    5.0999999999999999598e-05    0.00018599999999999999455    6    401    403    403    405    420    454    0    0    1515    1520    1521    1532    1578    1645    
442    1.29999999999999992e-05    9.2000000000000000072e-05    0.00018599999999999999455    8    -1    367    431    454    454    468    476    476    1    0    82    1405    1616    1646    1647    1648    1649    1650    
443    9.2000000000000000072e-05    0.0001250000000000000026    0.00018599999999999999455    10    404    412    417    417    424    433    433    448    458    459    0    0    1528    1550    1565    1566    1594    1623    1624    1651    1652    1653    
444    0.00012799999999999999421    3.4999999999999996934e-05    0.00018699999999999999175    6    381    398    429    440    453    453    0    0    1460    1507    1612    1641    1654    1655    
445    0.0001250000000000000026    0.00018999999999999998336    0.00018699999999999999175    3    374    436    464    0    0    1436    1635    1656    
446    0.00016899999999999998791    6.999999999999999895e-06    0.00018799999999999998895    7    381    397    397    414    440    457    457    0    0    1461    1501    1502    1556    1642    1657    1658    
447    0.00013699999999999999613    0.00013300000000000000732    0.00018799999999999998895    9    412    412    413    418    438    459    459    460    469    0    0    1551    1552    1554    1570    1637    1659    1660    1661    1662    
448    6.7000000000000002262e-05    0.00014799999999999999246    0.00018799999999999998895    6    384    424    433    443    461    466    0    0    1471    1595    1625    1651    1663    1664    
449    0.00012699999999999999701    6.3999999999999997104e-05    0.00018899999999999998615    6    365    421    422    430    450    455    0    0    1394    1583    1588    1615    1665    1666    
450    0.00011299999999999999552    8.8999999999999994914e-05    0.00018899999999999998615    8    365    403    403    417    418    421    449    455    0    0    1395    1522    1523    1567    1571    1584    1665    1667    
451    0.00018300000000000000294    0.00019300000000000000207    0.00018999999999999998336    5    0    349    374    378    473    0    1    164    1336    1437    1447    1668    
452    0.00019699999999999999087    5.6999999999999996362e-05    0.00019099999999999998056    5    0    423    429    457    457    0    1    165    1592    1613    1669    1670    
453    0.00010699999999999999876    2.699999999999999899e-05    0.00019200000000000000486    7    381    420    420    421    440    444    444    0    0    1462    1579    1580    1585    1643    1654    1655    
454    2.9999999999999997372e-05    8.299999999999999815e-05    0.00019200000000000000486    7    385    405    409    441    442    442    465    0    0    1475    1533    1542    1645    1646    1647    1671    
455    0.00013400000000000000452    8.3999999999999995352e-05    0.00019200000000000000486    5    418    418    422    449    450    0    0    1572    1573    1589    1666    1667    
456    1.2000000000000000304e-05    1.6999999999999999866e-05    0.00019300000000000000207    6    -1    -1    408    420    437    465    1    0    83    84    1540    1581    1636    1672    
457    0.00019300000000000000207    2.0999999999999998838e-05    0.00019300000000000000207    9    0    0    397    414    440    446    446    452    452    0    1    166    167    1503    1557    1644    1657    1658    1669    1670    
458    6.9999999999999993868e-05    0.00010999999999999999036    0.00019300000000000000207    4    403    404    409    443    0    0    1524    1529    1543    1652    
459    0.00010999999999999999036    0.00012199999999999999744    0.00019300000000000000207    5    412    418    443    447    447    0    0    1553    1574    1653    1659    1660    
460    0.00014899999999999998966    0.00015599999999999999718    0.00019300000000000000207    4    438    447    462    464    0    0    1638    1661    1673    1674    
461    4.3999999999999998856e-05    0.00016099999999999998319    0.00019300000000000000207    4    425    439    448    466    0    0    1598    1640    1663    1675    
462    0.00017499999999999999822    0.0001659999999999999963    0.00019300000000000000207    6    349    419    428    428    438    460    0    0    1337    1577    1605    1606    1639    1673    
463    0.00016099999999999998319    7.9999999999999992992e-05    0.00019399999999999999927    5    422    429    432    432    467    0    0    1590    1614    1618    1619    1676    
464    0.00011799999999999999508    0.0001669999999999999935    0.00019399999999999999927    8    407    416    433    433    445    460    469    473    0    0    1538    1564    1626    1627    1656    1674    1677    1678    
465    2.0999999999999998838e-05    3.9999999999999996496e-05    0.00019499999999999999647    2    454    456    0    0    1671    1672    
466    4.4999999999999996058e-05    0.00014199999999999998214    0.00019499999999999999647    4    424    425    448    461    0    0    1596    1599    1664    1675    
467    0.00015499999999999999997    0.0001029999999999999964    0.00019599999999999999367    3    418    418    463    0    0    1575    1576    1676    
468    3.000000000000000076e-06    0.00013699999999999999613    0.00019599999999999999367    4    -1    425    431    442    1    0    85    1600    1617    1648    
469    0.00011600000000000000068    0.00015099999999999998406    0.00019599999999999999367    2    447    464    0    0    1662    1677    
470    3.999999999999999819e-06    0.00019499999999999999647    0.00019599999999999999367    2    -1    435    1    0    86    1634    
471    0.00019099999999999998056    0.0001039999999999999936    0.00019699999999999999087    4    0    411    432    472    0    1    168    1547    1620    1679    
472    0.00019699999999999999087    0.00011999999999999998949    0.00019699999999999999087    3    0    428    471    0    1    169    1607    1679    
473    0.00013400000000000000452    0.00017599999999999999542    0.00019699999999999999087    2    451    464    0    0    1668    1678    
474    2.3000000000000000018e-05    0.00018300000000000000294    0.00019699999999999999087    1    425    0    0    1601    
475    0.00019099999999999998056    1.9999999999999999095e-06    0.00019799999999999998808    0    0    0    
476    1.9999999999999999095e-06    0.00010799999999999999596    0.00019799999999999998808    3    -1    442    442    1    0    87    1649    1650    
477    0.00013799999999999999333    0.00019799999999999998808    0.00019799999999999998808    0    0    0    
478    5.8999999999999997542e-05    9.4999999999999991678e-05    0.00019899999999999998528    0    0    0    
479    4.1000000000000000474e-05    0.00019899999999999998528    0.00019899999999999998528    0    0    0    
