482    0.00019999999999999998248    0.00019999999999999998248    0.00019999999999999998248
1    0.00014099999999999998494    0    9.9999999999999995475e-07    1    -1    1    0    1    
2    6.7999999999999999464e-05    3.000000000000000076e-06    9.9999999999999995475e-07    1    -1    1    0    2    
3    8.299999999999999815e-05    1.8999999999999997658e-05    9.9999999999999995475e-07    1    -1    1    0    3    
4    0.00017899999999999998703    9.8999999999999994038e-05    9.9999999999999995475e-07    3    -1    32    36    1    0    4    140    141    
5    9.9999999999999995475e-07    0.00012299999999999998109    9.9999999999999995475e-07    1    -1    1    0    5    
6    0.00017300000000000000382    0.00015899999999999998878    9.9999999999999995475e-07    1    -1    1    0    6    
7    6.7999999999999999464e-05    0.00019499999999999999647    9.9999999999999995475e-07    1    -1    1    0    7    
8    0.00019799999999999998808    0.00019799999999999998808    9.9999999999999995475e-07    1    -1    1    0    8    
9    3.8999999999999999294e-05    4.6000000000000000036e-05    1.9999999999999999095e-06    2    -1    45    1    0    9    142    
10    3.3999999999999999732e-05    7.499999999999999343e-05    1.9999999999999999095e-06    2    -1    21    1    0    10    143    
11    6.5999999999999991508e-05    0.00017799999999999998983    1.9999999999999999095e-06    2    -1    51    1    0    11    144    
12    9.2999999999999997274e-05    6.999999999999999895e-06    3.000000000000000076e-06    3    -1    13    82    1    0    12    145    146    
13    0.00010699999999999999876    1.4999999999999998686e-05    3.000000000000000076e-06    3    -1    12    59    1    0    13    145    147    
14    5.399999999999999798e-05    9.3999999999999994476e-05    3.000000000000000076e-06    4    -1    33    34    47    1    0    14    148    149    150    
15    8.3999999999999995352e-05    0.0001640000000000000019    3.000000000000000076e-06    2    -1    43    1    0    15    151    
16    8.8999999999999994914e-05    0.00017599999999999999542    3.000000000000000076e-06    3    -1    17    51    1    0    16    152    153    
17    8.299999999999999815e-05    0.00019300000000000000207    3.000000000000000076e-06    4    -1    16    51    54    1    0    17    152    154    155    
18    5.4999999999999995182e-05    0.00012899999999999999141    3.999999999999999819e-06    4    -1    24    47    50    1    0    18    156    157    158    
19    0.00018300000000000000294    4.6000000000000000036e-05    4.999999999999999562e-06    4    -1    27    57    80    1    0    19    159    160    161    
20    0.00019399999999999999927    6.2999999999999999902e-05    4.999999999999999562e-06    4    -1    27    57    115    1    0    20    162    163    164    
21    4.999999999999999562e-06    6.4999999999999994306e-05    4.999999999999999562e-06    4    -1    10    45    100    1    0    21    143    165    166    
22    0.0001019999999999999992    6.9999999999999993868e-05    4.999999999999999562e-06    6    -1    26    26    39    40    46    1    0    22    167    168    169    170    171    
23    0.00014699999999999999525    9.0999999999999989318e-05    4.999999999999999562e-06    6    -1    37    40    52    52    52    1    0    23    172    173    174    175    176    
24    4.4999999999999996058e-05    0.00015300000000000000557    4.999999999999999562e-06    8    -1    18    35    43    43    49    63    84    1    0    24    156    177    178    179    180    181    182    
25    0.0001259999999999999998    0.00016999999999999998511    4.999999999999999562e-06    4    -1    38    74    79    1    0    25    183    184    185    
26    0.00011699999999999999788    6.0999999999999998722e-05    6.000000000000000152e-06    8    -1    22    22    40    46    59    72    88    1    0    26    167    168    186    187    188    189    190    
27    0.00018199999999999997864    6.20000000000000027e-05    6.000000000000000152e-06    4    -1    19    20    32    1    0    27    159    162    191    
28    1.29999999999999992e-05    0.0001039999999999999936    6.000000000000000152e-06    3    -1    75    78    1    0    28    192    193    
29    0.00017499999999999999822    0.0001240000000000000054    6.000000000000000152e-06    5    -1    36    66    73    74    1    0    29    194    195    196    197    
30    6.999999999999999895e-06    0.0001640000000000000019    6.000000000000000152e-06    4    -1    -1    -1    35    1    0    30    31    32    198    
31    5.9999999999999994744e-05    6.4999999999999994306e-05    6.999999999999999895e-06    7    -1    39    39    39    44    45    85    1    0    33    199    200    201    202    203    204    
32    0.00017300000000000000382    7.7000000000000001386e-05    6.999999999999999895e-06    5    -1    4    27    36    52    1    0    34    140    191    205    206    
33    4.4999999999999996058e-05    8.3999999999999995352e-05    6.999999999999999895e-06    2    14    44    0    0    148    207    
34    3.4999999999999996934e-05    0.0001039999999999999936    6.999999999999999895e-06    4    -1    14    78    90    1    0    35    149    208    209    
35    2.799999999999999958e-05    0.00018300000000000000294    6.999999999999999895e-06    8    -1    -1    24    30    51    61    63    93    1    0    36    37    177    198    210    211    212    213    
36    0.00019399999999999999927    0.0001019999999999999992    7.999999999999999638e-06    7    -1    4    29    32    65    113    115    1    0    38    141    194    205    214    215    216    
37    0.00016300000000000000469    0.00010999999999999999036    7.999999999999999638e-06    3    -1    23    62    1    0    39    172    217    
38    0.0001250000000000000026    0.00014500000000000000085    7.999999999999999638e-06    9    -1    25    48    53    74    74    74    79    86    1    0    40    183    218    219    220    221    222    223    224    
39    7.9999999999999992992e-05    7.9999999999999992992e-05    9.000000000000000228e-06    8    -1    22    31    31    31    47    76    85    1    0    41    169    199    200    201    225    226    227    
40    0.00011100000000000000112    9.3999999999999994476e-05    9.000000000000000228e-06    10    -1    -1    -1    -1    22    23    26    41    41    98    1    0    42    43    44    45    170    173    186    228    229    230    
41    0.00012299999999999998109    0.00011600000000000000068    9.000000000000000228e-06    6    -1    40    40    48    53    53    1    0    46    228    229    231    232    233    
42    3.999999999999999819e-06    0.00019499999999999999647    9.999999999999999124e-06    2    -1    81    1    0    47    234    
43    6.9999999999999993868e-05    0.00016300000000000000469    1.0999999999999999714e-05    8    -1    -1    15    24    24    50    51    92    1    0    48    49    151    178    179    235    236    237    
44    5.800000000000000034e-05    7.9999999999999992992e-05    1.2000000000000000304e-05    3    31    33    60    0    0    202    207    238    
45    2.4000000000000000608e-05    3.2999999999999995754e-05    1.29999999999999992e-05    17    -1    -1    9    21    31    46    58    58    58    69    85    85    85    85    100    100    103    1    0    50    51    142    165    203    239    240    241    242    243    244    245    246    247    248    249    250    
46    9.8999999999999994038e-05    4.2999999999999994878e-05    1.29999999999999992e-05    6    -1    22    26    45    59    85    1    0    52    171    187    239    251    252    
47    8.299999999999999815e-05    0.00011199999999999999832    1.29999999999999992e-05    10    -1    -1    14    18    39    50    53    60    95    187    1    0    53    54    150    157    225    253    254    255    256    257    
48    0.00014400000000000000365    0.00012999999999999998861    1.29999999999999992e-05    5    -1    38    41    73    96    1    0    55    218    231    258    259    
49    1.6999999999999999866e-05    0.00013599999999999999893    1.29999999999999992e-05    2    24    75    0    0    180    260    
50    7.2000000000000001824e-05    0.00013899999999999999053    1.29999999999999992e-05    7    -1    18    43    47    53    92    92    1    0    56    158    235    253    261    262    263    
51    5.8999999999999997542e-05    0.00018400000000000000014    1.29999999999999992e-05    9    -1    11    16    17    35    43    54    61    63    1    0    57    144    153    154    210    236    264    265    266    
52    0.0001649999999999999991    7.7999999999999998588e-05    1.399999999999999979e-05    9    -1    23    23    23    32    65    80    88    113    1    0    58    174    175    176    206    267    268    269    270    
53    0.00011299999999999999552    0.00013899999999999999053    1.399999999999999979e-05    10    -1    38    41    41    47    50    79    98    187    187    1    0    59    219    232    233    254    261    271    272    273    274    
54    8.7999999999999997712e-05    0.00019499999999999999647    1.399999999999999979e-05    3    17    51    99    0    0    155    264    275    
55    0.00016999999999999998511    0.00018999999999999998336    1.4999999999999998686e-05    4    -1    74    94    124    1    0    60    276    277    278    
56    0.00019200000000000000486    2.499999999999999781e-05    1.5999999999999999276e-05    4    -1    57    80    80    1    0    61    279    280    281    
57    0.00019300000000000000207    4.1000000000000000474e-05    1.5999999999999999276e-05    8    -1    19    20    56    80    88    101    104    1    0    62    160    163    279    282    283    284    285    
58    2.799999999999999958e-05    7.999999999999999638e-06    1.6999999999999999866e-05    6    -1    45    45    45    67    119    1    0    63    240    241    242    286    287    
59    0.00011799999999999999508    3.6999999999999998114e-05    1.6999999999999999866e-05    9    13    26    46    71    82    85    87    88    157    0    0    147    188    251    288    289    290    291    292    293    
60    6.8999999999999996666e-05    9.2999999999999997274e-05    1.6999999999999999866e-05    5    44    47    83    83    91    0    0    238    255    294    295    296    
61    5.0999999999999999598e-05    0.00019099999999999998056    1.8000000000000000456e-05    12    35    51    63    81    84    92    93    109    109    109    109    125    0    0    211    265    297    298    299    300    301    302    303    304    305    306    
62    0.0001649999999999999991    0.00011699999999999999788    1.8999999999999997658e-05    3    37    73    113    0    0    217    307    308    
63    4.2999999999999994878e-05    0.00017199999999999997951    1.8999999999999997658e-05    6    24    35    51    61    84    93    0    0    181    212    266    297    309    310    
64    1.5999999999999999276e-05    0.00018699999999999999175    1.8999999999999997658e-05    0    0    0    
65    0.00017199999999999997951    8.7999999999999997712e-05    1.9999999999999998248e-05    3    36    52    88    0    0    214    267    311    
66    0.00019399999999999999927    0.00015899999999999998878    1.9999999999999998248e-05    7    -1    29    70    74    74    86    94    1    0    64    195    312    313    314    315    316    
67    7.2000000000000001824e-05    6.000000000000000152e-06    2.0999999999999998838e-05    6    58    82    85    85    97    119    0    0    286    317    318    319    320    321    
68    0.00013599999999999999893    6.999999999999999895e-06    2.0999999999999998838e-05    2    80    114    0    0    322    323    
69    3.6000000000000000912e-05    5.399999999999999798e-05    2.0999999999999998838e-05    6    45    83    85    85    100    129    0    0    243    324    325    326    327    328    
70    0.00019499999999999999647    0.0001259999999999999998    2.0999999999999998838e-05    3    66    73    122    0    0    312    329    330    
71    9.4999999999999991678e-05    2.699999999999999899e-05    2.1999999999999999428e-05    2    59    82    0    0    288    331    
72    0.00012299999999999998109    6.4999999999999994306e-05    2.1999999999999999428e-05    2    26    77    0    0    189    332    
73    0.00016199999999999998039    0.00013699999999999999613    2.1999999999999999428e-05    7    29    48    62    70    79    86    105    0    0    196    258    307    329    333    334    335    
74    0.00016099999999999998319    0.00017999999999999998423    2.1999999999999999428e-05    23    -1    -1    -1    25    29    38    38    38    55    66    66    79    79    86    86    94    102    102    122    122    124    156    189    1    0    65    66    67    184    197    220    221    222    276    313    314    336    337    338    339    340    341    342    343    344    345    346    347    
75    6.999999999999999895e-06    0.00012199999999999999744    2.3000000000000000018e-05    6    28    49    78    90    110    110    0    0    192    260    348    349    350    351    
76    8.700000000000000051e-05    7.2000000000000001824e-05    2.499999999999999781e-05    4    39    85    91    157    0    0    226    352    353    354    
77    0.00012799999999999999421    8.299999999999999815e-05    2.59999999999999984e-05    5    72    98    113    113    157    0    0    332    355    356    357    358    
78    2.699999999999999899e-05    0.00010100000000000000199    2.59999999999999984e-05    8    -1    28    34    75    83    90    117    117    1    0    68    193    208    348    359    360    361    362    
79    0.0001259999999999999998    0.00015300000000000000557    2.59999999999999984e-05    13    25    38    53    73    74    74    92    102    105    130    145    155    155    0    0    185    223    271    333    336    337    363    364    365    366    367    368    369    
80    0.00017199999999999997951    1.2000000000000000304e-05    2.699999999999999899e-05    18    -1    -1    19    52    56    56    57    68    88    88    88    101    111    126    134    134    148    180    1    0    69    70    161    268    280    281    282    322    370    371    372    373    374    375    376    377    378    379    
81    1.5999999999999999276e-05    0.00019200000000000000486    2.699999999999999899e-05    5    42    61    93    116    116    0    0    234    298    380    381    382    
82    0.00010799999999999999596    1.399999999999999979e-05    2.799999999999999958e-05    7    12    59    67    71    85    106    114    0    0    146    289    317    331    383    384    385    
83    3.8999999999999999294e-05    8.4999999999999992554e-05    2.799999999999999958e-05    9    60    60    69    78    85    90    91    95    107    0    0    294    295    324    359    386    387    388    389    390    
84    3.7999999999999995316e-05    0.00015199999999999998126    2.799999999999999958e-05    7    24    61    63    92    93    110    125    0    0    182    299    309    391    392    393    394    
85    7.099999999999999107e-05    5.3000000000000000778e-05    2.900000000000000017e-05    35    31    39    45    45    45    45    46    59    67    67    69    69    76    82    83    87    91    97    100    100    106    111    129    138    152    157    157    157    159    159    159    170    170    170    205    0    0    204    227    244    245    246    247    252    290    318    319    325    326    352    383    386    395    396    397    398    399    400    401    402    403    404    405    406    407    408    409    410    411    412    413    414    
86    0.00017300000000000000382    0.00013099999999999998581    2.9999999999999997372e-05    8    38    66    73    74    74    105    105    153    0    0    224    315    334    338    339    415    416    417    
87    0.00012299999999999998109    4.3999999999999998856e-05    3.100000000000000135e-05    4    59    85    88    111    0    0    291    395    418    419    
88    0.00015099999999999998406    5.3000000000000000778e-05    3.100000000000000135e-05    15    26    52    57    59    65    80    80    80    87    111    113    123    123    148    157    0    0    190    269    283    292    311    370    371    372    418    420    421    422    423    424    425    
89    0    7.099999999999999107e-05    3.100000000000000135e-05    0    0    0    
90    3.6000000000000000912e-05    0.00010899999999999999316    3.100000000000000135e-05    10    34    75    78    83    92    110    112    117    187    187    0    0    209    349    360    387    426    427    428    429    430    431    
91    6.2999999999999999902e-05    8.5999999999999989756e-05    3.1999999999999998552e-05    5    60    76    83    85    138    0    0    296    353    388    396    432    
92    7.7999999999999998588e-05    0.00015199999999999998126    3.1999999999999998552e-05    11    43    50    50    61    79    84    90    108    125    155    187    0    0    237    262    263    300    363    391    426    433    434    435    436    
93    1.4999999999999998686e-05    0.0001640000000000000019    3.1999999999999998552e-05    7    35    61    63    81    84    116    131    0    0    213    301    310    380    392    437    438    
94    0.00019399999999999999927    0.00018300000000000000294    3.1999999999999998552e-05    5    55    66    74    122    124    0    0    277    316    340    439    440    
95    7.499999999999999343e-05    0.00010699999999999999876    3.4999999999999996934e-05    5    47    83    112    138    187    0    0    256    389    441    442    443    
96    0.00014599999999999999805    0.00012100000000000000024    3.4999999999999996934e-05    5    48    113    139    168    168    0    0    259    444    445    446    447    
97    4.8999999999999998418e-05    1.8999999999999997658e-05    3.6000000000000000912e-05    5    67    85    100    159    159    0    0    320    397    448    449    450    
98    0.0001019999999999999992    9.6999999999999999634e-05    3.6000000000000000912e-05    8    40    53    77    121    133    139    187    187    0    0    230    272    355    451    452    453    454    455    
99    8.3999999999999995352e-05    0.00019399999999999999927    3.6000000000000000912e-05    4    54    108    109    145    0    0    275    456    457    458    
100    1.2000000000000000304e-05    3.9999999999999996496e-05    3.6999999999999998114e-05    13    21    45    45    69    85    85    97    103    107    119    146    167    190    0    0    166    248    249    327    398    399    448    459    460    461    462    463    464    
101    0.00017799999999999998983    3.9999999999999996496e-05    3.6999999999999998114e-05    4    57    80    104    135    0    0    284    373    465    466    
102    0.00014099999999999998494    0.00018799999999999998895    3.7999999999999995316e-05    7    74    74    79    130    145    145    156    0    0    341    342    364    467    468    469    470    
103    1.29999999999999992e-05    4.999999999999999562e-06    3.9999999999999996496e-05    3    45    100    146    0    0    250    459    471    
104    0.00019499999999999999647    3.4999999999999996934e-05    3.9999999999999996496e-05    3    57    101    135    0    0    285    465    472    
105    0.00013999999999999998774    0.00014199999999999998214    4.1000000000000000474e-05    5    73    79    86    86    130    0    0    335    365    415    416    473    
106    9.6000000000000002432e-05    2.0999999999999998838e-05    4.1999999999999997676e-05    7    82    85    111    114    120    147    161    0    0    384    400    474    475    476    477    478    
107    1.399999999999999979e-05    6.4999999999999994306e-05    4.1999999999999997676e-05    8    83    100    117    129    129    132    149    167    0    0    390    460    479    480    481    482    483    484    
108    8.5999999999999989756e-05    0.0001679999999999999907    4.1999999999999997676e-05    8    92    99    109    109    155    155    176    187    0    0    433    456    485    486    487    488    489    490    
109    6.0999999999999998722e-05    0.00018599999999999999455    4.1999999999999997676e-05    10    61    61    61    61    99    108    108    118    145    169    0    0    302    303    304    305    457    485    486    491    492    493    
110    1.2000000000000000304e-05    0.00013300000000000000732    4.2999999999999994878e-05    6    75    75    84    90    117    125    0    0    350    351    393    427    494    495    
111    0.00012899999999999999141    5.0999999999999999598e-05    4.3999999999999998856e-05    11    80    85    87    88    106    113    114    127    128    157    161    0    0    374    401    419    420    474    496    497    498    499    500    501    
112    5.399999999999999798e-05    0.0001049999999999999908    4.3999999999999998856e-05    5    90    95    117    141    187    0    0    428    441    502    503    504    
113    0.00015300000000000000557    9.6000000000000002432e-05    4.4999999999999996058e-05    15    36    52    62    77    77    88    96    111    115    123    133    153    175    175    186    0    0    215    270    308    356    357    421    444    496    505    506    507    508    509    510    511    
114    0.00013099999999999998581    1.4999999999999998686e-05    4.6999999999999997238e-05    7    68    82    106    111    120    134    161    0    0    323    385    475    497    512    513    514    
115    0.00017599999999999999542    9.8999999999999994038e-05    4.6999999999999997238e-05    8    20    36    113    137    137    140    172    198    0    0    164    216    505    515    516    517    518    519    
116    6.000000000000000152e-06    0.00018099999999999998143    4.6999999999999997238e-05    6    81    81    93    118    131    163    0    0    381    382    437    520    521    522    
117    2.9999999999999997372e-05    0.00011199999999999999832    4.8000000000000001216e-05    12    78    78    90    107    110    112    129    132    141    143    143    202    0    0    361    362    429    479    494    502    523    524    525    526    527    528    
118    3.1999999999999998552e-05    0.00018999999999999998336    4.8000000000000001216e-05    2    109    116    0    0    491    520    
119    3.7999999999999995316e-05    3.999999999999999819e-06    4.8999999999999998418e-05    6    58    67    100    159    159    177    0    0    287    321    461    529    530    531    
120    9.3999999999999994476e-05    1.0999999999999999714e-05    4.8999999999999998418e-05    4    106    114    147    159    0    0    476    512    532    533    
121    9.0999999999999989318e-05    9.6000000000000002432e-05    4.8999999999999998418e-05    6    98    133    138    139    157    157    0    0    451    534    535    536    537    538    
122    0.00019200000000000000486    0.00015499999999999999997    4.8999999999999998418e-05    7    70    74    74    94    140    144    179    0    0    330    343    344    439    539    540    541    
123    0.00017199999999999997951    6.4999999999999994306e-05    4.999999999999999562e-05    10    88    88    113    137    162    171    175    175    191    191    0    0    422    423    506    542    543    544    545    546    547    548    
124    0.00016899999999999998791    0.00018599999999999999455    4.999999999999999562e-05    5    55    74    94    156    179    0    0    278    345    440    549    550    
125    3.7999999999999995316e-05    0.00015400000000000000277    5.0999999999999999598e-05    6    61    84    92    110    141    150    0    0    306    394    434    495    551    552    
126    0.00019699999999999999087    2.0999999999999998838e-05    5.3000000000000000778e-05    1    80    0    0    375    
127    0.00014199999999999998214    5.6999999999999996362e-05    5.3000000000000000778e-05    4    111    128    175    185    0    0    498    553    554    555    
128    0.0001240000000000000054    6.2999999999999999902e-05    5.399999999999999798e-05    6    111    127    157    161    161    175    0    0    499    553    556    557    558    559    
129    4.4999999999999996058e-05    6.3999999999999997104e-05    5.399999999999999798e-05    9    69    85    107    107    117    149    149    152    170    0    0    328    402    480    481    523    560    561    562    563    
130    0.00013300000000000000732    0.0001649999999999999991    5.399999999999999798e-05    5    79    102    105    145    153    0    0    366    467    473    564    565    
131    4.999999999999999562e-06    0.00016999999999999998511    5.399999999999999798e-05    4    93    116    150    204    0    0    438    521    566    567    
132    3.999999999999999819e-06    7.5999999999999990632e-05    5.4999999999999995182e-05    3    107    117    149    0    0    482    524    568    
133    0.00010899999999999999316    8.7999999999999997712e-05    5.4999999999999995182e-05    7    98    113    121    138    139    157    186    0    0    452    507    534    569    570    571    572    
134    0.00015099999999999998406    4.999999999999999562e-06    5.599999999999999916e-05    3    80    80    114    0    0    376    377    513    
135    0.00019399999999999999927    4.1999999999999997676e-05    5.6999999999999996362e-05    5    101    104    136    151    213    0    0    466    472    573    574    575    
136    0.00019399999999999999927    6.0999999999999998722e-05    5.6999999999999996362e-05    4    135    137    171    196    0    0    573    576    577    578    
137    0.00019399999999999999927    8.0999999999999990194e-05    5.6999999999999996362e-05    7    115    115    123    136    140    171    172    0    0    515    516    542    576    579    580    581    
138    8.3999999999999995352e-05    8.7999999999999997712e-05    5.6999999999999996362e-05    11    85    91    95    121    133    141    157    187    197    197    205    0    0    403    432    442    535    569    582    583    584    585    586    587    
139    0.00010100000000000000199    0.00011299999999999999552    5.800000000000000034e-05    8    96    98    121    133    168    168    186    187    0    0    445    453    536    570    588    589    590    591    
140    0.00019200000000000000486    0.00011299999999999999552    5.800000000000000034e-05    5    115    122    137    144    154    0    0    517    539    579    592    593    
141    4.8000000000000001216e-05    0.00013899999999999999053    5.800000000000000034e-05    11    112    117    125    138    150    150    187    194    203    203    223    0    0    503    525    551    582    594    595    596    597    598    599    600    
142    0.00017599999999999999542    0.00017300000000000000382    5.800000000000000034e-05    0    0    0    
143    6.000000000000000152e-06    0.00010799999999999999596    5.8999999999999997542e-05    2    117    117    0    0    526    527    
144    0.00016999999999999998511    0.00013400000000000000452    5.9999999999999994744e-05    4    122    140    153    188    0    0    540    592    601    602    
145    0.00011799999999999999508    0.00018300000000000000294    6.0999999999999998722e-05    9    79    99    102    102    109    130    155    199    240    0    0    367    458    468    469    492    564    603    604    605    
146    9.999999999999999124e-06    6.999999999999999895e-06    6.20000000000000027e-05    5    100    103    177    177    190    0    0    462    471    606    607    608    
147    9.3999999999999994476e-05    1.2000000000000000304e-05    6.20000000000000027e-05    6    106    120    159    160    161    195    0    0    477    532    609    610    611    612    
148    0.00015999999999999998598    3.2999999999999995754e-05    6.20000000000000027e-05    4    80    88    180    185    0    0    378    424    613    614    
149    1.6999999999999999866e-05    6.8999999999999996666e-05    6.20000000000000027e-05    7    107    129    129    132    167    174    202    0    0    483    560    561    568    615    616    617    
150    3.2999999999999995754e-05    0.00015799999999999999158    6.20000000000000027e-05    8    125    131    141    141    169    194    204    204    0    0    552    566    594    595    618    619    620    621    
151    0.00018199999999999997864    3.9999999999999996496e-05    6.2999999999999999902e-05    3    135    162    213    0    0    574    622    623    
152    4.3999999999999998856e-05    4.6000000000000000036e-05    6.2999999999999999902e-05    5    85    129    159    166    207    0    0    404    562    624    625    626    
153    0.00015699999999999999438    0.00012199999999999999744    6.2999999999999999902e-05    7    86    113    130    144    168    188    189    0    0    417    508    565    601    627    628    629    
154    0.00019399999999999999927    0.00013199999999999998302    6.2999999999999999902e-05    3    140    183    188    0    0    593    630    631    
155    0.0001039999999999999936    0.00016199999999999998039    6.2999999999999999902e-05    10    79    79    92    108    108    145    181    187    187    199    0    0    368    369    435    487    488    603    632    633    634    635    
156    0.00015199999999999998126    0.00019099999999999998056    6.2999999999999999902e-05    4    74    102    124    199    0    0    346    470    549    636    
157    0.0001049999999999999908    7.2000000000000001824e-05    6.3999999999999997104e-05    20    59    76    77    85    85    85    88    111    121    121    128    133    138    161    170    175    197    221    221    227    0    0    293    354    358    405    406    407    425    500    537    538    556    571    583    637    638    639    640    641    642    643    
158    5.8999999999999997542e-05    7.7000000000000001386e-05    6.3999999999999997104e-05    0    0    0    
159    5.800000000000000034e-05    2.0999999999999998838e-05    6.4999999999999994306e-05    17    85    85    85    97    97    119    119    120    147    152    160    160    166    170    170    177    195    0    0    408    409    410    449    450    529    530    533    609    624    644    645    646    647    648    649    650    
160    7.7000000000000001386e-05    2.499999999999999781e-05    6.4999999999999994306e-05    5    147    159    159    170    195    0    0    610    644    645    651    652    
161    0.00011999999999999998949    3.1999999999999998552e-05    6.5999999999999991508e-05    12    106    111    114    128    128    147    157    185    185    195    221    221    0    0    478    501    514    557    558    611    637    653    654    655    656    657    
162    0.00017899999999999998703    5.0999999999999999598e-05    6.5999999999999991508e-05    3    123    151    171    0    0    543    622    658    
163    1.399999999999999979e-05    0.00019499999999999999647    6.5999999999999991508e-05    3    116    169    204    0    0    522    659    660    
164    8.2000000000000000948e-05    0    6.7000000000000002262e-05    0    0    0    
165    4.3999999999999998856e-05    6.9999999999999993868e-05    6.7000000000000002262e-05    0    0    0    
166    4.1999999999999997676e-05    3.4999999999999996934e-05    6.8999999999999996666e-05    6    152    159    201    207    207    226    0    0    625    646    661    662    663    664    
167    1.5999999999999999276e-05    4.999999999999999562e-05    6.8999999999999996666e-05    9    100    107    149    174    184    190    207    207    222    0    0    463    484    615    665    666    667    668    669    670    
168    0.00013099999999999998581    0.00011499999999999998993    6.8999999999999996666e-05    11    96    96    139    139    153    186    187    187    200    200    217    0    0    446    447    588    589    627    671    672    673    674    675    676    
169    5.19999999999999968e-05    0.00018499999999999999735    6.8999999999999996666e-05    7    109    150    163    176    204    218    218    0    0    493    618    659    677    678    679    680    
170    6.5999999999999991508e-05    4.8000000000000001216e-05    6.9999999999999993868e-05    11    85    85    85    129    157    159    159    160    201    205    227    0    0    411    412    413    563    638    647    648    651    681    682    683    
171    0.00018400000000000000014    6.4999999999999994306e-05    6.9999999999999993868e-05    7    123    136    137    162    196    213    213    0    0    544    577    580    658    684    685    686    
172    0.00018300000000000000294    8.700000000000000051e-05    6.9999999999999993868e-05    5    115    137    192    198    238    0    0    518    581    687    688    689    
173    0.00019599999999999999367    0.00019799999999999998808    6.9999999999999993868e-05    1    179    0    0    690    
174    6.000000000000000152e-06    7.2000000000000001824e-05    7.099999999999999107e-05    3    149    167    215    0    0    616    665    691    
175    0.00013699999999999999613    7.499999999999999343e-05    7.099999999999999107e-05    12    113    113    123    123    127    128    157    186    191    197    200    221    0    0    509    510    545    546    554    559    639    692    693    694    695    696    
176    7.3999999999999996228e-05    0.0001659999999999999963    7.099999999999999107e-05    5    108    169    181    187    235    0    0    489    677    697    698    699    
177    3.4999999999999996934e-05    9.999999999999999124e-06    7.2000000000000001824e-05    9    119    146    146    159    184    208    210    220    236    0    0    531    606    607    649    700    701    702    703    704    
178    0.00017599999999999999542    0.00011799999999999999508    7.2000000000000001824e-05    1    188    0    0    705    
179    0.00018400000000000000014    0.00018300000000000000294    7.2000000000000001824e-05    12    122    124    173    188    188    189    189    189    199    209    225    249    0    0    541    550    690    706    707    708    709    710    711    712    713    714    
180    0.00017300000000000000382    2.1999999999999999428e-05    7.3999999999999996228e-05    9    80    148    185    211    216    216    237    257    267    0    0    379    613    715    716    717    718    719    720    721    
181    8.700000000000000051e-05    0.00016999999999999998511    7.3999999999999996228e-05    5    155    176    199    231    235    0    0    632    697    722    723    724    
182    8.9999999999999992116e-05    3.999999999999999819e-06    7.499999999999999343e-05    2    195    195    0    0    725    726    
183    0.00019499999999999999647    0.00012799999999999999421    7.499999999999999343e-05    1    154    0    0    630    
184    1.6999999999999999866e-05    3.100000000000000135e-05    7.5999999999999990632e-05    6    167    177    190    207    208    219    0    0    666    700    727    728    729    730    
185    0.00014799999999999999246    3.6000000000000000912e-05    7.5999999999999990632e-05    10    127    148    161    161    180    211    221    232    232    267    0    0    555    614    653    654    715    731    732    733    734    735    
186    0.00012899999999999999141    0.0001029999999999999964    7.5999999999999990632e-05    9    113    133    139    168    175    187    197    200    230    0    0    511    572    590    671    692    736    737    738    739    
187    9.0999999999999989318e-05    0.0001250000000000000026    7.5999999999999990632e-05    29    47    53    53    90    90    92    95    98    98    108    112    138    139    141    155    155    168    168    176    186    199    199    230    231    231    234    235    242    242    0    0    257    273    274    430    431    436    443    454    455    490    504    584    591    596    633    634    672    673    698    736    740    741    742    743    744    745    746    747    748    
188    0.00017300000000000000382    0.00014099999999999998494    7.5999999999999990632e-05    8    144    153    154    178    179    179    189    239    0    0    602    628    631    705    706    707    749    750    
189    0.0001649999999999999991    0.0001669999999999999935    7.7000000000000001386e-05    10    74    153    179    179    179    188    199    234    263    282    0    0    347    629    708    709    710    749    751    752    753    754    
190    7.999999999999999638e-06    3.6999999999999998114e-05    7.899999999999999579e-05    6    100    146    167    184    219    279    0    0    464    608    667    727    755    756    
191    0.00015599999999999999718    6.7999999999999999464e-05    8.0999999999999990194e-05    6    123    123    175    221    238    267    0    0    547    548    693    757    758    759    
192    0.00019599999999999999367    9.2999999999999997274e-05    8.0999999999999990194e-05    2    172    228    0    0    687    760    
193    3.000000000000000076e-06    0.00010799999999999999596    8.0999999999999990194e-05    2    215    229    0    0    761    762    
194    2.1999999999999999428e-05    0.00012999999999999998861    8.0999999999999990194e-05    11    141    150    203    203    203    229    229    229    233    233    250    0    0    597    619    763    764    765    766    767    768    769    770    771    
195    9.6999999999999999634e-05    3.1999999999999998552e-05    8.2000000000000000948e-05    10    147    159    160    161    182    182    221    227    236    244    0    0    612    650    652    655    725    726    772    773    774    775    
196    0.00019499999999999999647    7.099999999999999107e-05    8.2000000000000000948e-05    4    136    171    213    238    0    0    578    684    776    777    
197    0.00010799999999999999596    7.9999999999999992992e-05    8.2000000000000000948e-05    8    138    138    157    175    186    221    230    258    0    0    585    586    640    694    737    778    779    780    
198    0.00017699999999999999263    0.0001029999999999999964    8.299999999999999815e-05    4    115    172    241    275    0    0    519    688    781    782    
199    0.00013199999999999998302    0.00017699999999999999263    8.299999999999999815e-05    17    145    155    156    179    181    187    187    189    231    234    234    240    242    264    276    276    276    0    0    604    635    636    711    722    740    741    751    783    784    785    786    787    788    789    790    791    
200    0.00013999999999999998774    0.0001049999999999999908    8.3999999999999995352e-05    6    168    168    175    186    241    259    0    0    674    675    695    738    792    793    
201    4.999999999999999562e-05    5.8999999999999997542e-05    8.5999999999999989756e-05    5    166    170    202    207    245    0    0    661    681    794    795    796    
202    5.0999999999999999598e-05    6.9999999999999993868e-05    8.5999999999999989756e-05    5    117    149    201    214    222    0    0    528    617    794    797    798    
203    4.1000000000000000474e-05    0.00012100000000000000024    8.5999999999999989756e-05    11    141    141    194    194    194    223    230    250    268    284    291    0    0    598    599    763    764    765    799    800    801    802    803    804    
204    2.0999999999999998838e-05    0.00017400000000000000102    8.5999999999999989756e-05    14    131    150    150    163    169    218    233    233    235    235    251    284    285    289    0    0    567    620    621    660    678    805    806    807    808    809    810    811    812    813    
205    7.2999999999999999026e-05    7.2000000000000001824e-05    8.700000000000000051e-05    6    85    138    170    214    221    227    0    0    414    587    682    814    815    816    
206    6.2999999999999999902e-05    0.00012999999999999998861    8.700000000000000051e-05    0    0    0    
207    3.4999999999999996934e-05    5.0999999999999999598e-05    8.7999999999999997712e-05    10    152    166    166    167    167    184    201    222    226    248    0    0    626    662    663    668    669    728    795    817    818    819    
208    1.2000000000000000304e-05    6.000000000000000152e-06    8.8999999999999994914e-05    6    177    184    219    220    272    279    0    0    701    729    820    821    822    823    
209    0.00019599999999999999367    0.00018899999999999998615    8.8999999999999994914e-05    2    179    225    0    0    712    824    
210    4.8000000000000001216e-05    2.0999999999999998838e-05    8.9999999999999992116e-05    5    177    220    226    245    260    0    0    702    825    826    827    828    
211    0.00016199999999999998039    3.9999999999999996496e-05    8.9999999999999992116e-05    4    180    185    267    273    0    0    716    731    829    830    
212    1.9999999999999999095e-06    5.3000000000000000778e-05    8.9999999999999992116e-05    0    0    0    
213    0.00019399999999999999927    5.399999999999999798e-05    8.9999999999999992116e-05    7    135    151    171    171    196    238    273    0    0    575    623    685    686    776    831    832    
214    6.20000000000000027e-05    8.299999999999999815e-05    8.9999999999999992116e-05    5    202    205    223    268    274    0    0    797    814    833    834    835    
215    3.999999999999999819e-06    9.2999999999999997274e-05    8.9999999999999992116e-05    6    174    193    222    222    247    297    0    0    691    761    836    837    838    839    
216    0.00019200000000000000486    1.0999999999999999714e-05    9.0999999999999989318e-05    7    180    180    237    237    273    278    299    0    0    717    718    840    841    842    843    844    
217    0.00013799999999999999333    0.00013500000000000000173    9.0999999999999989318e-05    5    168    234    234    234    282    0    0    676    845    846    847    848    
218    6.0999999999999998722e-05    0.00019300000000000000207    9.0999999999999989318e-05    5    169    169    204    255    289    0    0    679    680    805    849    850    
219    6.999999999999999895e-06    1.8000000000000000456e-05    9.2000000000000000072e-05    7    184    190    208    220    220    279    279    0    0    730    755    820    851    852    853    854    
220    3.6999999999999998114e-05    9.999999999999999124e-06    9.2999999999999997274e-05    10    177    208    210    219    219    260    260    272    279    279    0    0    703    821    825    851    852    855    856    857    858    859    
221    0.00010899999999999999316    6.2999999999999999902e-05    9.2999999999999997274e-05    15    157    157    161    161    175    185    191    195    197    205    227    258    261    267    280    0    0    641    642    656    657    696    732    757    772    778    815    860    861    862    863    864    
222    1.399999999999999979e-05    6.8999999999999996666e-05    9.2999999999999997274e-05    7    167    202    207    215    215    247    248    0    0    670    798    817    836    837    865    866    
223    4.2999999999999994878e-05    0.00010100000000000000199    9.2999999999999997274e-05    5    141    203    214    229    274    0    0    600    799    833    867    868    
224    0.00019599999999999999367    0.00011399999999999999272    9.2999999999999997274e-05    1    275    0    0    869    
225    0.00019200000000000000486    0.00017199999999999997951    9.2999999999999997274e-05    7    179    209    249    249    253    263    263    0    0    713    824    870    871    872    873    874    
226    2.9999999999999997372e-05    4.1000000000000000474e-05    9.3999999999999994476e-05    5    166    207    210    248    279    0    0    664    818    826    875    876    
227    8.299999999999999815e-05    5.599999999999999916e-05    9.3999999999999994476e-05    15    157    170    195    205    221    245    245    258    266    266    277    318    359    359    363    0    0    643    683    773    816    860    877    878    879    880    881    882    883    884    885    886    
228    0.00019499999999999999647    9.4999999999999991678e-05    9.3999999999999994476e-05    2    192    238    0    0    760    887    
229    1.6999999999999999866e-05    0.00010899999999999999316    9.3999999999999994476e-05    11    193    194    194    194    223    247    250    250    269    269    309    0    0    762    766    767    768    867    888    889    890    891    892    893    
230    8.5999999999999989756e-05    0.00011600000000000000068    9.3999999999999994476e-05    11    186    187    197    203    258    259    268    286    291    291    301    0    0    739    742    779    800    894    895    896    897    898    899    900    
231    7.2000000000000001824e-05    0.00014400000000000000365    9.3999999999999994476e-05    6    181    187    187    199    235    301    0    0    723    743    744    783    901    902    
232    0.00012999999999999998861    2.4000000000000000608e-05    9.4999999999999991678e-05    8    185    185    243    244    261    267    267    271    0    0    733    734    903    904    905    906    907    908    
233    1.6999999999999999866e-05    0.00014400000000000000365    9.4999999999999991678e-05    8    194    194    204    204    250    284    284    284    0    0    769    770    806    807    909    910    911    912    
234    0.00012999999999999998861    0.00014899999999999998966    9.4999999999999991678e-05    11    187    189    199    199    217    217    217    242    276    282    282    0    0    745    752    784    785    845    846    847    913    914    915    916    
235    5.0999999999999999598e-05    0.0001659999999999999963    9.4999999999999991678e-05    11    176    181    187    204    204    231    255    284    285    285    285    0    0    699    724    746    808    809    901    917    918    919    920    921    
236    7.499999999999999343e-05    6.999999999999999895e-06    9.6000000000000002432e-05    4    177    195    245    260    0    0    704    774    922    923    
237    0.00015799999999999999158    9.999999999999999124e-06    9.6000000000000002432e-05    8    180    216    216    243    257    278    278    298    0    0    719    840    841    924    925    926    927    928    
238    0.0001669999999999999935    7.499999999999999343e-05    9.6000000000000002432e-05    12    172    191    196    213    228    241    265    267    273    281    294    343    0    0    689    758    777    831    887    929    930    931    932    933    934    935    
239    0.00017199999999999997951    0.00013500000000000000173    9.6999999999999999634e-05    2    188    275    0    0    750    936    
240    0.0001019999999999999992    0.00019200000000000000486    9.6999999999999999634e-05    5    145    199    254    264    303    0    0    605    786    937    938    939    
241    0.00014799999999999999246    0.0001049999999999999908    9.8999999999999994038e-05    6    198    200    238    259    275    293    0    0    781    792    929    940    941    942    
242    0.0001019999999999999992    0.00014199999999999998214    9.8999999999999994038e-05    6    187    187    199    234    254    286    0    0    747    748    787    913    943    944    
243    0.00013699999999999999613    3.999999999999999819e-06    9.999999999999999124e-05    3    232    237    271    0    0    903    924    945    
244    0.00011199999999999999832    9.000000000000000228e-06    0.00010100000000000000199    4    195    232    271    296    0    0    775    904    946    947    
245    7.2000000000000001824e-05    3.6999999999999998114e-05    0.0001019999999999999992    9    201    210    227    227    236    260    260    308    359    0    0    796    827    877    878    922    948    949    950    951    
246    0    5.3000000000000000778e-05    0.0001019999999999999992    0    0    0    
247    1.4999999999999998686e-05    9.0999999999999989318e-05    0.0001019999999999999992    4    215    222    229    248    0    0    838    865    888    952    
248    2.0999999999999998838e-05    6.5999999999999991508e-05    0.0001029999999999999964    12    207    222    226    247    274    274    279    279    327    330    330    330    0    0    819    866    875    952    953    954    955    956    957    958    959    960    
249    0.00017999999999999998423    0.00019399999999999999927    0.0001029999999999999964    6    179    225    225    263    270    311    0    0    714    870    871    961    962    963    
250    2.499999999999999781e-05    0.00013199999999999998302    0.0001049999999999999908    8    194    203    229    229    233    284    309    340    0    0    771    801    889    890    909    964    965    966    
251    1.9999999999999999095e-06    0.0001669999999999999935    0.0001049999999999999908    1    204    0    0    810    
252    8.2000000000000000948e-05    0.00015699999999999999438    0.00010600000000000000156    0    0    0    
253    0.00019399999999999999927    0.0001640000000000000019    0.00010600000000000000156    3    225    263    263    0    0    872    967    968    
254    8.9999999999999992116e-05    0.00017199999999999997951    0.00010600000000000000156    3    240    242    285    0    0    937    943    969    
255    6.7000000000000002262e-05    0.00018499999999999999735    0.00010600000000000000156    3    218    235    303    0    0    849    917    970    
256    8.0999999999999990194e-05    0.00015799999999999999158    0.00010699999999999999876    0    0    0    
257    0.00014999999999999998686    2.59999999999999984e-05    0.00010799999999999999596    3    180    237    261    0    0    720    925    971    
258    9.2000000000000000072e-05    7.3999999999999996228e-05    0.00010799999999999999596    6    197    221    227    230    268    318    0    0    780    861    879    894    972    973    
259    0.00012299999999999998109    8.5999999999999989756e-05    0.00010799999999999999596    7    200    230    241    267    280    293    318    0    0    793    895    940    974    975    976    977    
260    6.4999999999999994306e-05    9.000000000000000228e-06    0.00010899999999999999316    12    210    220    220    236    245    245    271    296    304    326    326    359    0    0    828    855    856    923    948    949    978    979    980    981    982    983    
261    0.00013500000000000000173    3.6000000000000000912e-05    0.00010899999999999999316    12    221    232    257    267    267    267    307    307    317    319    323    370    0    0    862    905    971    984    985    986    987    988    989    990    991    992    
262    8.2000000000000000948e-05    0.00015999999999999998598    0.00010899999999999999316    0    0    0    
263    0.00016199999999999998039    0.00017099999999999998231    0.00010899999999999999316    13    189    225    225    249    253    253    270    275    275    276    282    292    311    0    0    753    873    874    961    967    968    993    994    995    996    997    998    999    
264    0.00010899999999999999316    0.00019099999999999998056    0.00010899999999999999316    4    199    240    303    312    0    0    788    938    1000    1001    
265    0.00018499999999999999735    8.2000000000000000948e-05    0.00010999999999999999036    3    238    294    343    0    0    930    1002    1003    
266    6.5999999999999991508e-05    5.9999999999999994744e-05    0.00011100000000000000112    4    227    227    277    287    0    0    880    881    1004    1005    
267    0.00014199999999999998214    6.0999999999999998722e-05    0.00011100000000000000112    19    180    185    191    211    221    232    232    238    259    261    261    261    273    273    280    293    317    319    342    0    0    721    735    759    829    863    906    907    931    974    984    985    986    1006    1007    1008    1009    1010    1011    1012    
268    6.8999999999999996666e-05    9.4999999999999991678e-05    0.00011100000000000000112    7    203    214    230    258    274    287    305    0    0    802    834    896    972    1013    1014    1015    
269    9.000000000000000228e-06    0.00010600000000000000156    0.00011100000000000000112    4    229    229    309    309    0    0    891    892    1016    1017    
270    0.00015699999999999999438    0.00019499999999999999647    0.00011100000000000000112    5    249    263    276    312    339    0    0    962    993    1018    1019    1020    
271    0.00010799999999999999596    1.8999999999999997658e-05    0.00011199999999999999832    10    232    243    244    260    296    298    298    304    304    307    0    0    908    945    946    978    1021    1022    1023    1024    1025    1026    
272    1.6999999999999999866e-05    9.000000000000000228e-06    0.00011299999999999999552    3    208    220    279    0    0    822    857    1027    
273    0.00018499999999999999735    4.4999999999999996058e-05    0.00011299999999999999552    10    211    213    216    238    267    267    314    314    317    342    0    0    830    832    842    932    1006    1007    1028    1029    1030    1031    
274    4.6999999999999997238e-05    7.7000000000000001386e-05    0.00011399999999999999272    7    214    223    248    248    268    287    297    0    0    835    868    953    954    1013    1032    1033    
275    0.0001659999999999999963    0.0001259999999999999998    0.00011399999999999999272    16    198    224    239    241    263    263    292    294    294    294    300    310    321    321    321    354    0    0    782    869    936    941    994    995    1034    1035    1036    1037    1038    1039    1040    1041    1042    1043    
276    0.00013799999999999999333    0.00017799999999999998983    0.00011399999999999999272    10    199    199    199    234    263    270    282    324    339    354    0    0    789    790    791    914    996    1018    1044    1045    1046    1047    
277    6.5999999999999991508e-05    4.999999999999999562e-05    0.00011499999999999998993    4    227    266    359    359    0    0    882    1004    1048    1049    
278    0.00017499999999999999822    9.000000000000000228e-06    0.00011600000000000000068    5    216    237    237    299    317    0    0    843    926    927    1050    1051    
279    1.399999999999999979e-05    2.799999999999999958e-05    0.00011600000000000000068    13    190    208    219    219    220    220    226    248    248    272    326    330    330    0    0    756    823    853    854    858    859    876    955    956    1027    1052    1053    1054    
280    0.00011600000000000000068    5.4999999999999995182e-05    0.00011699999999999999788    7    221    259    267    308    318    319    370    0    0    864    975    1008    1055    1056    1057    1058    
281    0.00019599999999999999367    5.9999999999999994744e-05    0.00011699999999999999788    1    238    0    0    933    
282    0.00014999999999999998686    0.00016199999999999998039    0.00011699999999999999788    8    189    217    234    234    263    276    310    354    0    0    754    848    915    916    997    1044    1059    1060    
283    3.000000000000000076e-06    0.0001240000000000000054    0.00011799999999999999508    1    284    0    0    1061    
284    1.8999999999999997658e-05    0.00013799999999999999333    0.00011799999999999999508    14    203    204    233    233    233    235    250    283    288    289    320    340    341    374    0    0    803    811    910    911    912    918    964    1061    1062    1063    1064    1065    1066    1067    
285    6.7000000000000002262e-05    0.0001649999999999999991    0.00011799999999999999508    11    204    235    235    235    254    288    289    301    303    303    325    0    0    812    919    920    921    969    1068    1069    1070    1071    1072    1073    
286    0.0001029999999999999964    0.0001250000000000000026    0.00011999999999999998949    5    230    242    295    315    316    0    0    897    944    1074    1075    1076    
287    5.4999999999999995182e-05    7.2000000000000001824e-05    0.00012100000000000000024    6    266    268    274    305    363    363    0    0    1005    1014    1032    1077    1078    1079    
288    4.3999999999999998856e-05    0.0001669999999999999935    0.00012100000000000000024    4    284    285    289    306    0    0    1062    1068    1080    1081    
289    3.8999999999999999294e-05    0.00018099999999999998143    0.00012100000000000000024    7    204    218    284    285    288    303    338    0    0    813    850    1063    1069    1080    1082    1083    
290    0.00017400000000000000102    0    0.00012199999999999999744    0    0    0    
291    5.399999999999999798e-05    0.00011899999999999999229    0.00012199999999999999744    5    203    230    230    302    336    0    0    804    898    899    1084    1085    
292    0.00019300000000000000207    0.00014300000000000000645    0.00012299999999999998109    4    263    275    354    354    0    0    998    1034    1086    1087    
293    0.00013999999999999998774    8.3999999999999995352e-05    0.0001240000000000000054    14    241    259    267    294    315    315    316    319    319    333    346    346    360    370    0    0    942    976    1009    1088    1089    1090    1091    1092    1093    1094    1095    1096    1097    1098    
294    0.0001649999999999999991    0.00010899999999999999316    0.0001240000000000000054    17    238    265    275    275    275    293    300    300    321    331    331    331    351    354    368    384    432    0    0    934    1002    1035    1036    1037    1088    1099    1100    1101    1102    1103    1104    1105    1106    1107    1108    1109    
295    0.00010899999999999999316    0.00014300000000000000645    0.0001240000000000000054    3    286    301    345    0    0    1074    1110    1111    
296    0.00011299999999999999552    1.0999999999999999714e-05    0.0001259999999999999998    8    244    260    271    298    304    307    313    334    0    0    947    979    1021    1112    1113    1114    1115    1116    
297    2.59999999999999984e-05    9.0999999999999989318e-05    0.0001259999999999999998    7    215    274    309    309    327    336    344    0    0    839    1033    1117    1118    1119    1120    1121    
298    0.00014099999999999998494    4.999999999999999562e-06    0.00012699999999999999701    6    237    271    271    296    307    366    0    0    928    1022    1023    1112    1122    1123    
299    0.00018699999999999999175    9.999999999999999124e-06    0.00012699999999999999701    4    216    278    314    329    0    0    844    1050    1124    1125    
300    0.00015799999999999999158    0.00014199999999999998214    0.00012699999999999999701    7    275    294    294    310    321    345    345    0    0    1038    1099    1100    1126    1127    1128    1129    
301    8.0999999999999990194e-05    0.00013199999999999998302    0.00012799999999999999421    11    230    231    285    295    302    328    332    332    347    361    373    0    0    900    902    1070    1110    1130    1131    1132    1133    1134    1135    1136    
302    6.7000000000000002262e-05    0.00013300000000000000732    0.00012799999999999999421    2    291    301    0    0    1084    1130    
303    7.5999999999999990632e-05    0.00019300000000000000207    0.00012799999999999999421    7    240    255    264    285    285    289    325    0    0    939    970    1000    1071    1072    1082    1137    
304    0.00010600000000000000156    6.000000000000000152e-06    0.00012899999999999999141    6    260    271    271    296    313    334    0    0    980    1024    1025    1113    1138    1139    
305    7.499999999999999343e-05    8.5999999999999989756e-05    0.00012899999999999999141    4    268    287    318    332    0    0    1015    1077    1140    1141    
306    4.6999999999999997238e-05    0.00014799999999999999246    0.00012899999999999999141    3    288    340    347    0    0    1081    1142    1143    
307    0.00014400000000000000365    2.0999999999999998838e-05    0.00012999999999999998861    9    261    261    271    296    298    317    355    366    366    0    0    987    988    1026    1114    1122    1144    1145    1146    1147    
308    9.6999999999999999634e-05    4.6000000000000000036e-05    0.00012999999999999998861    5    245    280    313    318    359    0    0    950    1055    1148    1149    1150    
309    1.29999999999999992e-05    0.0001039999999999999936    0.00012999999999999998861    12    229    250    269    269    297    297    327    327    336    340    353    357    0    0    893    965    1016    1017    1117    1118    1151    1152    1153    1154    1155    1156    
310    0.00014599999999999999805    0.00015300000000000000557    0.00012999999999999998861    7    275    282    300    321    324    345    345    0    0    1039    1059    1126    1157    1158    1159    1160    
311    0.00018199999999999997864    0.00018899999999999998615    0.00012999999999999998861    5    249    263    354    354    354    0    0    963    999    1161    1162    1163    
312    0.00010899999999999999316    0.00019099999999999998056    0.00012999999999999998861    9    264    270    328    339    348    348    348    380    380    0    0    1001    1019    1164    1165    1166    1167    1168    1169    1170    
313    0.0001029999999999999964    2.1999999999999999428e-05    0.00013099999999999998581    4    296    304    308    334    0    0    1115    1138    1148    1171    
314    0.00018499999999999999735    2.799999999999999958e-05    0.00013099999999999998581    11    273    273    299    317    329    355    356    356    356    356    402    0    0    1028    1029    1124    1172    1173    1174    1175    1176    1177    1178    1179    
315    0.00011399999999999999272    0.00010100000000000000199    0.00013099999999999998581    6    286    293    293    316    332    346    0    0    1075    1089    1090    1180    1181    1182    
316    0.00012299999999999998109    0.00011100000000000000112    0.00013099999999999998581    3    286    293    315    0    0    1076    1091    1180    
317    0.00015999999999999998598    2.9999999999999997372e-05    0.00013199999999999998302    9    261    267    273    278    307    314    323    350    355    0    0    989    1010    1030    1051    1144    1172    1183    1184    1185    
318    9.8999999999999994038e-05    7.5999999999999990632e-05    0.00013199999999999998302    10    227    258    259    280    305    308    346    363    363    389    0    0    883    973    977    1056    1140    1149    1186    1187    1188    1189    
319    0.00013300000000000000732    6.3999999999999997104e-05    0.00013300000000000000732    7    261    267    280    293    293    370    370    0    0    990    1011    1057    1092    1093    1190    1191    
320    2.1999999999999999428e-05    0.00016300000000000000469    0.00013500000000000000173    3    284    341    374    0    0    1064    1192    1193    
321    0.00014999999999999998686    0.00012999999999999998861    0.00013599999999999999893    7    275    275    275    294    300    310    345    0    0    1040    1041    1042    1101    1127    1157    1194    
322    0.00019799999999999998808    0.00016199999999999998039    0.00013599999999999999893    0    0    0    
323    0.00015799999999999999158    4.2999999999999994878e-05    0.00013699999999999999613    4    261    317    342    350    0    0    991    1183    1195    1196    
324    0.00013799999999999999333    0.00017499999999999999822    0.00013699999999999999613    9    276    310    339    345    345    345    354    380    382    0    0    1045    1158    1197    1198    1199    1200    1201    1202    1203    
325    7.7000000000000001386e-05    0.00018599999999999999455    0.00013699999999999999613    4    285    303    328    438    0    0    1073    1137    1204    1205    
326    4.1999999999999997676e-05    6.000000000000000152e-06    0.00013799999999999999333    6    260    260    279    352    369    376    0    0    981    982    1052    1206    1207    1208    
327    7.999999999999999638e-06    7.899999999999999579e-05    0.00013799999999999999333    6    248    297    309    309    357    357    0    0    957    1119    1151    1152    1209    1210    
328    9.6000000000000002432e-05    0.00018400000000000000014    0.00013799999999999999333    9    301    312    325    348    362    373    373    380    398    0    0    1131    1164    1204    1211    1212    1213    1214    1215    1216    
329    0.00019799999999999998808    6.999999999999999895e-06    0.00013899999999999999053    2    299    314    0    0    1125    1173    
330    1.5999999999999999276e-05    3.8999999999999999294e-05    0.00013899999999999999053    10    248    248    248    279    279    369    369    372    372    372    0    0    958    959    960    1053    1054    1217    1218    1219    1220    1221    
331    0.00019300000000000000207    9.6999999999999999634e-05    0.00013899999999999999053    4    294    294    294    351    0    0    1102    1103    1104    1222    
332    7.7999999999999998588e-05    0.00011499999999999998993    0.00013899999999999999053    11    301    301    305    315    336    346    358    379    385    389    389    0    0    1132    1133    1141    1181    1223    1224    1225    1226    1227    1228    1229    
333    0.00015699999999999999438    6.7999999999999999464e-05    0.00013999999999999998774    3    293    342    351    0    0    1094    1230    1231    
334    0.00010600000000000000156    4.999999999999999562e-06    0.00014099999999999998494    6    296    304    313    359    366    391    0    0    1116    1139    1171    1232    1233    1234    
335    0.00010799999999999999596    2.59999999999999984e-05    0.00014099999999999998494    0    0    0    
336    3.2999999999999995754e-05    0.00012199999999999999744    0.00014099999999999998494    11    291    297    309    332    340    357    358    388    389    395    397    0    0    1085    1120    1153    1223    1235    1236    1237    1238    1239    1240    1241    
337    0    0.00019499999999999999647    0.00014099999999999998494    0    0    0    
338    3.6999999999999998114e-05    0.00018499999999999999735    0.00014199999999999998214    5    289    341    349    362    375    0    0    1083    1242    1243    1244    1245    
339    0.00014699999999999999525    0.00019300000000000000207    0.00014199999999999998214    7    270    276    312    324    354    380    380    0    0    1020    1046    1165    1197    1246    1247    1248    
340    2.59999999999999984e-05    0.00013999999999999998774    0.00014300000000000000645    9    250    284    306    309    336    358    374    388    395    0    0    966    1065    1142    1154    1235    1249    1250    1251    1252    
341    1.0999999999999999714e-05    0.00017599999999999999542    0.00014300000000000000645    6    284    320    338    349    374    374    0    0    1066    1192    1242    1253    1254    1255    
342    0.00017899999999999998703    4.6999999999999997238e-05    0.00014400000000000000365    10    267    273    323    333    343    350    356    371    392    399    0    0    1012    1031    1195    1230    1256    1257    1258    1259    1260    1261    
343    0.00018999999999999998336    6.2999999999999999902e-05    0.00014400000000000000365    5    238    265    342    351    371    0    0    935    1003    1256    1262    1263    
344    3.2999999999999995754e-05    8.2000000000000000948e-05    0.00014400000000000000365    7    297    357    363    372    389    389    409    0    0    1121    1264    1265    1266    1267    1268    1269    
345    0.00013899999999999999053    0.00014699999999999999525    0.00014400000000000000365    13    295    300    300    310    310    321    324    324    324    364    377    382    400    0    0    1111    1128    1129    1159    1160    1194    1198    1199    1200    1270    1271    1272    1273    
346    0.00011499999999999998993    7.9999999999999992992e-05    0.00014500000000000000085    11    293    293    315    318    332    359    360    370    379    394    426    0    0    1095    1096    1182    1186    1224    1274    1275    1276    1277    1278    1279    
347    5.9999999999999994744e-05    0.00015899999999999998878    0.00014599999999999999805    6    301    306    358    362    373    388    0    0    1134    1143    1280    1281    1282    1283    
348    0.00011499999999999998993    0.00018499999999999999735    0.00014599999999999999805    7    312    312    312    328    380    382    398    0    0    1166    1167    1168    1211    1284    1285    1286    
349    1.4999999999999998686e-05    0.00018899999999999998615    0.00014599999999999999805    6    338    341    374    374    375    378    0    0    1243    1253    1287    1288    1289    1290    
350    0.00015799999999999999158    4.2999999999999994878e-05    0.00014699999999999999525    7    317    323    342    355    356    392    392    0    0    1184    1196    1257    1291    1292    1293    1294    
351    0.00017599999999999999542    7.5999999999999990632e-05    0.00014699999999999999525    8    294    331    333    343    371    371    384    387    0    0    1105    1222    1231    1262    1295    1296    1297    1298    
352    4.999999999999999562e-05    2.900000000000000017e-05    0.00014799999999999999246    2    326    381    0    0    1206    1299    
353    3.999999999999999819e-06    0.00011699999999999999788    0.00014799999999999999246    5    309    357    365    365    395    0    0    1155    1300    1301    1302    1303    
354    0.00017400000000000000102    0.00017199999999999997951    0.00014799999999999999246    20    275    276    282    292    292    294    311    311    311    324    339    364    380    383    383    383    424    432    455    462    0    0    1043    1047    1060    1086    1087    1106    1161    1162    1163    1201    1246    1304    1305    1306    1307    1308    1309    1310    1311    1312    
355    0.00016199999999999998039    4.999999999999999562e-06    0.00014899999999999998966    8    307    314    317    350    356    356    366    386    0    0    1145    1174    1185    1291    1313    1314    1315    1316    
356    0.00017699999999999999263    2.799999999999999958e-05    0.00014899999999999998966    8    314    314    314    314    342    350    355    355    0    0    1175    1176    1177    1178    1258    1292    1313    1314    
357    1.8000000000000000456e-05    9.6999999999999999634e-05    0.00014899999999999998966    10    309    327    327    336    344    353    365    372    372    389    0    0    1156    1209    1210    1236    1264    1300    1317    1318    1319    1320    
358    5.19999999999999968e-05    0.00013400000000000000452    0.00014899999999999998966    6    332    336    340    347    385    397    0    0    1225    1237    1249    1280    1321    1322    
359    7.499999999999999343e-05    3.3999999999999999732e-05    0.00015099999999999998406    20    227    227    245    260    277    277    308    334    346    363    370    370    370    376    391    394    403    405    405    425    0    0    884    885    951    983    1048    1049    1150    1232    1274    1323    1324    1325    1326    1327    1328    1329    1330    1331    1332    1333    
360    0.00013400000000000000452    0.00010699999999999999876    0.00015099999999999998406    4    293    346    368    423    0    0    1097    1275    1334    1335    
361    0.00010100000000000000199    0.00014599999999999999805    0.00015099999999999998406    3    301    373    396    0    0    1135    1336    1337    
362    5.8999999999999997542e-05    0.00018300000000000000294    0.00015099999999999998406    6    328    338    347    373    375    438    0    0    1212    1244    1281    1338    1339    1340    
363    5.6999999999999996362e-05    5.6999999999999996362e-05    0.00015400000000000000277    9    227    287    287    318    318    344    359    406    409    0    0    886    1078    1079    1187    1188    1265    1323    1341    1342    
364    0.0001640000000000000019    0.00015300000000000000557    0.00015400000000000000277    5    345    354    380    400    432    0    0    1270    1304    1343    1344    1345    
365    3.999999999999999819e-06    0.0001019999999999999992    0.00015499999999999999997    4    353    353    357    435    0    0    1301    1302    1317    1346    
366    0.0001250000000000000026    2.4000000000000000608e-05    0.00015599999999999999718    10    298    307    307    334    355    370    370    386    391    391    0    0    1123    1146    1147    1233    1315    1347    1348    1349    1350    1351    
367    0.00014699999999999999525    4.999999999999999562e-05    0.00015599999999999999718    0    0    0    
368    0.00014699999999999999525    0.00010999999999999999036    0.00015599999999999999718    8    294    360    384    400    400    400    415    423    0    0    1107    1334    1352    1353    1354    1355    1356    1357    
369    1.29999999999999992e-05    1.399999999999999979e-05    0.00015699999999999999438    8    326    330    330    376    381    414    425    441    0    0    1207    1217    1218    1358    1359    1360    1361    1362    
370    0.00012699999999999999701    6.3999999999999997104e-05    0.00015699999999999999438    19    261    280    293    319    319    346    359    359    359    366    366    384    403    403    423    423    434    452    453    0    0    992    1058    1098    1190    1191    1276    1324    1325    1326    1347    1348    1363    1364    1365    1366    1367    1368    1369    1370    
371    0.00018300000000000000294    6.5999999999999991508e-05    0.00015699999999999999438    11    342    343    351    351    384    387    399    399    410    419    419    0    0    1259    1263    1295    1296    1371    1372    1373    1374    1375    1376    1377    
372    1.0999999999999999714e-05    6.8999999999999996666e-05    0.00015699999999999999438    10    330    330    330    344    357    357    409    414    414    446    0    0    1219    1220    1221    1266    1318    1319    1378    1379    1380    1381    
373    7.899999999999999579e-05    0.0001649999999999999991    0.00015699999999999999438    9    301    328    328    347    361    362    388    398    420    0    0    1136    1213    1214    1282    1336    1338    1382    1383    1384    
374    7.999999999999999638e-06    0.00017199999999999997951    0.00015699999999999999438    11    284    320    340    341    341    349    349    378    395    429    430    0    0    1067    1193    1250    1254    1255    1287    1288    1385    1386    1387    1388    
375    4.4999999999999996058e-05    0.00019300000000000000207    0.00015699999999999999438    4    338    349    362    439    0    0    1245    1289    1339    1389    
376    5.399999999999999798e-05    6.000000000000000152e-06    0.00015799999999999999158    8    326    359    369    381    393    425    425    425    0    0    1208    1327    1358    1390    1391    1392    1393    1394    
377    0.00011899999999999999229    0.00015699999999999999438    0.00015899999999999998878    6    345    382    382    396    398    411    0    0    1271    1395    1396    1397    1398    1399    
378    6.000000000000000152e-06    0.00019200000000000000486    0.00015899999999999998878    3    349    374    439    0    0    1290    1385    1400    
379    8.8999999999999994914e-05    0.0001049999999999999908    0.00015999999999999998598    6    332    346    389    394    407    408    0    0    1226    1277    1401    1402    1403    1404    
380    0.00014099999999999998494    0.00017699999999999999263    0.00015999999999999998598    19    312    312    324    328    339    339    348    354    364    382    382    383    398    411    420    438    438    449    455    0    0    1169    1170    1202    1215    1247    1248    1284    1305    1343    1405    1406    1407    1408    1409    1410    1411    1412    1413    1414    
381    2.799999999999999958e-05    3.2999999999999995754e-05    0.00016099999999999998319    7    352    369    376    393    414    425    425    0    0    1299    1359    1390    1415    1416    1417    1418    
382    0.00012799999999999999421    0.0001669999999999999935    0.00016099999999999998319    10    324    345    348    377    377    380    380    398    411    411    0    0    1203    1272    1285    1395    1396    1405    1406    1419    1420    1421    
383    0.00018699999999999999175    0.00019300000000000000207    0.00016099999999999998319    6    354    354    354    380    424    455    0    0    1306    1307    1308    1407    1422    1423    
384    0.0001649999999999999991    8.4999999999999992554e-05    0.00016199999999999998039    7    294    351    368    370    371    387    419    0    0    1108    1297    1352    1363    1371    1424    1425    
385    7.2000000000000001824e-05    0.00012899999999999999141    0.00016199999999999998039    6    332    358    397    404    408    428    0    0    1227    1321    1426    1427    1428    1429    
386    0.0001679999999999999907    6.000000000000000152e-06    0.0001640000000000000019    11    355    366    401    401    402    403    418    444    448    450    459    0    0    1316    1349    1430    1431    1432    1433    1434    1435    1436    1437    1438    
387    0.00017899999999999998703    8.7999999999999997712e-05    0.0001640000000000000019    6    351    371    384    415    421    436    0    0    1298    1372    1424    1439    1440    1441    
388    5.800000000000000034e-05    0.00015599999999999999718    0.0001640000000000000019    8    336    340    347    373    429    431    437    467    0    0    1238    1251    1283    1382    1442    1443    1444    1445    
389    6.0999999999999998722e-05    9.2999999999999997274e-05    0.0001649999999999999991    12    318    332    332    336    344    344    357    379    407    408    412    456    0    0    1189    1228    1229    1239    1267    1268    1320    1401    1446    1447    1448    1449    
390    0.00019899999999999998528    9.2999999999999997274e-05    0.0001649999999999999991    0    0    0    
391    0.00011100000000000000112    1.29999999999999992e-05    0.0001659999999999999963    5    334    359    366    366    401    0    0    1234    1328    1350    1351    1450    
392    0.00017699999999999999263    4.1000000000000000474e-05    0.0001659999999999999963    6    342    350    350    399    402    418    0    0    1260    1293    1294    1451    1452    1453    
393    3.4999999999999996934e-05    1.5999999999999999276e-05    0.0001669999999999999935    2    376    381    0    0    1391    1415    
394    8.700000000000000051e-05    7.3999999999999996228e-05    0.0001669999999999999935    5    346    359    379    407    426    0    0    1278    1329    1402    1454    1455    
395    9.000000000000000228e-06    0.00012999999999999998861    0.0001669999999999999935    5    336    340    353    374    435    0    0    1240    1252    1303    1386    1456    
396    0.00011100000000000000112    0.00015099999999999998406    0.0001669999999999999935    5    361    377    398    411    416    0    0    1337    1397    1457    1458    1459    
397    4.6999999999999997238e-05    0.0001250000000000000026    0.0001679999999999999907    4    336    358    385    428    0    0    1241    1322    1426    1460    
398    0.0001029999999999999964    0.00016199999999999998039    0.0001679999999999999907    11    328    348    373    377    380    382    396    411    420    437    437    0    0    1216    1286    1383    1398    1408    1419    1457    1461    1462    1463    1464    
399    0.00019200000000000000486    5.6999999999999996362e-05    0.00016899999999999998791    8    342    371    371    392    410    418    419    419    0    0    1261    1373    1374    1451    1465    1466    1467    1468    
400    0.00015099999999999998406    0.00013899999999999999053    0.00016899999999999998791    11    345    364    368    368    368    415    417    423    423    432    442    0    0    1273    1344    1353    1354    1355    1469    1470    1471    1472    1473    1474    
401    0.00012899999999999999141    4.999999999999999562e-06    0.00016999999999999998511    3    386    386    391    0    0    1430    1431    1450    
402    0.00018499999999999999735    2.0999999999999998838e-05    0.00016999999999999998511    7    314    386    392    418    450    450    458    0    0    1179    1432    1452    1475    1476    1477    1478    
403    0.00012199999999999999744    3.8999999999999999294e-05    0.00016999999999999998511    8    359    370    370    386    426    426    434    448    0    0    1330    1364    1365    1433    1479    1480    1481    1482    
404    8.299999999999999815e-05    0.00014599999999999999805    0.00017099999999999998231    2    385    437    0    0    1427    1483    
405    8.700000000000000051e-05    3.1999999999999998552e-05    0.00017199999999999997951    6    359    359    406    425    426    426    0    0    1331    1332    1484    1485    1486    1487    
406    6.20000000000000027e-05    5.4999999999999995182e-05    0.00017199999999999997951    5    363    405    407    426    445    0    0    1341    1484    1488    1489    1490    
407    6.7999999999999999464e-05    8.299999999999999815e-05    0.00017300000000000000382    15    0    0    0    379    389    394    406    409    412    426    445    445    453    453    460    0    1    71    72    73    1403    1446    1454    1488    1491    1492    1493    1494    1495    1496    1497    1498    
408    7.5999999999999990632e-05    0.00011799999999999999508    0.00017300000000000000382    8    379    385    389    412    428    428    447    460    0    0    1404    1428    1447    1499    1500    1501    1502    1503    
409    3.6999999999999998114e-05    6.7000000000000002262e-05    0.00017400000000000000102    8    344    363    372    407    414    425    445    456    0    0    1269    1342    1378    1491    1504    1505    1506    1507    
410    0.00019599999999999999367    7.499999999999999343e-05    0.00017400000000000000102    4    371    399    419    421    0    0    1375    1465    1508    1509    
411    0.00013500000000000000173    0.00015899999999999998878    0.00017499999999999999822    9    377    380    382    382    396    398    417    420    468    0    0    1399    1409    1420    1421    1458    1461    1510    1511    1512    
412    5.0999999999999999598e-05    0.0001029999999999999964    0.00017599999999999999542    6    389    407    408    431    456    460    0    0    1448    1492    1499    1513    1514    1515    
413    1.9999999999999999095e-06    0.00018499999999999999735    0.00017599999999999999542    0    0    0    
414    6.999999999999999895e-06    5.3000000000000000778e-05    0.00017699999999999999263    7    369    372    372    381    409    425    463    0    0    1360    1379    1380    1416    1504    1516    1517    
415    0.00018699999999999999175    0.00010899999999999999316    0.00017799999999999998983    7    368    387    400    432    442    442    472    0    0    1356    1439    1469    1518    1519    1520    1521    
416    0.00011499999999999998993    0.00012999999999999998861    0.00017799999999999998983    7    396    417    437    447    451    451    461    0    0    1459    1522    1523    1524    1525    1526    1527    
417    0.00013799999999999999333    0.00014300000000000000645    0.00017799999999999998983    4    400    411    416    451    0    0    1470    1510    1522    1528    
418    0.00017899999999999998703    3.100000000000000135e-05    0.00017899999999999998703    7    386    392    399    402    444    450    458    0    0    1434    1453    1466    1475    1529    1530    1531    
419    0.00017400000000000000102    6.9999999999999993868e-05    0.00017899999999999998703    9    371    371    384    399    399    410    421    427    436    0    0    1376    1377    1425    1467    1468    1508    1532    1533    1534    
420    9.8999999999999994038e-05    0.0001669999999999999935    0.00017899999999999998703    8    373    380    398    411    437    437    438    468    0    0    1384    1410    1462    1511    1535    1536    1537    1538    
421    0.00019399999999999999927    8.3999999999999995352e-05    0.00017999999999999998423    5    387    410    419    436    454    0    0    1440    1509    1532    1539    1540    
422    0.0001029999999999999964    0.0001049999999999999908    0.00017999999999999998423    3    447    447    453    0    0    1541    1542    1543    
423    0.00012899999999999999141    0.00010899999999999999316    0.00017999999999999998423    16    0    360    368    370    370    400    400    436    442    451    453    457    457    461    471    471    0    1    74    1335    1357    1366    1367    1471    1472    1544    1545    1546    1547    1548    1549    1550    1551    1552    
424    0.00019300000000000000207    0.00017199999999999997951    0.00017999999999999998423    4    0    354    383    462    0    1    75    1309    1422    1553    
425    5.800000000000000034e-05    1.5999999999999999276e-05    0.00018099999999999998143    17    0    0    0    359    369    376    376    376    381    381    405    409    414    445    459    459    463    0    1    76    77    78    1333    1361    1392    1393    1394    1417    1418    1485    1505    1516    1554    1555    1556    1557    
426    0.0001049999999999999908    5.3000000000000000778e-05    0.00018099999999999998143    12    346    394    403    403    405    405    406    407    434    452    453    459    0    0    1279    1455    1479    1480    1486    1487    1489    1493    1558    1559    1560    1561    
427    0.00015999999999999998598    6.0999999999999998722e-05    0.00018099999999999998143    6    419    433    434    452    457    464    0    0    1533    1562    1563    1564    1565    1566    
428    5.4999999999999995182e-05    0.00013199999999999998302    0.00018099999999999998143    8    385    397    408    408    437    447    466    467    0    0    1429    1460    1500    1501    1567    1568    1569    1570    
429    1.5999999999999999276e-05    0.00015599999999999999718    0.00018099999999999998143    8    0    0    374    388    430    466    467    473    0    1    79    80    1387    1442    1571    1572    1573    1574    
430    2.4000000000000000608e-05    0.00016999999999999998511    0.00018099999999999998143    3    374    429    439    0    0    1388    1571    1575    
431    3.3999999999999999732e-05    0.00011699999999999999788    0.00018199999999999997864    4    0    388    412    435    0    1    81    1443    1513    1576    
432    0.00019300000000000000207    0.00014500000000000000085    0.00018199999999999997864    10    0    294    354    364    400    415    442    462    462    478    0    1    82    1109    1310    1345    1473    1518    1577    1578    1579    1580    
433    0.00015599999999999999718    5.0999999999999999598e-05    0.00018300000000000000294    10    0    427    434    444    444    448    454    464    470    470    0    1    83    1562    1581    1582    1583    1584    1585    1586    1587    1588    
434    0.00013599999999999999893    5.399999999999999798e-05    0.00018300000000000000294    6    370    403    426    427    433    452    0    0    1368    1481    1558    1563    1581    1589    
435    7.999999999999999638e-06    0.00011100000000000000112    0.00018300000000000000294    5    365    395    431    446    473    0    0    1346    1456    1576    1590    1591    
436    0.00017400000000000000102    8.7999999999999997712e-05    0.00018400000000000000014    8    0    387    419    421    423    464    464    472    0    1    84    1441    1534    1539    1544    1592    1593    1594    
437    9.2999999999999997274e-05    0.00014599999999999999805    0.00018400000000000000014    17    0    0    388    398    398    404    416    420    420    428    438    443    447    447    467    468    468    0    1    85    86    1444    1463    1464    1483    1523    1535    1536    1567    1595    1596    1597    1598    1599    1600    1601    
438    6.7999999999999999464e-05    0.00019399999999999999927    0.00018400000000000000014    12    0    325    362    380    380    420    437    439    440    440    443    443    0    1    87    1205    1340    1411    1412    1537    1595    1602    1603    1604    1605    1606    
439    4.1999999999999997676e-05    0.00019099999999999998056    0.00018499999999999999735    6    375    378    430    438    443    475    0    0    1389    1400    1575    1602    1607    1608    
440    0.0001029999999999999964    0.00019599999999999999367    0.00018499999999999999735    4    0    438    438    449    0    1    88    1603    1604    1609    
441    3.999999999999999819e-06    6.999999999999999895e-06    0.00018599999999999999455    3    0    369    463    0    1    89    1362    1610    
442    0.00016099999999999998319    0.00012199999999999999744    0.00018599999999999999455    10    0    0    400    415    415    423    432    451    462    465    0    1    90    91    1474    1519    1520    1545    1577    1611    1612    1613    
443    5.399999999999999798e-05    0.00017599999999999999542    0.00018599999999999999455    6    0    437    438    438    439    467    0    1    92    1596    1605    1606    1607    1614    
444    0.00015699999999999999438    2.799999999999999958e-05    0.00018699999999999999175    9    0    386    418    433    433    448    450    459    470    0    1    93    1435    1529    1582    1583    1615    1616    1617    1618    
445    4.8999999999999998418e-05    5.0999999999999999598e-05    0.00018699999999999999175    7    0    406    407    407    409    425    456    0    1    94    1490    1494    1495    1506    1554    1619    
446    1.2000000000000000304e-05    9.2000000000000000072e-05    0.00018699999999999999175    6    0    372    435    456    456    473    0    1    95    1381    1590    1620    1621    1622    
447    9.0999999999999989318e-05    0.0001250000000000000026    0.00018699999999999999175    12    0    0    0    408    416    422    422    428    437    437    461    474    0    1    96    97    98    1502    1524    1541    1542    1568    1597    1598    1623    1624    
448    0.00012699999999999999701    3.4999999999999996934e-05    0.00018799999999999998895    6    386    403    433    444    459    459    0    0    1436    1482    1584    1615    1625    1626    
449    0.0001240000000000000054    0.00018999999999999998336    0.00018799999999999998895    4    0    380    440    468    0    1    99    1413    1609    1627    
450    0.0001679999999999999907    6.999999999999999895e-06    0.00018899999999999998615    11    0    0    386    402    402    418    444    458    458    476    476    0    1    100    101    1437    1476    1477    1530    1616    1628    1629    1630    1631    
451    0.00013599999999999999893    0.00013300000000000000732    0.00018899999999999998615    10    0    416    416    417    423    442    461    461    465    468    0    1    102    1525    1526    1528    1546    1611    1632    1633    1634    1635    
452    0.0001259999999999999998    6.3999999999999997104e-05    0.00018999999999999998336    7    0    370    426    427    434    453    457    0    1    103    1369    1559    1564    1589    1636    1637    
453    0.00011199999999999999832    8.8999999999999994914e-05    0.00018999999999999998336    9    0    370    407    407    422    423    426    452    457    0    1    104    1370    1496    1497    1543    1547    1560    1636    1638    
454    0.00019499999999999999647    5.6999999999999996362e-05    0.00019099999999999998056    7    0    0    421    433    458    458    477    0    1    105    106    1540    1585    1639    1640    1641    
455    0.00018199999999999997864    0.00019300000000000000207    0.00019099999999999998056    7    0    0    0    354    380    383    468    0    1    107    108    109    1311    1414    1423    1642    
456    2.900000000000000017e-05    8.299999999999999815e-05    0.00019300000000000000207    9    0    0    389    409    412    445    446    446    469    0    1    110    111    1449    1507    1514    1619    1620    1621    1643    
457    0.00013300000000000000732    8.3999999999999995352e-05    0.00019300000000000000207    6    0    423    423    427    452    453    0    1    112    1548    1549    1565    1637    1638    
458    0.00019200000000000000486    2.0999999999999998838e-05    0.00019399999999999999927    8    0    402    418    450    450    454    454    470    0    1    113    1478    1531    1628    1629    1639    1640    1644    
459    0.00010600000000000000156    2.59999999999999984e-05    0.00019399999999999999927    8    0    386    425    425    426    444    448    448    0    1    114    1438    1555    1556    1561    1617    1625    1626    
460    6.8999999999999996666e-05    0.00010999999999999999036    0.00019399999999999999927    5    0    407    408    412    474    0    1    115    1498    1503    1515    1645    
461    0.00010899999999999999316    0.00012199999999999999744    0.00019399999999999999927    8    0    0    0    416    423    447    451    451    0    1    116    117    118    1527    1550    1623    1632    1633    
462    0.00017400000000000000102    0.0001659999999999999963    0.00019399999999999999927    7    0    354    424    432    432    442    465    0    1    119    1312    1553    1578    1579    1612    1646    
463    1.0999999999999999714e-05    1.6999999999999999866e-05    0.00019499999999999999647    5    0    414    425    441    469    0    1    120    1517    1557    1610    1647    
464    0.00015999999999999998598    7.9999999999999992992e-05    0.00019499999999999999647    6    0    427    433    436    436    471    0    1    121    1566    1586    1592    1593    1648    
465    0.00014899999999999998966    0.00015599999999999999718    0.00019499999999999999647    5    0    442    451    462    468    0    1    122    1613    1634    1646    1649    
466    4.3999999999999998856e-05    0.00014199999999999998214    0.00019599999999999999367    4    0    428    429    467    0    1    123    1569    1572    1650    
467    6.20000000000000027e-05    0.00015099999999999998406    0.00019599999999999999367    8    0    388    428    429    437    443    466    474    0    1    124    1445    1570    1573    1599    1614    1650    1651    
468    0.00011600000000000000068    0.0001659999999999999963    0.00019599999999999999367    9    0    411    420    437    437    449    451    455    465    0    1    125    1512    1538    1600    1601    1627    1635    1642    1649    
469    2.0999999999999998838e-05    3.9999999999999996496e-05    0.00019699999999999999087    3    0    456    463    0    1    126    1643    1647    
470    0.0001659999999999999963    3.3999999999999999732e-05    0.00019799999999999998808    5    0    433    433    444    458    0    1    127    1587    1588    1618    1644    
471    0.00015499999999999999997    0.0001029999999999999964    0.00019799999999999998808    4    0    423    423    464    0    1    128    1551    1552    1648    
472    0.00018999999999999998336    0.0001039999999999999936    0.00019799999999999998808    4    0    415    436    478    0    1    129    1521    1594    1652    
473    3.000000000000000076e-06    0.00013699999999999999613    0.00019799999999999998808    4    0    429    435    446    0    1    130    1574    1591    1622    
474    6.9999999999999993868e-05    0.00013999999999999998774    0.00019799999999999998808    4    0    447    460    467    0    1    131    1624    1645    1651    
475    3.999999999999999819e-06    0.00019499999999999999647    0.00019799999999999998808    2    0    439    0    1    132    1608    
476    0.00014699999999999999525    1.0999999999999999714e-05    0.00019899999999999998528    3    0    450    450    0    1    133    1630    1631    
477    0.00018199999999999997864    6.7999999999999999464e-05    0.00019899999999999998528    2    0    454    0    1    134    1641    
478    0.00019599999999999999367    0.00011899999999999999229    0.00019899999999999998528    3    0    432    472    0    1    135    1580    1652    
479    0.00018999999999999998336    1.9999999999999999095e-06    0.00019999999999999998248    1    0    0    1    136    
480    5.800000000000000034e-05    9.4999999999999991678e-05    0.00019999999999999998248    1    0    0    1    137    
481    0.00013699999999999999613    0.00019799999999999998808    0.00019999999999999998248    1    0    0    1    138    
482    3.9999999999999996496e-05    0.00019899999999999998528    0.00019999999999999998248    1    0    0    1    139    
