-0.917464 1.23199
3.5 3.62311
3.62311 3.62311
3.62311 3.74264
3.62311 3.62311
3.8589 3.8589
3.8589 3.8589
4.08258 4.39898
4.08258 4.08258
4.08258 4.08258
4.19042 4.19042
4.39898 4.39898
4.5 4.5
4.59902 4.59902
4.88516 4.97723
4.88516 4.88516
4.88516 4.97723
5.24456 5.24456
5.41608 5.90312
5.66441 5.82456
5.82456 5.90312
5.90312 5.90312
5.90312 5.90312
5.90312 6.98331
6.13325 6.13325
6.2082 6.28233
6.5 6.57107
6.64143 7.98528
6.64143 7.98528
6.78011 7.80662
6.78011 6.78011
6.84847 6.98331
6.84847 7.37401
6.98331 6.98331
7.04983 7.04983
7.04983 7.04983
7.18115 7.18115
7.31025 7.31025
7.56226 7.62404
9.3995 9.54988
9.54988 9.5995
