-2.50651 0.4983
-1.50503 0.498409
-1.50406 0.913857
-1.50374 0.913857
-0.917222 1.23199
-0.501898 0.497751
0.499011 0.499119
0.499525 0.913738
1.73607 1.94949
2.32843 2.32843
2.5 2.66228
2.5 2.5
2.5 2.5
2.5 2.66228
3.10555 3.10555
3.10555 3.10555
3.24166 3.24166
3.24166 3.24166
3.24166 3.62311
3.24166 3.8589
3.24166 3.24166
3.24166 3.62311
3.5 3.5
3.5 3.62311
3.5 3.5
3.5 3.5
3.5 3.5
3.62311 3.74264
3.62311 3.74264
3.62311 3.74264
3.62311 3.62311
3.62311 3.62311
3.62311 3.62311
3.62311 3.62311
3.62311 3.62311
3.62311 3.62311
3.62311 3.62311
3.62311 3.74264
3.62311 3.62311
3.62311 3.62311
3.62311 3.74264
3.74264 3.74264
3.74264 3.8589
3.74264 3.74264
3.74264 3.74264
3.74264 3.8589
3.74264 3.8589
3.74264 3.8589
3.74264 3.74264
3.74264 3.74264
3.8589 3.97214
3.8589 4.08258
3.8589 3.8589
3.8589 4.19042
3.8589 4.08258
3.8589 3.97214
3.8589 3.8589
3.8589 3.8589
3.8589 3.8589
3.8589 3.97214
3.97214 5.90312
3.97214 4.08258
3.97214 4.08258
3.97214 3.97214
3.97214 4.08258
3.97214 3.97214
3.97214 3.97214
3.97214 3.97214
4.08258 4.08258
4.08258 6.2082
4.08258 4.08258
4.08258 4.39898
4.08258 4.08258
4.08258 4.39898
4.08258 4.08258
4.08258 4.08258
4.08258 4.08258
4.08258 4.5
4.19042 4.39898
4.19042 4.19042
4.39898 4.88516
4.39898 4.5
4.39898 4.39898
4.39898 4.5
4.39898 4.39898
4.39898 4.59902
4.39898 4.59902
4.39898 4.39898
4.5 4.5
4.5 4.5
4.5 4.5
4.5 5.24456
4.5 4.59902
4.5 4.5
4.5 4.5
4.5 4.59902
4.5 4.5
4.5 4.5
4.5 4.5
4.5 5.90312
4.5 4.5
4.5 4.59902
4.5 4.5
4.5 4.5
4.5 7.62404
4.5 4.5
4.59902 4.69615
4.59902 4.59902
4.59902 4.59902
4.59902 4.88516
4.59902 4.59902
4.59902 5.66441
4.59902 4.59902
4.59902 4.59902
4.59902 4.59902
4.59902 5.33095
4.59902 4.59902
4.59902 4.69615
4.59902 4.59902
4.59902 4.69615
4.59902 4.69615
4.59902 4.59902
4.59902 4.59902
4.69615 4.88516
4.69615 4.69615
4.69615 4.69615
4.88516 4.88516
4.88516 4.88516
4.88516 5.66441
4.88516 4.88516
4.88516 4.88516
4.88516 4.88516
4.88516 6.7111
4.88516 4.97723
4.88516 4.97723
4.88516 4.88516
4.88516 4.88516
4.88516 4.88516
4.88516 5.24456
4.88516 4.88516
4.88516 4.97723
4.88516 4.97723
4.88516 4.88516
4.88516 4.88516
4.88516 4.88516
4.88516 4.88516
4.88516 4.97723
4.88516 4.88516
4.88516 4.88516
4.88516 4.88516
4.88516 4.88516
4.97723 4.97723
4.97723 4.97723
4.97723 5.24456
4.97723 4.97723
4.97723 7.98528
4.97723 4.97723
5.15685 5.15685
5.15685 5.15685
5.15685 5.15685
5.15685 5.15685
5.24456 5.33095
5.24456 5.24456
5.24456 5.24456
5.24456 5.33095
5.24456 5.33095
5.24456 5.33095
5.24456 5.24456
5.24456 5.24456
5.24456 5.24456
5.24456 5.33095
5.33095 5.90312
5.33095 5.41608
5.33095 5.33095
5.41608 5.90312
5.41608 5.5
5.5 5.5
5.5 5.5
5.5 5.66441
5.5 5.5
5.58276 5.58276
5.58276 5.66441
5.58276 6.98331
5.58276 5.66441
5.58276 5.82456
5.58276 5.58276
5.66441 5.98074
5.66441 5.66441
5.66441 5.66441
5.66441 7.37401
5.66441 5.98074
5.66441 5.82456
5.66441 5.90312
5.66441 6.2082
5.66441 5.82456
5.66441 5.98074
5.82456 5.90312
5.82456 5.90312
5.82456 7.11577
5.82456 5.90312
5.82456 5.90312
5.90312 6.84847
5.90312 5.90312
5.90312 5.90312
5.90312 5.90312
5.90312 5.90312
5.90312 8.98683
5.90312 5.90312
5.90312 5.90312
5.90312 5.90312
5.90312 6.98331
5.90312 5.90312
5.90312 7.37401
5.90312 5.90312
5.90312 5.90312
5.90312 5.90312
5.98074 5.98074
5.98074 6.2082
5.98074 6.5
5.98074 5.98074
6.05744 6.2082
6.05744 6.2082
6.05744 6.13325
6.05744 6.13325
6.05744 6.57107
6.13325 6.28233
6.13325 6.2082
6.13325 6.13325
6.13325 6.13325
6.13325 6.2082
6.13325 6.2082
6.13325 6.2082
6.2082 6.28233
6.2082 6.2082
6.2082 6.2082
6.2082 6.28233
6.2082 6.2082
6.28233 6.5
6.28233 7.31025
6.28233 6.28233
6.28233 6.5
6.4282 6.5
6.5 7.31025
6.5 6.5
6.5 7.56226
6.5 6.5
6.5 6.5
6.5 6.5
6.5 6.57107
6.57107 6.57107
6.57107 6.57107
6.57107 6.7111
6.57107 6.57107
6.57107 6.57107
6.57107 6.78011
6.57107 6.78011
6.57107 7.04983
6.57107 7.98528
6.57107 6.57107
6.64143 6.98331
6.64143 6.84847
6.7111 6.7111
6.7111 6.78011
6.7111 7.37401
6.78011 6.84847
6.78011 7.18115
6.78011 6.78011
6.78011 7.80662
6.78011 6.78011
6.78011 6.84847
6.78011 6.84847
6.84847 7.04983
6.84847 7.04983
6.84847 6.84847
6.84847 6.98331
6.84847 7.37401
6.84847 6.98331
6.98331 6.98331
6.98331 7.31025
6.98331 6.98331
6.98331 7.18115
7.04983 7.04983
7.04983 7.04983
7.04983 7.74621
7.04983 7.04983
7.04983 7.18115
7.04983 7.04983
7.04983 7.04983
7.04983 7.98528
7.04983 7.11577
7.04983 10.6803
7.18115 7.37401
7.18115 7.18115
7.18115 7.37401
7.18115 7.37401
7.31025 7.31025
7.31025 9.5
7.31025 7.56226
7.31025 7.31025
7.31025 7.37401
7.31025 7.31025
7.31025 7.56226
7.31025 7.31025
7.31025 7.31025
7.31025 7.31025
7.31025 7.31025
7.31025 7.37401
7.31025 7.31025
7.31025 7.5
7.37401 7.37401
7.37401 7.56226
7.5 7.56226
7.5 7.56226
7.56226 7.56226
7.56226 7.62404
7.56226 7.56226
7.56226 7.62404
7.56226 7.74621
7.62404 7.62404
7.62404 7.68535
7.62404 7.62404
7.62404 8.16025
7.62404 8.33176
7.62404 8.044
7.62404 7.80662
7.74621 9.5
7.74621 8.10233
7.74621 9.74695
7.74621 7.80662
7.74621 7.74621
7.74621 7.74621
7.80662 7.8666
7.80662 8.71954
7.80662 7.8666
7.80662 7.98528
7.80662 7.98528
7.8666 8.10233
7.8666 8.10233
7.98528 8.27496
7.98528 9.29796
7.98528 8.044
7.98528 8.044
7.98528 7.98528
8.044 8.5
8.044 8.10233
8.10233 11.0326
8.10233 8.16025
8.10233 9.19536
8.10233 8.2178
8.10233 10.725
8.10233 8.33176
8.10233 8.5
8.16025 8.27496
8.16025 8.27496
8.16025 8.16025
8.2178 8.27496
8.27496 8.27496
8.27496 8.77362
8.33176 8.5
8.33176 8.5
8.33176 8.5
8.44427 8.44427
8.44427 8.44427
8.44427 8.5
8.5 8.5
8.5 8.93398
8.5 8.98683
8.5 8.71954
8.5 8.93398
8.55538 8.66515
8.61043 8.66515
8.61043 8.61043
8.66515 8.71954
8.66515 8.93398
8.71954 8.77362
8.77362 9.03939
8.93398 8.93398
8.93398 9.94031
8.93398 8.93398
8.93398 8.93398
8.98683 9.3995
9.34886 9.34886
9.34886 10.9455
9.3995 9.5
9.3995 9.3995
9.3995 9.74695
9.3995 9.74695
9.44987 9.79563
9.44987 9.5
9.54988 9.54988
9.54988 9.54988
9.54988 9.54988
9.69804 9.74695
9.74695 9.79563
9.8923 10.9455
9.94031 9.98809
9.94031 10.5454
9.98809 10.1301
10.1301 10.1301
10.1301 10.1301
10.1771 10.2703
10.1771 10.2703
10.1771 10.2703
10.2703 10.3167
10.3167 10.3167
10.5 10.6803
10.8137 10.8578
10.8578 10.9018
11.0758 11.7066
11.5416 11.5416
11.5416 11.6244
11.5416 11.583
11.583 11.583
11.7066 12.5384
11.9097 11.9499
12.03 12.1886
12.03 12.03
12.03 12.0698
