-2.67257 0.496246
-2.50863 0.497745
-2.50592 0.497745
-2.33805 0.913347
-2.3376 0.913426
-1.95761 1.23197
-1.9574 0.49853
-1.74292 0.498177
-1.74264 0.498465
-1.50667 0.497889
-1.50655 1.23189
-1.50635 0.496786
-1.50576 0.496246
-1.50567 1.73607
-1.50552 1.23189
-1.50538 0.913741
-1.50497 0.913741
-1.50372 0.496786
-1.23788 0.498911
-0.919557 0.498976
-0.919277 0.913662
-0.918525 0.913741
-0.918204 1.23197
-0.502518 0.497017
-0.501965 0.498386
0.497161 0.497326
0.497983 0.498582
0.498098 0.498163
0.498688 0.498832
0.49937 0.913583
0.913662 1.5
0.913741 0.913741
1.23189 1.5
1.23197 1.23197
1.5 1.5
1.5 1.73607
1.5 1.5
1.5 1.5
1.73607 1.73607
1.73607 2.32843
1.73607 1.73607
1.73607 1.73607
1.73607 1.73607
1.73607 1.73607
1.73607 1.73607
1.73607 1.94949
1.94949 2.32843
1.94949 2.32843
1.94949 2.32843
2.32843 2.32843
2.32843 2.32843
2.32843 2.32843
2.32843 2.32843
2.32843 2.32843
2.32843 2.5
2.32843 2.5
2.32843 2.32843
2.32843 2.32843
2.32843 2.32843
2.32843 2.32843
2.32843 2.32843
2.32843 2.5
2.5 2.5
2.5 2.5
2.5 2.81662
2.5 2.5
2.5 2.5
2.5 2.5
2.5 2.5
2.5 2.5
2.5 2.5
2.5 2.5
2.5 2.5
2.5 2.5
2.5 2.5
2.5 2.5
2.5 2.66228
2.5 2.81662
2.5 2.5
2.5 2.5
2.5 2.66228
2.5 2.66228
2.5 2.5
2.5 2.5
2.5 2.5
2.5 2.5
2.5 2.5
2.5 2.5
2.5 2.5
2.5 2.66228
2.5 2.66228
2.5 2.5
2.5 2.66228
2.66228 2.66228
2.66228 2.66228
2.66228 2.81662
2.66228 2.66228
2.66228 2.81662
2.66228 2.66228
2.66228 2.66228
2.66228 2.66228
2.66228 2.66228
2.66228 2.66228
2.66228 2.66228
2.66228 2.66228
2.66228 2.66228
2.66228 2.66228
2.66228 2.66228
2.66228 2.81662
2.66228 2.66228
2.66228 2.81662
2.66228 2.66228
2.66228 3.10555
2.66228 2.66228
2.66228 2.66228
2.66228 2.81662
2.66228 2.66228
2.66228 2.66228
2.66228 2.66228
2.66228 2.66228
2.66228 2.66228
2.66228 2.66228
2.81662 2.9641
2.81662 2.81662
2.81662 3.10555
2.81662 3.10555
2.81662 3.10555
2.81662 2.9641
2.81662 2.81662
2.81662 2.9641
2.81662 2.81662
2.81662 2.81662
2.9641 2.9641
2.9641 2.9641
2.9641 3.10555
2.9641 2.9641
2.9641 2.9641
2.9641 3.10555
2.9641 3.10555
3.10555 3.10555
3.10555 3.10555
3.10555 3.10555
3.10555 3.10555
3.10555 3.10555
3.10555 3.10555
3.10555 3.10555
3.10555 3.10555
3.10555 3.10555
3.10555 3.10555
3.10555 3.10555
3.10555 3.10555
3.10555 3.10555
3.10555 3.10555
3.10555 3.10555
3.10555 3.62311
3.10555 3.10555
3.10555 3.10555
3.10555 3.10555
3.10555 3.10555
3.10555 3.10555
3.10555 3.24166
3.10555 3.10555
3.10555 3.10555
3.10555 3.10555
3.10555 3.10555
3.10555 3.24166
3.10555 3.10555
3.10555 3.24166
3.10555 3.24166
3.10555 4.08258
3.24166 3.24166
3.24166 3.24166
3.24166 3.24166
3.24166 3.24166
3.24166 3.24166
3.24166 3.24166
3.24166 3.24166
3.24166 3.24166
3.24166 3.24166
3.24166 3.5
3.24166 3.24166
3.24166 3.24166
3.24166 3.24166
3.24166 3.24166
3.24166 3.24166
3.24166 3.24166
3.24166 3.24166
3.24166 3.24166
3.24166 3.24166
3.24166 3.24166
3.24166 3.24166
3.24166 3.24166
3.24166 3.24166
3.24166 3.24166
3.24166 3.24166
3.24166 3.24166
3.24166 3.5
3.24166 3.62311
3.24166 3.24166
3.24166 3.24166
3.24166 3.24166
3.24166 3.62311
3.24166 3.62311
3.24166 3.5
3.24166 3.74264
3.24166 3.62311
3.24166 3.24166
3.24166 3.24166
3.24166 3.24166
3.24166 3.24166
3.24166 3.62311
3.24166 3.62311
3.24166 3.24166
3.24166 3.62311
3.24166 3.24166
3.24166 3.8589
3.24166 3.24166
3.24166 3.24166
3.24166 3.24166
3.24166 3.24166
3.24166 3.5
3.24166 3.62311
3.24166 3.5
3.24166 3.24166
3.24166 3.5
3.24166 3.5
3.24166 3.62311
3.24166 3.24166
3.24166 3.24166
3.24166 3.24166
3.24166 3.24166
3.24166 3.74264
3.24166 3.62311
3.5 3.62311
3.5 4.08258
3.5 3.62311
3.5 3.5
3.5 3.62311
3.5 3.5
3.5 4.08258
3.5 3.5
3.5 3.5
3.5 3.62311
3.5 3.5
3.5 3.5
3.5 3.5
3.5 3.5
3.5 3.5
3.5 3.62311
3.5 3.62311
3.5 3.5
3.5 3.5
3.5 3.62311
3.5 3.5
3.5 3.5
3.5 3.62311
3.5 3.62311
3.5 3.62311
3.5 3.5
3.5 3.62311
3.5 3.8589
3.5 3.62311
3.5 3.62311
3.5 3.5
3.5 3.62311
3.5 3.62311
3.5 3.5
3.5 3.8589
3.5 3.62311
3.5 3.62311
3.5 3.5
3.5 3.62311
3.5 3.62311
3.5 3.5
3.5 3.5
3.5 3.5
3.5 3.62311
3.5 3.62311
3.5 3.62311
3.62311 3.62311
3.62311 3.62311
3.62311 3.62311
3.62311 3.62311
3.62311 3.62311
3.62311 3.62311
3.62311 3.62311
3.62311 3.62311
3.62311 3.74264
3.62311 3.62311
3.62311 3.62311
3.62311 3.62311
3.62311 3.74264
3.62311 3.62311
3.62311 3.62311
3.62311 3.62311
3.62311 3.62311
3.62311 4.08258
3.62311 3.62311
3.62311 3.62311
3.62311 3.62311
3.62311 3.62311
3.62311 3.62311
3.62311 3.62311
3.62311 3.62311
3.62311 3.62311
3.62311 3.62311
3.62311 3.62311
3.62311 3.62311
3.62311 3.62311
3.62311 3.74264
3.62311 3.62311
3.62311 3.62311
3.62311 3.62311
3.62311 3.62311
3.62311 3.8589
3.62311 3.74264
3.62311 3.74264
3.62311 3.62311
3.62311 3.62311
3.62311 3.62311
3.62311 3.62311
3.62311 3.62311
3.62311 3.62311
3.62311 3.62311
3.62311 3.74264
3.62311 3.74264
3.62311 3.8589
3.62311 3.74264
3.62311 3.8589
3.62311 4.39898
3.62311 3.62311
3.62311 3.62311
3.62311 3.74264
3.62311 3.62311
3.62311 3.62311
3.62311 3.62311
3.62311 3.62311
3.62311 3.62311
3.62311 3.8589
3.62311 3.62311
3.62311 3.62311
3.62311 3.8589
3.62311 3.62311
3.62311 3.62311
3.62311 3.62311
3.62311 3.62311
3.62311 3.62311
3.62311 3.62311
3.62311 3.62311
3.62311 3.8589
3.62311 3.62311
3.62311 3.74264
3.62311 3.74264
3.62311 3.74264
3.62311 3.8589
3.62311 3.62311
3.62311 3.62311
3.62311 3.74264
3.62311 3.62311
3.62311 3.62311
3.62311 3.74264
3.62311 3.74264
3.62311 3.74264
3.62311 3.8589
3.62311 3.97214
3.62311 3.62311
3.62311 3.62311
3.62311 3.62311
3.62311 3.62311
3.62311 3.74264
3.62311 3.62311
3.62311 3.74264
3.62311 3.62311
3.62311 3.74264
3.62311 3.62311
3.62311 3.62311
3.62311 5.66441
3.62311 3.62311
3.62311 3.62311
3.62311 3.62311
3.62311 3.62311
3.62311 3.62311
3.62311 3.62311
3.62311 3.62311
3.62311 3.62311
3.62311 3.62311
3.62311 3.74264
3.62311 3.62311
3.62311 3.62311
3.62311 3.62311
3.62311 3.62311
3.62311 3.62311
3.62311 3.62311
3.62311 3.74264
3.62311 3.62311
3.62311 3.74264
3.62311 3.74264
3.62311 3.74264
3.62311 3.62311
3.62311 3.62311
3.62311 3.62311
3.62311 3.97214
3.62311 3.74264
3.62311 3.62311
3.62311 3.62311
3.74264 3.8589
3.74264 3.74264
3.74264 3.74264
3.74264 3.74264
3.74264 3.74264
3.74264 3.8589
3.74264 3.74264
3.74264 6.98331
3.74264 3.74264
3.74264 4.39898
3.74264 3.74264
3.74264 3.74264
3.74264 4.08258
3.74264 3.8589
3.74264 3.97214
3.74264 3.97214
3.74264 3.74264
3.74264 4.08258
3.74264 3.74264
3.74264 3.74264
3.74264 3.97214
3.74264 4.19042
3.74264 3.74264
3.74264 3.8589
3.74264 4.19042
3.74264 3.74264
3.74264 3.74264
3.74264 3.97214
3.74264 3.74264
3.74264 3.8589
3.74264 3.74264
3.74264 3.8589
3.74264 3.8589
3.74264 3.74264
3.74264 6.78011
3.74264 5.5
3.74264 3.74264
3.74264 3.74264
3.74264 3.8589
3.74264 3.8589
3.74264 3.8589
3.74264 3.97214
3.74264 3.97214
3.74264 3.97214
3.74264 3.97214
3.74264 3.8589
3.74264 3.74264
3.74264 3.74264
3.74264 3.74264
3.74264 3.74264
3.74264 3.97214
3.74264 3.74264
3.74264 5.90312
3.74264 3.97214
3.74264 3.8589
3.74264 3.74264
3.74264 3.97214
3.74264 3.74264
3.74264 4.08258
3.74264 3.74264
3.74264 3.74264
3.74264 3.74264
3.74264 3.97214
3.8589 3.97214
3.8589 3.8589
3.8589 3.8589
3.8589 3.8589
3.8589 4.5
3.8589 3.97214
3.8589 5.90312
3.8589 3.97214
3.8589 4.08258
3.8589 3.8589
3.8589 3.8589
3.8589 4.19042
3.8589 3.97214
3.8589 4.08258
3.8589 4.08258
3.8589 4.19042
3.8589 4.08258
3.8589 3.8589
3.8589 3.97214
3.8589 3.97214
3.8589 3.97214
3.8589 3.8589
3.8589 3.8589
3.8589 3.97214
3.8589 4.08258
3.8589 3.97214
3.8589 3.8589
3.8589 3.8589
3.8589 3.97214
3.8589 3.8589
3.8589 3.8589
3.8589 4.08258
3.8589 3.8589
3.8589 3.97214
3.97214 4.08258
3.97214 4.08258
3.97214 3.97214
3.97214 3.97214
3.97214 3.97214
3.97214 3.97214
3.97214 4.59902
3.97214 4.19042
3.97214 3.97214
3.97214 3.97214
3.97214 3.97214
3.97214 5.66441
3.97214 4.08258
3.97214 4.08258
3.97214 4.08258
3.97214 4.08258
3.97214 3.97214
3.97214 3.97214
3.97214 4.08258
3.97214 3.97214
3.97214 4.19042
3.97214 4.08258
3.97214 4.08258
3.97214 4.08258
3.97214 4.08258
3.97214 4.08258
3.97214 3.97214
3.97214 4.08258
3.97214 3.97214
3.97214 3.97214
3.97214 3.97214
3.97214 3.97214
3.97214 4.08258
3.97214 3.97214
3.97214 3.97214
4.08258 4.59902
4.08258 4.39898
4.08258 4.5
4.08258 4.08258
4.08258 4.08258
4.08258 4.39898
4.08258 4.08258
4.08258 4.08258
4.08258 4.19042
4.08258 4.19042
4.08258 4.08258
4.08258 4.08258
4.08258 4.08258
4.08258 4.39898
4.08258 4.08258
4.08258 4.08258
4.08258 4.19042
4.08258 4.39898
4.08258 4.5
4.08258 4.19042
4.08258 4.19042
4.08258 4.08258
4.08258 4.39898
4.08258 4.08258
4.08258 4.39898
4.08258 4.08258
4.08258 4.08258
4.08258 4.19042
4.08258 4.08258
4.08258 4.08258
4.08258 4.08258
4.08258 4.08258
4.08258 4.08258
4.08258 4.08258
4.08258 4.08258
4.08258 4.08258
4.08258 6.2082
4.08258 4.59902
4.08258 4.08258
4.08258 4.08258
4.08258 4.39898
4.08258 4.19042
4.08258 4.08258
4.08258 4.08258
4.08258 4.08258
4.08258 4.08258
4.08258 4.19042
4.08258 4.39898
4.08258 4.39898
4.08258 4.08258
4.08258 4.08258
4.08258 4.08258
4.08258 4.08258
4.08258 4.88516
4.08258 4.08258
4.08258 4.08258
4.08258 4.08258
4.08258 4.08258
4.08258 4.08258
4.08258 4.08258
4.08258 4.88516
4.08258 4.5
4.19042 4.39898
4.19042 4.5
4.19042 4.19042
4.19042 5.41608
4.19042 4.39898
4.19042 4.19042
4.19042 4.19042
4.19042 4.19042
4.19042 4.19042
4.19042 4.39898
4.19042 4.97723
4.19042 4.19042
4.19042 4.19042
4.19042 4.19042
4.19042 4.19042
4.19042 4.19042
4.19042 4.19042
4.19042 4.5
4.19042 4.19042
4.19042 4.39898
4.19042 4.39898
4.39898 4.39898
4.39898 4.39898
4.39898 4.39898
4.39898 4.39898
4.39898 4.5
4.39898 4.39898
4.39898 4.39898
4.39898 4.39898
4.39898 4.39898
4.39898 4.59902
4.39898 4.39898
4.39898 6.05744
4.39898 4.39898
4.39898 4.5
4.39898 4.39898
4.39898 4.39898
4.39898 4.39898
4.39898 4.5
4.39898 4.39898
4.39898 4.39898
4.39898 4.39898
4.39898 4.39898
4.39898 4.5
4.39898 4.88516
4.39898 4.5
4.39898 4.39898
4.39898 4.5
4.39898 4.5
4.39898 4.69615
4.39898 4.5
4.39898 4.39898
4.39898 4.5
4.39898 4.5
4.39898 4.59902
4.39898 4.39898
4.39898 4.39898
4.39898 4.39898
4.39898 4.5
4.39898 6.13325
4.39898 4.59902
4.39898 4.5
4.39898 4.39898
4.39898 4.5
4.39898 4.5
4.39898 5.66441
4.39898 4.5
4.39898 4.39898
4.39898 4.39898
4.39898 4.69615
4.39898 4.59902
4.39898 4.59902
4.39898 4.5
4.39898 4.39898
4.39898 4.39898
4.39898 4.39898
4.39898 4.39898
4.39898 4.5
4.39898 4.69615
4.39898 4.39898
4.39898 4.5
4.39898 4.39898
4.5 4.5
4.5 4.5
4.5 4.5
4.5 4.5
4.5 4.5
4.5 4.5
4.5 4.59902
4.5 4.5
4.5 5.24456
4.5 4.88516
4.5 4.5
4.5 4.5
4.5 4.5
4.5 4.5
4.5 4.59902
4.5 4.5
4.5 6.2082
4.5 4.5
4.5 4.5
4.5 4.5
4.5 4.59902
4.5 4.5
4.5 5.98074
4.5 4.59902
4.5 4.5
4.5 4.59902
4.5 4.59902
4.5 4.5
4.5 4.5
4.5 4.5
4.5 4.5
4.5 4.5
4.5 4.5
4.5 4.5
4.5 4.59902
4.5 4.5
4.5 4.59902
4.5 5.24456
4.5 4.59902
4.5 4.5
4.5 4.5
4.5 4.59902
4.5 4.88516
4.5 4.5
4.5 4.59902
4.5 4.5
4.5 4.88516
4.5 4.5
4.5 4.5
4.5 4.5
4.5 4.5
4.5 4.59902
4.5 4.59902
4.5 4.88516
4.5 4.59902
4.5 4.5
4.5 4.5
4.5 4.5
4.5 4.5
4.5 4.5
4.5 4.59902
4.5 4.59902
4.5 4.5
4.5 4.88516
4.5 4.59902
4.5 4.5
4.5 4.5
4.5 4.59902
4.5 4.59902
4.5 4.5
4.5 5.24456
4.5 4.59902
4.5 4.5
4.5 4.5
4.5 4.59902
4.5 4.5
4.5 4.59902
4.5 4.59902
4.5 4.59902
4.5 4.5
4.5 4.59902
4.5 4.5
4.5 5.66441
4.5 4.5
4.5 4.5
4.5 4.5
4.5 4.5
4.5 4.5
4.5 4.5
4.5 4.59902
4.5 4.5
4.5 4.5
4.5 4.88516
4.5 4.59902
4.5 4.5
4.5 4.5
4.5 4.59902
4.5 4.59902
4.5 4.5
4.5 5.90312
4.5 4.5
4.5 4.5
4.5 4.59902
4.5 4.59902
4.5 4.5
4.5 4.59902
4.5 4.5
4.5 4.5
4.5 4.5
4.5 4.5
4.5 4.5
4.5 4.5
4.5 4.59902
4.5 4.5
4.5 4.5
4.5 4.5
4.5 4.5
4.5 7.62404
4.5 4.5
4.5 4.5
4.5 4.5
4.5 4.5
4.5 4.5
4.5 4.5
4.5 4.5
4.5 4.59902
4.5 4.88516
4.59902 4.59902
4.59902 4.59902
4.59902 5.41608
4.59902 5.24456
4.59902 4.69615
4.59902 4.97723
4.59902 4.59902
4.59902 4.59902
4.59902 4.59902
4.59902 4.59902
4.59902 7.56226
4.59902 4.88516
4.59902 4.88516
4.59902 4.88516
4.59902 4.69615
4.59902 4.69615
4.59902 4.59902
4.59902 4.69615
4.59902 4.59902
4.59902 5.15685
4.59902 4.69615
4.59902 4.59902
4.59902 4.69615
4.59902 4.69615
4.59902 4.88516
4.59902 4.59902
4.59902 5.24456
4.59902 4.88516
4.59902 4.69615
4.59902 4.59902
4.59902 4.69615
4.59902 4.88516
4.59902 4.88516
4.59902 4.59902
4.59902 4.59902
4.59902 4.69615
4.59902 4.59902
4.59902 4.88516
4.59902 4.69615
4.59902 4.88516
4.59902 4.59902
4.59902 4.69615
4.59902 4.88516
4.59902 4.59902
4.59902 5.90312
4.59902 4.59902
4.59902 6.84847
4.59902 5.5
4.59902 4.97723
4.59902 4.59902
4.59902 4.59902
4.59902 4.59902
4.59902 4.59902
4.59902 4.88516
4.59902 4.69615
4.59902 4.69615
4.59902 4.69615
4.59902 5.82456
4.59902 4.59902
4.59902 4.59902
4.59902 4.59902
4.59902 4.88516
4.59902 4.59902
4.59902 4.59902
4.59902 4.59902
4.59902 4.59902
4.59902 4.59902
4.59902 4.69615
4.59902 4.59902
4.59902 4.88516
4.59902 4.59902
4.59902 4.69615
4.59902 4.88516
4.59902 4.59902
4.59902 4.88516
4.59902 4.88516
4.59902 6.64143
4.59902 4.97723
4.59902 4.59902
4.59902 5.24456
4.59902 4.88516
4.59902 4.69615
4.59902 4.59902
4.59902 4.88516
4.59902 4.88516
4.59902 4.59902
4.59902 4.59902
4.59902 4.88516
4.59902 4.69615
4.59902 5.66441
4.59902 4.59902
4.59902 4.59902
4.59902 4.59902
4.59902 4.59902
4.59902 4.59902
4.59902 4.59902
4.59902 5.33095
4.59902 4.88516
4.59902 4.59902
4.59902 4.59902
4.59902 4.69615
4.59902 4.59902
4.59902 4.59902
4.59902 4.69615
4.59902 4.59902
4.59902 4.69615
4.59902 4.69615
4.59902 4.59902
4.59902 4.69615
4.59902 4.59902
4.59902 5.58276
4.69615 4.69615
4.69615 4.88516
4.69615 4.88516
4.69615 4.88516
4.69615 5.90312
4.69615 4.88516
4.69615 4.69615
4.69615 4.88516
4.69615 4.69615
4.69615 4.97723
4.69615 4.69615
4.69615 4.69615
4.69615 4.88516
4.69615 4.97723
4.69615 4.69615
4.69615 4.69615
4.69615 4.69615
4.69615 4.88516
4.69615 4.88516
4.69615 4.69615
4.69615 4.97723
4.69615 4.88516
4.69615 4.88516
4.69615 4.88516
4.69615 4.88516
4.69615 4.88516
4.69615 5.5
4.69615 4.69615
4.69615 4.88516
4.69615 4.88516
4.69615 4.88516
4.69615 4.88516
4.69615 4.88516
4.69615 4.88516
4.69615 4.69615
4.69615 4.88516
4.69615 4.88516
4.69615 4.88516
4.69615 4.88516
4.69615 5.33095
4.69615 5.24456
4.69615 4.88516
4.69615 4.88516
4.69615 4.88516
4.69615 4.69615
4.69615 4.69615
4.88516 4.88516
4.88516 4.88516
4.88516 4.97723
4.88516 5.66441
4.88516 4.88516
4.88516 5.24456
4.88516 4.88516
4.88516 4.88516
4.88516 5.15685
4.88516 4.88516
4.88516 4.88516
4.88516 4.88516
4.88516 4.97723
4.88516 4.97723
4.88516 4.88516
4.88516 4.88516
4.88516 4.97723
4.88516 4.88516
4.88516 4.88516
4.88516 4.88516
4.88516 4.88516
4.88516 4.88516
4.88516 4.88516
4.88516 4.88516
4.88516 5.41608
4.88516 4.88516
4.88516 4.88516
4.88516 4.88516
4.88516 4.88516
4.88516 4.88516
4.88516 4.88516
4.88516 4.88516
4.88516 4.97723
4.88516 4.88516
4.88516 4.88516
4.88516 4.88516
4.88516 4.88516
4.88516 4.88516
4.88516 4.88516
4.88516 5.15685
4.88516 4.88516
4.88516 4.97723
4.88516 5.24456
4.88516 4.88516
4.88516 6.2082
4.88516 5.24456
4.88516 4.88516
4.88516 4.88516
4.88516 5.33095
4.88516 4.88516
4.88516 4.88516
4.88516 4.88516
4.88516 5.33095
4.88516 4.88516
4.88516 4.88516
4.88516 4.97723
4.88516 5.24456
4.88516 4.88516
4.88516 4.88516
4.88516 5.24456
4.88516 4.88516
4.88516 4.88516
4.88516 5.90312
4.88516 4.88516
4.88516 4.88516
4.88516 4.88516
4.88516 6.57107
4.88516 4.88516
4.88516 4.88516
4.88516 5.58276
4.88516 4.97723
4.88516 5.66441
4.88516 4.88516
4.88516 4.88516
4.88516 4.88516
4.88516 5.15685
4.88516 4.88516
4.88516 4.88516
4.88516 5.24456
4.88516 4.88516
4.88516 4.97723
4.88516 4.97723
4.88516 4.97723
4.88516 4.88516
4.88516 5.15685
4.88516 4.88516
4.88516 4.88516
4.88516 4.88516
4.88516 4.88516
4.88516 5.58276
4.88516 6.7111
4.88516 4.97723
4.88516 4.97723
4.88516 4.88516
4.88516 4.88516
4.88516 4.88516
4.88516 5.33095
4.88516 4.88516
4.88516 4.88516
4.88516 4.88516
4.88516 5.24456
4.88516 4.88516
4.88516 4.88516
4.88516 4.88516
4.88516 4.97723
4.88516 4.97723
4.88516 4.88516
4.88516 5.58276
4.88516 4.88516
4.88516 4.97723
4.88516 4.88516
4.88516 4.88516
4.88516 4.88516
4.88516 4.97723
4.88516 4.88516
4.88516 4.88516
4.88516 4.88516
4.88516 4.97723
4.88516 4.88516
4.88516 4.88516
4.88516 4.88516
4.88516 4.88516
4.88516 4.88516
4.88516 4.88516
4.88516 4.88516
4.88516 4.88516
4.88516 5.24456
4.88516 4.88516
4.88516 5.24456
4.97723 5.24456
4.97723 4.97723
4.97723 5.15685
4.97723 5.41608
4.97723 4.97723
4.97723 5.33095
4.97723 5.58276
4.97723 6.2082
4.97723 5.24456
4.97723 5.24456
4.97723 4.97723
4.97723 4.97723
4.97723 7.31025
4.97723 4.97723
4.97723 4.97723
4.97723 5.41608
4.97723 4.97723
4.97723 4.97723
4.97723 4.97723
4.97723 5.33095
4.97723 5.15685
4.97723 5.66441
4.97723 6.5
4.97723 4.97723
4.97723 4.97723
4.97723 5.24456
4.97723 4.97723
4.97723 5.24456
4.97723 5.24456
4.97723 5.82456
4.97723 5.90312
4.97723 5.24456
4.97723 5.24456
4.97723 4.97723
4.97723 5.15685
4.97723 4.97723
4.97723 5.24456
4.97723 5.33095
4.97723 5.24456
4.97723 4.97723
4.97723 5.24456
4.97723 6.2082
4.97723 7.98528
4.97723 4.97723
4.97723 4.97723
4.97723 5.24456
5.15685 5.15685
5.15685 5.33095
5.15685 5.24456
5.15685 5.5
5.15685 5.15685
5.15685 5.15685
5.15685 5.24456
5.15685 5.24456
5.15685 5.15685
5.15685 5.15685
5.15685 9.3995
5.15685 5.15685
5.15685 5.24456
5.15685 5.24456
5.15685 6.64143
5.15685 5.24456
5.15685 5.24456
5.15685 5.15685
5.15685 5.24456
5.15685 6.13325
5.15685 5.15685
5.15685 5.33095
5.15685 5.15685
5.15685 6.78011
5.15685 5.15685
5.15685 5.15685
5.15685 5.24456
5.15685 5.15685
5.15685 5.15685
5.15685 5.24456
5.15685 5.5
5.15685 5.24456
5.15685 5.90312
5.15685 5.15685
5.15685 5.15685
5.15685 5.24456
5.15685 5.33095
5.15685 5.24456
5.15685 5.24456
5.15685 5.15685
5.15685 5.24456
5.15685 5.24456
5.24456 5.24456
5.24456 5.33095
5.24456 5.24456
5.24456 5.24456
5.24456 5.24456
5.24456 5.90312
5.24456 7.56226
5.24456 6.5
5.24456 7.62404
5.24456 5.24456
5.24456 5.5
5.24456 5.33095
5.24456 5.33095
5.24456 5.66441
5.24456 5.41608
5.24456 5.5
5.24456 7.62404
5.24456 5.24456
5.24456 5.24456
5.24456 5.24456
5.24456 5.41608
5.24456 5.24456
5.24456 5.24456
5.24456 5.24456
5.24456 5.24456
5.24456 5.24456
5.24456 5.24456
5.24456 5.24456
5.24456 5.24456
5.24456 5.82456
5.24456 5.24456
5.24456 5.24456
5.24456 5.58276
5.24456 5.33095
5.24456 5.33095
5.24456 5.33095
5.24456 6.5
5.24456 5.33095
5.24456 5.41608
5.24456 5.24456
5.24456 5.33095
5.24456 5.33095
5.24456 5.24456
5.24456 5.33095
5.24456 5.24456
5.24456 5.24456
5.24456 7.74621
5.24456 5.5
5.24456 5.41608
5.24456 5.33095
5.24456 5.33095
5.24456 5.24456
5.24456 5.24456
5.24456 5.33095
5.24456 5.41608
5.24456 5.33095
5.24456 7.31025
5.24456 5.33095
5.24456 5.33095
5.24456 5.24456
5.24456 5.58276
5.24456 5.33095
5.24456 5.24456
5.24456 5.33095
5.24456 5.90312
5.24456 5.90312
5.24456 5.5
5.24456 5.24456
5.24456 5.5
5.24456 5.41608
5.24456 5.33095
5.24456 5.24456
5.24456 5.82456
5.24456 5.33095
5.24456 5.24456
5.24456 5.33095
5.24456 5.33095
5.24456 5.24456
5.24456 5.24456
5.24456 5.24456
5.24456 5.33095
5.24456 5.24456
5.24456 5.24456
5.24456 5.33095
5.24456 5.41608
5.24456 5.24456
5.24456 5.24456
5.24456 5.24456
5.24456 5.33095
5.24456 5.33095
5.24456 5.33095
5.24456 5.33095
5.24456 5.33095
5.24456 5.24456
5.24456 7.56226
5.24456 5.24456
5.24456 5.33095
5.24456 5.24456
5.24456 5.24456
5.24456 5.24456
5.24456 5.33095
5.24456 5.24456
5.24456 5.41608
5.24456 5.33095
5.24456 6.98331
5.24456 5.33095
5.24456 5.33095
5.33095 5.33095
5.33095 5.41608
5.33095 5.33095
5.33095 5.5
5.33095 5.33095
5.33095 5.33095
5.33095 5.5
5.33095 5.33095
5.33095 5.33095
5.33095 5.66441
5.33095 5.41608
5.33095 5.5
5.33095 5.5
5.33095 5.33095
5.33095 5.33095
5.33095 5.5
5.33095 5.5
5.33095 5.41608
5.33095 5.33095
5.33095 5.33095
5.33095 5.41608
5.33095 5.41608
5.33095 5.41608
5.33095 5.41608
5.33095 5.33095
5.33095 5.41608
5.33095 5.33095
5.33095 5.58276
5.33095 5.33095
5.33095 5.58276
5.33095 5.33095
5.33095 5.66441
5.33095 5.82456
5.33095 7.31025
5.33095 5.33095
5.33095 6.7111
5.33095 5.41608
5.33095 5.41608
5.33095 5.33095
5.33095 5.41608
5.33095 5.33095
5.33095 5.33095
5.33095 5.33095
5.33095 5.66441
5.33095 5.66441
5.33095 5.5
5.33095 5.33095
5.33095 5.33095
5.33095 5.5
5.33095 5.33095
5.33095 6.2082
5.33095 5.41608
5.33095 5.41608
5.33095 5.66441
5.33095 6.57107
5.33095 5.41608
5.33095 5.41608
5.33095 5.5
5.33095 5.41608
5.33095 5.33095
5.33095 5.5
5.33095 5.33095
5.33095 6.64143
5.33095 5.5
5.33095 5.33095
5.33095 5.33095
5.33095 5.33095
5.33095 5.33095
5.33095 5.33095
5.33095 5.33095
5.33095 7.56226
5.33095 5.5
5.33095 6.28233
5.33095 5.5
5.33095 5.58276
5.33095 5.33095
5.33095 5.5
5.33095 5.33095
5.33095 5.33095
5.33095 5.33095
5.33095 5.33095
5.33095 5.33095
5.33095 5.33095
5.33095 5.33095
5.33095 5.41608
5.33095 5.41608
5.33095 5.33095
5.33095 5.33095
5.33095 5.33095
5.33095 6.5
5.33095 5.41608
5.33095 5.5
5.33095 5.33095
5.41608 5.41608
5.41608 5.90312
5.41608 5.90312
5.41608 5.41608
5.41608 5.41608
5.41608 5.41608
5.41608 5.5
5.41608 5.5
5.41608 5.41608
5.41608 5.41608
5.41608 5.82456
5.41608 5.5
5.41608 5.41608
5.41608 5.90312
5.41608 5.41608
5.41608 5.41608
5.41608 5.82456
5.41608 5.66441
5.41608 6.28233
5.41608 5.90312
5.41608 5.5
5.41608 5.5
5.41608 5.66441
5.41608 5.5
5.41608 5.41608
5.41608 5.90312
5.41608 5.66441
5.41608 5.5
5.41608 5.5
5.41608 5.5
5.41608 5.66441
5.41608 5.66441
5.41608 5.5
5.41608 5.66441
5.41608 5.41608
5.41608 5.5
5.41608 5.5
5.41608 5.58276
5.41608 5.66441
5.41608 7.62404
5.41608 5.90312
5.41608 6.57107
5.41608 5.5
5.41608 5.41608
5.41608 8.5
5.41608 5.98074
5.41608 5.5
5.41608 7.04983
5.41608 5.66441
5.5 5.82456
5.5 5.5
5.5 5.5
5.5 5.90312
5.5 5.58276
5.5 5.66441
5.5 5.5
5.5 5.5
5.5 5.5
5.5 5.5
5.5 5.66441
5.5 5.66441
5.5 5.98074
5.5 5.66441
5.5 5.66441
5.5 6.2082
5.5 6.13325
5.5 5.58276
5.5 5.66441
5.5 5.58276
5.5 7.04983
5.5 5.58276
5.5 5.5
5.5 5.5
5.5 5.66441
5.5 5.90312
5.5 5.5
5.5 5.5
5.5 5.5
5.5 5.66441
5.5 5.58276
5.5 5.5
5.5 6.2082
5.5 5.66441
5.5 5.5
5.5 5.5
5.5 5.90312
5.5 5.58276
5.5 5.5
5.5 5.66441
5.5 5.90312
5.5 5.66441
5.5 5.58276
5.5 5.66441
5.5 5.5
5.5 6.2082
5.5 5.66441
5.5 6.5
5.5 5.5
5.5 5.5
5.5 5.66441
5.5 5.5
5.5 5.5
5.58276 5.58276
5.58276 5.82456
5.58276 5.82456
5.58276 5.66441
5.58276 5.58276
5.58276 5.82456
5.58276 5.66441
5.58276 5.66441
5.58276 5.58276
5.58276 5.66441
5.58276 5.66441
5.58276 5.66441
5.58276 5.90312
5.58276 5.82456
5.58276 6.84847
5.58276 5.66441
5.58276 5.66441
5.58276 5.66441
5.58276 5.66441
5.58276 5.82456
5.58276 5.58276
5.58276 5.58276
5.58276 5.66441
5.58276 5.66441
5.58276 5.58276
5.58276 5.90312
5.58276 5.98074
5.58276 5.66441
5.58276 5.66441
5.58276 6.98331
5.58276 5.66441
5.58276 5.82456
5.58276 5.58276
5.58276 5.66441
5.58276 5.66441
5.58276 5.66441
5.58276 5.98074
5.66441 5.82456
5.66441 5.82456
5.66441 5.66441
5.66441 5.66441
5.66441 5.90312
5.66441 5.82456
5.66441 5.90312
5.66441 5.66441
5.66441 5.82456
5.66441 5.66441
5.66441 6.5
5.66441 5.66441
5.66441 6.2082
5.66441 5.90312
5.66441 5.82456
5.66441 5.98074
5.66441 5.66441
5.66441 5.90312
5.66441 5.66441
5.66441 5.90312
5.66441 5.90312
5.66441 5.66441
5.66441 5.90312
5.66441 5.66441
5.66441 5.66441
5.66441 5.66441
5.66441 5.82456
5.66441 5.66441
5.66441 5.66441
5.66441 5.66441
5.66441 5.90312
5.66441 5.90312
5.66441 5.90312
5.66441 5.66441
5.66441 5.66441
5.66441 5.66441
5.66441 5.90312
5.66441 5.82456
5.66441 5.66441
5.66441 5.82456
5.66441 6.84847
5.66441 5.66441
5.66441 7.5
5.66441 5.66441
5.66441 5.82456
5.66441 5.90312
5.66441 5.98074
5.66441 5.82456
5.66441 5.66441
5.66441 5.66441
5.66441 5.66441
5.66441 5.82456
5.66441 5.90312
5.66441 5.82456
5.66441 5.90312
5.66441 6.28233
5.66441 5.66441
5.66441 7.37401
5.66441 5.98074
5.66441 5.90312
5.66441 5.90312
5.66441 5.82456
5.66441 5.90312
5.66441 6.7111
5.66441 5.82456
5.66441 5.66441
5.66441 5.66441
5.66441 5.90312
5.66441 6.2082
5.66441 5.90312
5.66441 5.82456
5.66441 5.82456
5.66441 6.28233
5.66441 5.82456
5.66441 5.66441
5.66441 5.82456
5.66441 5.90312
5.66441 5.90312
5.66441 5.82456
5.66441 9.98809
5.66441 5.66441
5.66441 5.82456
5.66441 5.90312
5.66441 5.90312
5.66441 5.90312
5.66441 5.98074
5.66441 5.82456
5.82456 5.82456
5.82456 5.90312
5.82456 5.90312
5.82456 5.82456
5.82456 5.90312
5.82456 6.05744
5.82456 6.64143
5.82456 5.82456
5.82456 5.90312
5.82456 6.84847
5.82456 5.82456
5.82456 6.13325
5.82456 5.90312
5.82456 7.98528
5.82456 5.98074
5.82456 5.82456
5.82456 5.90312
5.82456 5.90312
5.82456 6.5
5.82456 5.90312
5.82456 5.82456
5.82456 5.90312
5.82456 9.3995
5.82456 7.11577
5.82456 5.90312
5.82456 5.90312
5.82456 5.90312
5.82456 5.82456
5.82456 5.82456
5.82456 5.90312
5.82456 5.90312
5.82456 5.90312
5.82456 5.90312
5.82456 5.90312
5.90312 5.90312
5.90312 5.90312
5.90312 8.98683
5.90312 5.98074
5.90312 5.90312
5.90312 5.90312
5.90312 5.90312
5.90312 5.98074
5.90312 5.90312
5.90312 6.57107
5.90312 5.90312
5.90312 5.90312
5.90312 6.2082
5.90312 6.05744
5.90312 5.98074
5.90312 5.90312
5.90312 5.90312
5.90312 5.90312
5.90312 5.90312
5.90312 5.90312
5.90312 5.90312
5.90312 5.90312
5.90312 6.2082
5.90312 6.05744
5.90312 5.90312
5.90312 5.90312
5.90312 6.28233
5.90312 6.05744
5.90312 5.90312
5.90312 5.90312
5.90312 6.05744
5.90312 5.90312
5.90312 5.90312
5.90312 6.57107
5.90312 5.90312
5.90312 5.90312
5.90312 5.90312
5.90312 6.5
5.90312 5.90312
5.90312 6.28233
5.90312 5.90312
5.90312 5.98074
5.90312 5.90312
5.90312 6.13325
5.90312 5.90312
5.90312 6.05744
5.90312 5.90312
5.90312 6.05744
5.90312 7.56226
5.90312 5.90312
5.90312 5.90312
5.90312 5.90312
5.90312 5.90312
5.90312 5.90312
5.90312 6.13325
5.90312 5.90312
5.90312 5.90312
5.90312 6.28233
5.90312 6.28233
5.90312 5.90312
5.90312 6.13325
5.90312 5.90312
5.90312 5.90312
5.90312 5.98074
5.90312 7.37401
5.90312 5.90312
5.90312 5.90312
5.90312 6.78011
5.90312 6.5
5.90312 5.98074
5.90312 5.98074
5.90312 6.2082
5.90312 6.2082
5.90312 5.90312
5.90312 5.90312
5.90312 6.2082
5.90312 5.90312
5.90312 5.90312
5.90312 5.98074
5.90312 8.10233
5.90312 6.28233
5.90312 6.05744
5.90312 5.98074
5.90312 6.2082
5.90312 6.78011
5.90312 5.90312
5.90312 5.90312
5.90312 5.90312
5.90312 6.2082
5.90312 5.90312
5.90312 5.90312
5.90312 6.2082
5.90312 5.90312
5.90312 6.05744
5.90312 5.90312
5.90312 5.90312
5.90312 5.90312
5.90312 8.98683
5.90312 5.90312
5.90312 5.90312
5.90312 6.13325
5.90312 5.90312
5.90312 5.90312
5.90312 5.90312
5.90312 5.90312
5.90312 6.5
5.90312 5.90312
5.90312 6.05744
5.90312 5.90312
5.90312 6.2082
5.90312 6.98331
5.90312 5.90312
5.90312 6.7111
5.90312 6.57107
5.90312 5.90312
5.90312 5.90312
5.90312 5.90312
5.90312 5.90312
5.90312 7.37401
5.90312 5.90312
5.90312 6.05744
5.90312 5.90312
5.90312 6.2082
5.90312 5.98074
5.90312 6.57107
5.90312 5.90312
5.90312 5.98074
5.90312 5.90312
5.90312 5.98074
5.90312 5.90312
5.90312 5.98074
5.90312 6.7111
5.90312 5.90312
5.90312 5.90312
5.90312 6.5
5.90312 5.90312
5.90312 5.90312
5.90312 5.90312
5.90312 5.90312
5.90312 5.90312
5.90312 5.90312
5.90312 5.98074
5.98074 6.2082
5.98074 6.2082
5.98074 6.5
5.98074 6.2082
5.98074 5.98074
5.98074 6.2082
5.98074 6.2082
5.98074 5.98074
5.98074 6.28233
5.98074 8.98683
5.98074 5.98074
5.98074 5.98074
5.98074 5.98074
5.98074 5.98074
5.98074 5.98074
5.98074 5.98074
5.98074 6.2082
5.98074 6.05744
5.98074 6.2082
5.98074 6.13325
5.98074 6.2082
5.98074 6.2082
5.98074 5.98074
5.98074 5.98074
5.98074 6.2082
5.98074 5.98074
5.98074 6.2082
5.98074 6.5
5.98074 6.13325
5.98074 5.98074
5.98074 6.2082
5.98074 6.05744
5.98074 6.05744
5.98074 6.5
5.98074 5.98074
5.98074 6.5
5.98074 8.5
5.98074 6.2082
5.98074 5.98074
5.98074 5.98074
5.98074 5.98074
5.98074 6.2082
5.98074 6.13325
6.05744 6.4282
6.05744 6.2082
6.05744 6.05744
6.05744 6.05744
6.05744 6.2082
6.05744 6.2082
6.05744 6.2082
6.05744 6.5
6.05744 6.05744
6.05744 7.11577
6.05744 6.2082
6.05744 6.2082
6.05744 6.28233
6.05744 6.13325
6.05744 6.2082
6.05744 6.13325
6.05744 6.13325
6.05744 6.2082
6.05744 6.05744
6.05744 6.2082
6.05744 6.13325
6.05744 6.13325
6.05744 8.10233
6.05744 6.05744
6.05744 6.13325
6.05744 6.2082
6.05744 6.05744
6.05744 6.2082
6.05744 6.13325
6.05744 6.13325
6.05744 6.13325
6.05744 6.57107
6.13325 6.13325
6.13325 6.2082
6.13325 6.13325
6.13325 6.57107
6.13325 6.78011
6.13325 6.13325
6.13325 6.2082
6.13325 6.57107
6.13325 6.2082
6.13325 6.13325
6.13325 6.57107
6.13325 6.2082
6.13325 6.2082
6.13325 6.13325
6.13325 6.13325
6.13325 6.28233
6.13325 6.28233
6.13325 6.2082
6.13325 6.13325
6.13325 6.2082
6.13325 6.2082
6.13325 6.13325
6.13325 6.2082
6.13325 6.2082
6.13325 6.2082
6.13325 6.2082
6.13325 6.2082
6.13325 6.57107
6.2082 6.2082
6.2082 6.2082
6.2082 6.28233
6.2082 6.2082
6.2082 6.4282
6.2082 6.2082
6.2082 6.2082
6.2082 6.5
6.2082 6.28233
6.2082 6.78011
6.2082 6.2082
6.2082 6.2082
6.2082 6.28233
6.2082 6.5
6.2082 6.57107
6.2082 6.57107
6.2082 7.04983
6.2082 6.84847
6.2082 6.28233
6.2082 6.28233
6.2082 6.2082
6.2082 6.2082
6.2082 6.2082
6.2082 6.2082
6.2082 8.10233
6.2082 6.28233
6.2082 6.28233
6.2082 6.57107
6.2082 6.28233
6.2082 6.78011
6.2082 14.3997
6.2082 6.2082
6.2082 6.4282
6.2082 7.8666
6.2082 6.2082
6.2082 6.2082
6.2082 6.28233
6.2082 6.2082
6.2082 6.2082
6.2082 8.27496
6.2082 6.2082
6.2082 6.28233
6.2082 6.2082
6.2082 6.5
6.2082 6.28233
6.2082 6.2082
6.2082 6.2082
6.2082 6.5
6.2082 6.2082
6.2082 6.78011
6.2082 6.78011
6.2082 6.2082
6.2082 6.2082
6.2082 6.28233
6.2082 6.2082
6.2082 6.5
6.2082 6.2082
6.2082 6.84847
6.28233 6.5
6.28233 6.5
6.28233 10.1301
6.28233 6.4282
6.28233 6.57107
6.28233 6.28233
6.28233 7.18115
6.28233 6.28233
6.28233 6.5
6.28233 6.28233
6.28233 6.5
6.28233 6.5
6.28233 7.37401
6.28233 6.5
6.28233 6.5
6.28233 7.31025
6.28233 6.5
6.28233 6.28233
6.28233 6.5
6.28233 6.5
6.4282 6.4282
6.4282 6.4282
6.4282 6.5
6.4282 11.6244
6.4282 6.5
6.4282 6.7111
6.4282 6.4282
6.4282 8.10233
6.4282 6.5
6.4282 6.98331
6.4282 6.98331
6.4282 6.5
6.4282 6.57107
6.4282 6.5
6.5 6.5
6.5 6.5
6.5 7.37401
6.5 6.57107
6.5 6.57107
6.5 6.57107
6.5 7.56226
6.5 6.5
6.5 6.5
6.5 6.5
6.5 6.5
6.5 6.5
6.5 6.5
6.5 7.37401
6.5 6.57107
6.5 6.5
6.5 6.57107
6.5 6.5
6.5 6.5
6.5 6.5
6.5 6.78011
6.5 6.5
6.5 6.5
6.5 6.57107
6.5 11.2898
6.5 6.78011
6.5 6.5
6.5 6.5
6.5 6.64143
6.5 6.57107
6.5 6.57107
6.5 6.64143
6.5 6.5
6.5 6.5
6.5 6.5
6.5 6.5
6.5 6.5
6.5 9.29796
6.5 6.57107
6.5 6.5
6.5 6.57107
6.5 6.5
6.5 6.5
6.5 6.78011
6.5 6.5
6.5 6.84847
6.5 6.5
6.5 7.56226
6.5 6.5
6.5 6.64143
6.5 6.5
6.5 6.64143
6.5 6.5
6.5 6.57107
6.5 6.5
6.5 6.7111
6.5 7.5
6.5 6.78011
6.5 6.5
6.5 6.78011
6.5 6.5
6.5 6.5
6.5 6.5
6.5 6.64143
6.5 6.57107
6.5 6.64143
6.5 6.5
6.5 6.57107
6.5 6.57107
6.5 6.5
6.5 6.5
6.5 6.5
6.5 6.57107
6.5 6.57107
6.5 6.57107
6.5 6.57107
6.5 6.5
6.5 6.57107
6.5 6.5
6.5 6.5
6.5 6.5
6.5 6.5
6.57107 6.57107
6.57107 6.57107
6.57107 6.57107
6.57107 6.57107
6.57107 6.57107
6.57107 6.57107
6.57107 6.57107
6.57107 6.64143
6.57107 6.57107
6.57107 6.7111
6.57107 6.57107
6.57107 6.64143
6.57107 6.78011
6.57107 6.57107
6.57107 6.64143
6.57107 6.78011
6.57107 6.7111
6.57107 6.78011
6.57107 6.57107
6.57107 6.84847
6.57107 7.37401
6.57107 6.57107
6.57107 6.57107
6.57107 10.2703
6.57107 6.57107
6.57107 6.57107
6.57107 6.57107
6.57107 6.57107
6.57107 7.56226
6.57107 6.57107
6.57107 6.57107
6.57107 6.57107
6.57107 6.57107
6.57107 6.57107
6.57107 6.84847
6.57107 6.64143
6.57107 7.37401
6.57107 6.57107
6.57107 6.64143
6.57107 6.64143
6.57107 7.62404
6.57107 7.04983
6.57107 6.64143
6.57107 6.7111
6.57107 6.57107
6.57107 6.7111
6.57107 9.14365
6.57107 6.57107
6.57107 6.64143
6.57107 6.57107
6.57107 6.57107
6.57107 6.57107
6.57107 6.57107
6.57107 6.64143
6.57107 6.57107
6.57107 6.57107
6.57107 10.9455
6.57107 6.57107
6.57107 6.7111
6.57107 6.57107
6.57107 6.57107
6.57107 7.56226
6.57107 6.57107
6.57107 6.57107
6.57107 6.64143
6.57107 6.57107
6.57107 6.57107
6.57107 6.57107
6.57107 6.84847
6.57107 6.78011
6.57107 6.78011
6.57107 6.57107
6.57107 6.78011
6.57107 6.78011
6.57107 6.57107
6.57107 7.04983
6.57107 6.57107
6.57107 6.64143
6.57107 6.57107
6.57107 6.78011
6.57107 6.7111
6.57107 7.98528
6.57107 6.57107
6.57107 6.78011
6.57107 9.54988
6.57107 11.5416
6.57107 6.57107
6.57107 8.10233
6.57107 6.84847
6.57107 6.64143
6.57107 6.64143
6.57107 6.78011
6.57107 6.57107
6.57107 6.57107
6.57107 6.64143
6.57107 7.18115
6.57107 6.7111
6.57107 6.57107
6.57107 6.64143
6.57107 6.7111
6.57107 6.7111
6.64143 6.64143
6.64143 6.64143
6.64143 9.03939
6.64143 6.7111
6.64143 6.84847
6.64143 6.64143
6.64143 6.98331
6.64143 6.84847
6.64143 6.64143
6.64143 6.7111
6.64143 6.64143
6.64143 6.64143
6.64143 6.78011
6.64143 6.78011
6.64143 10.3167
6.64143 6.64143
6.64143 6.84847
6.64143 8.55539
6.64143 7.18115
6.64143 6.98331
6.64143 7.31025
6.64143 6.7111
6.64143 7.04983
6.64143 6.84847
6.64143 6.78011
6.64143 6.84847
6.64143 6.64143
6.64143 6.84847
6.64143 6.78011
6.64143 6.78011
6.64143 6.78011
6.64143 6.78011
6.64143 6.78011
6.64143 7.56226
6.64143 6.98331
6.64143 7.5
6.64143 9.3995
6.64143 6.78011
6.7111 7.31025
6.7111 6.7111
6.7111 6.98331
6.7111 8.93398
6.7111 6.7111
6.7111 6.7111
6.7111 6.78011
6.7111 9.8923
6.7111 6.78011
6.7111 6.7111
6.7111 7.80662
6.7111 6.7111
6.7111 6.78011
6.7111 6.78011
6.7111 6.84847
6.7111 6.84847
6.7111 6.7111
6.7111 6.7111
6.7111 6.7111
6.7111 6.78011
6.7111 6.84847
6.7111 9.34886
6.7111 6.78011
6.7111 7.18115
6.7111 7.37401
6.7111 6.78011
6.7111 6.84847
6.7111 6.78011
6.7111 6.78011
6.78011 6.84847
6.78011 6.84847
6.78011 6.98331
6.78011 6.84847
6.78011 6.78011
6.78011 6.84847
6.78011 6.84847
6.78011 8.44427
6.78011 6.78011
6.78011 6.84847
6.78011 6.78011
6.78011 6.84847
6.78011 6.98331
6.78011 7.04983
6.78011 9.34886
6.78011 8.55538
6.78011 7.11577
6.78011 7.11577
6.78011 6.84847
6.78011 7.04983
6.78011 7.56226
6.78011 9.14365
6.78011 6.98331
6.78011 6.84847
6.78011 6.84847
6.78011 8.27496
6.78011 6.78011
6.78011 6.84847
6.78011 6.84847
6.78011 10.5454
6.78011 6.98331
6.78011 10.2703
6.78011 6.98331
6.78011 7.18115
6.78011 6.84847
6.78011 6.78011
6.78011 6.84847
6.78011 6.78011
6.78011 6.78011
6.78011 7.37401
6.78011 6.84847
6.78011 8.10233
6.78011 7.80662
6.78011 6.78011
6.78011 6.84847
6.78011 6.84847
6.78011 6.98331
6.78011 6.84847
6.78011 8.16025
6.78011 6.84847
6.78011 6.84847
6.78011 6.78011
6.78011 6.84847
6.78011 6.78011
6.84847 6.84847
6.84847 6.84847
6.84847 7.37401
6.84847 6.98331
6.84847 6.84847
6.84847 7.56226
6.84847 6.84847
6.84847 7.98528
6.84847 7.68535
6.84847 6.84847
6.84847 7.04983
6.84847 7.31025
6.84847 6.98331
6.84847 6.98331
6.84847 7.04983
6.84847 6.84847
6.84847 6.84847
6.84847 6.84847
6.84847 8.27496
6.84847 6.98331
6.84847 6.98331
6.84847 6.98331
6.84847 7.04983
6.84847 6.84847
6.84847 7.56226
6.84847 6.98331
6.84847 7.62404
6.84847 6.98331
6.84847 6.84847
6.84847 7.04983
6.84847 6.98331
6.84847 6.84847
6.84847 7.04983
6.84847 6.84847
6.84847 6.98331
6.84847 6.98331
6.84847 7.18115
6.84847 6.84847
6.84847 6.84847
6.84847 6.98331
6.84847 9.54988
6.84847 7.04983
6.84847 6.84847
6.84847 7.04983
6.84847 6.98331
6.84847 7.80662
6.84847 7.18115
6.84847 7.11577
6.84847 7.11577
6.84847 6.84847
6.84847 7.04983
6.84847 6.84847
6.84847 6.84847
6.84847 10.9455
6.84847 6.84847
6.84847 6.98331
6.84847 6.98331
6.84847 7.31025
6.84847 6.84847
6.84847 6.84847
6.84847 6.84847
6.84847 8.33176
6.84847 6.98331
6.84847 6.98331
6.84847 6.98331
6.84847 7.37401
6.84847 7.37401
6.84847 7.74621
6.84847 8.61043
6.84847 6.98331
6.84847 6.98331
6.84847 7.11577
6.84847 6.98331
6.84847 6.98331
6.84847 7.11577
6.98331 7.04983
6.98331 7.56226
6.98331 7.31025
6.98331 7.8666
6.98331 7.04983
6.98331 7.11577
6.98331 6.98331
6.98331 6.98331
6.98331 7.37401
6.98331 7.11577
6.98331 7.18115
6.98331 8.61043
6.98331 7.18115
6.98331 7.37401
6.98331 6.98331
6.98331 7.5
6.98331 7.04983
6.98331 7.31025
6.98331 8.93398
6.98331 7.18115
6.98331 6.98331
6.98331 6.98331
6.98331 6.98331
6.98331 7.18115
6.98331 7.31025
6.98331 7.31025
7.04983 7.04983
7.04983 7.31025
7.04983 7.18115
7.04983 9.3995
7.04983 7.31025
7.04983 7.11577
7.04983 7.56226
7.04983 7.18115
7.04983 7.18115
7.04983 7.31025
7.04983 7.18115
7.04983 7.11577
7.04983 7.18115
7.04983 7.37401
7.04983 7.18115
7.04983 7.31025
7.04983 7.18115
7.04983 9.3995
7.04983 7.04983
7.04983 7.18115
7.04983 7.74621
7.04983 7.04983
7.04983 8.10233
7.04983 7.18115
7.04983 7.18115
7.04983 7.56226
7.04983 7.04983
7.04983 7.62404
7.04983 7.04983
7.04983 7.18115
7.04983 7.04983
7.04983 7.18115
7.04983 7.98528
7.04983 7.11577
7.04983 10.6803
7.04983 7.37401
7.04983 7.18115
7.04983 7.18115
7.04983 7.04983
7.04983 7.18115
7.11577 7.8666
7.11577 7.37401
7.11577 7.74621
7.11577 7.31025
7.11577 7.18115
7.11577 7.18115
7.11577 7.18115
7.11577 8.044
7.11577 7.18115
7.11577 7.18115
7.11577 7.11577
7.11577 7.11577
7.11577 7.18115
7.11577 7.18115
7.11577 7.11577
7.11577 7.31025
7.11577 7.56226
7.11577 7.18115
7.11577 8.66515
7.11577 7.18115
7.18115 7.37401
7.18115 7.37401
7.18115 7.56226
7.18115 7.18115
7.18115 7.37401
7.18115 7.31025
7.18115 7.18115
7.18115 7.37401
7.18115 7.18115
7.18115 7.18115
7.18115 7.31025
7.18115 7.31025
7.18115 7.56226
7.18115 7.37401
7.18115 7.31025
7.18115 7.31025
7.18115 7.18115
7.18115 7.18115
7.18115 7.37401
7.18115 12.1886
7.18115 7.18115
7.18115 7.18115
7.18115 7.31025
7.18115 7.37401
7.18115 7.37401
7.18115 7.80662
7.18115 7.37401
7.18115 7.31025
7.18115 8.16025
7.18115 7.56226
7.18115 7.31025
7.18115 7.31025
7.18115 7.37401
7.18115 7.37401
7.31025 7.68535
7.31025 7.31025
7.31025 8.10233
7.31025 7.31025
7.31025 7.37401
7.31025 7.37401
7.31025 7.31025
7.31025 7.31025
7.31025 7.62404
7.31025 7.31025
7.31025 9.5
7.31025 7.37401
7.31025 7.56226
7.31025 7.56226
7.31025 10.1301
7.31025 7.31025
7.31025 7.31025
7.31025 7.8666
7.31025 7.56226
7.31025 7.56226
7.31025 7.37401
7.31025 7.37401
7.31025 9.34886
7.31025 7.31025
7.31025 7.31025
7.31025 8.55538
7.31025 11.0758
7.31025 7.37401
7.31025 7.37401
7.31025 7.31025
7.31025 7.31025
7.31025 7.37401
7.31025 7.37401
7.31025 7.62404
7.31025 7.31025
7.31025 7.31025
7.31025 7.56226
7.31025 8.10233
7.31025 8.10233
7.31025 10.1301
7.31025 7.37401
7.31025 7.31025
7.31025 10.5454
7.31025 7.56226
7.31025 7.56226
7.31025 7.37401
7.31025 7.68535
7.31025 7.31025
7.31025 7.31025
7.31025 7.31025
7.31025 7.31025
7.31025 7.31025
7.31025 7.31025
7.31025 7.37401
7.31025 7.31025
7.31025 7.37401
7.31025 8.2178
7.31025 7.56226
7.31025 8.61043
7.31025 7.31025
7.31025 7.31025
7.31025 7.31025
7.31025 7.98528
7.31025 7.31025
7.31025 7.31025
7.31025 7.31025
7.31025 7.31025
7.31025 7.31025
7.31025 7.37401
7.31025 7.31025
7.31025 7.37401
7.31025 7.37401
7.31025 7.5
7.31025 7.80662
7.37401 7.37401
7.37401 7.37401
7.37401 7.56226
7.37401 7.37401
7.37401 7.37401
7.37401 7.37401
7.37401 7.56226
7.37401 7.5
7.37401 7.56226
7.37401 7.56226
7.37401 8.10233
7.37401 7.37401
7.37401 7.37401
7.37401 7.68535
7.37401 7.56226
7.37401 7.56226
7.37401 7.5
7.37401 7.56226
7.37401 7.37401
7.37401 7.37401
7.37401 9.79563
7.37401 7.37401
7.37401 7.56226
7.37401 9.03939
7.37401 7.56226
7.37401 7.37401
7.37401 7.56226
7.37401 7.56226
7.37401 7.37401
7.37401 7.56226
7.37401 8.10233
7.37401 7.56226
7.37401 7.56226
7.37401 7.56226
7.5 7.56226
7.5 8.27496
7.5 7.56226
7.5 7.56226
7.5 10.6803
7.5 7.56226
7.5 7.62404
7.5 7.5
7.5 7.56226
7.5 8.10233
7.5 8.5
7.5 8.10233
7.5 7.56226
7.5 8.16025
7.5 7.56226
7.5 7.5
7.5 7.56226
7.56226 7.80662
7.56226 7.8666
7.56226 7.56226
7.56226 7.56226
7.56226 7.56226
7.56226 7.56226
7.56226 7.62404
7.56226 7.56226
7.56226 7.62404
7.56226 7.74621
7.56226 7.56226
7.56226 7.74621
7.56226 8.10233
7.56226 7.74621
7.56226 7.98528
7.56226 7.62404
7.56226 7.62404
7.56226 8.88083
7.56226 7.56226
7.56226 7.56226
7.56226 7.62404
7.56226 7.56226
7.56226 7.62404
7.56226 7.68535
7.56226 7.56226
7.56226 7.62404
7.56226 7.98528
7.56226 7.56226
7.56226 12.03
7.56226 7.56226
7.56226 7.56226
7.56226 7.56226
7.56226 7.56226
7.56226 7.62404
7.56226 7.62404
7.56226 7.56226
7.56226 7.56226
7.56226 7.56226
7.56226 8.44427
7.56226 7.62404
7.56226 7.62404
7.56226 7.56226
7.56226 7.74621
7.56226 7.68535
7.56226 7.98528
7.56226 7.62404
7.56226 7.56226
7.56226 7.80662
7.56226 7.56226
7.56226 7.62404
7.56226 7.80662
7.56226 7.56226
7.56226 7.56226
7.56226 7.56226
7.56226 7.56226
7.56226 7.56226
7.56226 7.62404
7.56226 7.56226
7.56226 7.62404
7.56226 7.62404
7.56226 7.56226
7.56226 7.62404
7.56226 7.56226
7.56226 7.62404
7.56226 7.62404
7.56226 7.56226
7.56226 7.80662
7.56226 7.74621
7.56226 7.62404
7.56226 7.80662
7.56226 7.56226
7.56226 7.8666
7.56226 7.56226
7.56226 7.62404
7.56226 7.8666
7.56226 7.62404
7.56226 7.68535
7.56226 7.56226
7.56226 7.62404
7.56226 7.56226
7.56226 7.62404
7.56226 7.62404
7.62404 7.62404
7.62404 9.54988
7.62404 7.62404
7.62404 7.80662
7.62404 12.9164
7.62404 8.88083
7.62404 7.68535
7.62404 7.80662
7.62404 7.80662
7.62404 8.10233
7.62404 9.84408
7.62404 8.10233
7.62404 8.71954
7.62404 7.80662
7.62404 7.62404
7.62404 7.74621
7.62404 7.74621
7.62404 7.68535
7.62404 7.74621
7.62404 7.62404
7.62404 7.74621
7.62404 7.62404
7.62404 8.93398
7.62404 7.62404
7.62404 7.80662
7.62404 7.8666
7.62404 7.80662
7.62404 7.62404
7.62404 7.8666
7.62404 7.68535
7.62404 7.62404
7.62404 7.68535
7.62404 8.10233
7.62404 7.62404
7.62404 8.16025
7.62404 7.62404
7.62404 7.74621
7.62404 8.33176
7.62404 7.62404
7.62404 8.044
7.62404 7.80662
7.62404 7.62404
7.62404 9.34886
7.68535 7.80662
7.68535 7.80662
7.68535 7.68535
7.68535 7.80662
7.68535 7.80662
7.68535 7.68535
7.68535 8.66515
7.68535 7.80662
7.68535 10.5
7.68535 7.68535
7.68535 9.34886
7.68535 7.74621
7.68535 7.80662
7.68535 7.74621
7.68535 7.8666
7.68535 8.10233
7.74621 7.8666
7.74621 9.5
7.74621 7.80662
7.74621 7.80662
7.74621 8.55538
7.74621 9.98809
7.74621 8.10233
7.74621 7.80662
7.74621 8.044
7.74621 7.74621
7.74621 9.34886
7.74621 7.80662
7.74621 9.5
7.74621 8.10233
7.74621 9.34886
7.74621 9.14365
7.74621 10.725
7.74621 7.80662
7.74621 9.74695
7.74621 7.80662
7.74621 7.74621
7.74621 7.80662
7.74621 7.74621
7.80662 7.80662
7.80662 7.80662
7.80662 10.725
7.80662 7.8666
7.80662 7.80662
7.80662 7.80662
7.80662 8.10233
7.80662 7.80662
7.80662 8.044
7.80662 7.98528
7.80662 7.8666
7.80662 7.8666
7.80662 7.80662
7.80662 8.10233
7.80662 8.10233
7.80662 8.10233
7.80662 7.80662
7.80662 7.98528
7.80662 7.80662
7.80662 7.80662
7.80662 7.80662
7.80662 7.8666
7.80662 8.10233
7.80662 10.3167
7.80662 7.8666
7.80662 7.98528
7.80662 8.16025
7.80662 7.80662
7.80662 8.10233
7.80662 8.10233
7.80662 7.80662
7.80662 8.71954
7.80662 7.8666
7.80662 7.98528
7.80662 7.98528
7.8666 8.66515
7.8666 8.27496
7.8666 8.5
7.8666 8.044
7.8666 7.8666
7.8666 8.93398
7.8666 8.88083
7.8666 8.71954
7.8666 8.10233
7.8666 7.98528
7.8666 8.10233
7.8666 8.10233
7.8666 8.10233
7.8666 8.044
7.98528 7.98528
7.98528 7.98528
7.98528 8.044
7.98528 8.10233
7.98528 8.10233
7.98528 9.98809
7.98528 8.10233
7.98528 8.044
7.98528 7.98528
7.98528 8.55538
7.98528 8.10233
7.98528 8.044
7.98528 7.98528
7.98528 8.10233
7.98528 7.98528
7.98528 8.044
7.98528 8.27496
7.98528 8.10233
7.98528 8.27496
7.98528 8.16025
7.98528 8.044
7.98528 8.044
7.98528 9.94031
7.98528 8.044
7.98528 8.27496
7.98528 9.29796
7.98528 8.5
7.98528 8.10233
7.98528 8.044
7.98528 8.044
7.98528 8.044
7.98528 8.27496
7.98528 8.10233
7.98528 9.98809
7.98528 7.98528
7.98528 8.044
7.98528 7.98528
7.98528 7.98528
7.98528 8.71954
7.98528 7.98528
7.98528 7.98528
8.044 8.10233
8.044 8.044
8.044 8.10233
8.044 8.55538
8.044 8.10233
8.044 8.27496
8.044 8.044
8.044 9.44987
8.044 8.16025
8.044 8.16025
8.044 8.10233
8.044 8.10233
8.044 8.044
8.044 8.10233
8.044 8.10233
8.044 8.10233
8.044 8.16025
8.044 8.27496
8.044 8.55539
8.044 8.044
8.044 8.16025
8.044 8.044
8.044 8.044
8.044 8.044
8.044 8.16025
8.044 8.27496
8.044 8.044
8.044 8.044
8.044 8.10233
8.044 8.10233
8.044 8.044
8.044 8.10233
8.044 8.5
8.044 8.10233
8.044 8.10233
8.044 8.10233
8.044 8.27496
8.044 10.8578
8.044 8.044
8.044 8.16025
8.044 9.19536
8.10233 9.29796
8.10233 8.10233
8.10233 8.27496
8.10233 8.61043
8.10233 8.27496
8.10233 8.10233
8.10233 8.10233
8.10233 8.27496
8.10233 8.27496
8.10233 9.3995
8.10233 8.27496
8.10233 8.16025
8.10233 8.16025
8.10233 8.5
8.10233 10.725
8.10233 8.93398
8.10233 8.16025
8.10233 8.10233
8.10233 8.10233
8.10233 8.16025
8.10233 8.10233
8.10233 8.27496
8.10233 8.10233
8.10233 8.10233
8.10233 8.10233
8.10233 8.27496
8.10233 8.10233
8.10233 8.10233
8.10233 8.10233
8.10233 11.0326
8.10233 8.27496
8.10233 8.5
8.10233 8.10233
8.10233 8.27496
8.10233 8.16025
8.10233 8.10233
8.10233 8.16025
8.10233 11.2898
8.10233 8.16025
8.10233 8.27496
8.10233 9.74695
8.10233 8.33176
8.10233 8.5
8.10233 8.27496
8.10233 8.33176
8.16025 8.27496
8.16025 8.27496
8.16025 8.27496
8.16025 8.33176
8.16025 8.55538
8.16025 8.33176
8.16025 8.16025
8.16025 8.2178
8.16025 8.2178
8.16025 8.27496
8.16025 8.16025
8.16025 8.27496
8.16025 8.27496
8.16025 8.27496
8.16025 11.3743
8.16025 8.2178
8.16025 8.71954
8.16025 8.93398
8.16025 8.27496
8.16025 8.16025
8.2178 8.2178
8.2178 8.33176
8.2178 8.61043
8.2178 8.5
8.2178 8.61043
8.2178 8.2178
8.2178 8.44427
8.2178 8.27496
8.27496 8.5
8.27496 8.71954
8.27496 8.27496
8.27496 10.6803
8.27496 8.27496
8.27496 8.27496
8.27496 8.44427
8.27496 8.66515
8.27496 8.5
8.27496 8.5
8.27496 8.27496
8.27496 8.5
8.27496 9.14365
8.27496 8.5
8.27496 8.27496
8.27496 8.77362
8.27496 8.5
8.27496 8.27496
8.27496 8.33176
8.27496 8.27496
8.27496 8.27496
8.27496 8.44427
8.27496 8.71954
8.27496 8.27496
8.27496 8.33176
8.27496 8.5
8.27496 8.44427
8.27496 9.14365
8.27496 8.27496
8.27496 8.27496
8.27496 8.61043
8.33176 8.61043
8.33176 8.5
8.33176 8.77362
8.33176 8.66515
8.33176 8.5
8.33176 8.33176
8.33176 8.5
8.33176 8.5
8.33176 8.5
8.33176 8.5
8.33176 8.61043
8.33176 8.5
8.33176 8.5
8.44427 10.4545
8.44427 8.5
8.44427 8.44427
8.44427 8.5
8.44427 8.5
8.44427 8.44427
8.44427 8.77362
8.44427 8.61043
8.44427 8.61043
8.44427 8.5
8.44427 8.44427
8.44427 8.44427
8.44427 8.5
8.44427 8.5
8.44427 8.5
8.5 8.66515
8.5 8.5
8.5 8.5
8.5 8.55539
8.5 8.55538
8.5 8.5
8.5 8.5
8.5 8.77362
8.5 8.5
8.5 8.93398
8.5 8.55539
8.5 8.5
8.5 8.77362
8.5 8.61043
8.5 8.55538
8.5 8.5
8.5 8.5
8.5 8.5
8.5 9.5995
8.5 8.5
8.5 8.61043
8.5 8.55539
8.5 8.55539
8.5 8.93398
8.5 8.5
8.5 8.5
8.5 8.66515
8.5 8.61043
8.5 8.98683
8.5 8.55539
8.5 8.5
8.5 8.5
8.5 9.14365
8.5 8.5
8.5 8.55539
8.5 8.93398
8.5 8.93398
8.5 8.55538
8.5 8.55538
8.5 8.98683
8.5 8.71954
8.5 8.93398
8.55538 8.61043
8.55538 8.61043
8.55538 8.61043
8.55538 9.19536
8.55538 8.61043
8.55538 11.2047
8.55538 10.725
8.55538 8.66515
8.55538 8.61043
8.55538 8.66515
8.55539 8.55539
8.55539 8.93398
8.55539 8.61043
8.55539 8.66515
8.55539 8.55539
8.55539 8.93398
8.55539 8.93398
8.55539 8.61043
8.55539 8.77362
8.61043 8.71954
8.61043 8.93398
8.61043 8.66515
8.61043 8.77362
8.61043 10.5
8.61043 8.77362
8.61043 8.77362
8.61043 8.88083
8.61043 8.93398
8.61043 8.61043
8.61043 8.71954
8.61043 8.71954
8.61043 8.77362
8.61043 8.66515
8.61043 8.66515
8.61043 8.71954
8.61043 8.71954
8.61043 8.66515
8.61043 8.77362
8.61043 8.61043
8.61043 8.66515
8.66515 8.71954
8.66515 8.71954
8.66515 8.93398
8.66515 8.77362
8.66515 8.77362
8.66515 8.93398
8.66515 8.77362
8.66515 8.71954
8.66515 8.71954
8.66515 8.93398
8.71954 8.77362
8.71954 8.77362
8.71954 8.77362
8.71954 8.93398
8.71954 8.93398
8.71954 8.93398
8.71954 8.71954
8.71954 8.77362
8.71954 9.54988
8.71954 8.77362
8.71954 13.1015
8.71954 10.1771
8.71954 8.77362
8.71954 8.93398
8.71954 8.71954
8.71954 8.77362
8.71954 8.93398
8.77362 8.77362
8.77362 9.19536
8.77362 9.03939
8.77362 8.98683
8.77362 8.77362
8.77362 8.77362
8.77362 8.98683
8.77362 8.77362
8.77362 8.93398
8.77362 8.93398
8.77362 8.98683
8.77362 8.77362
8.77362 9.34886
8.77362 8.93398
8.77362 8.77362
8.77362 8.77362
8.77362 8.93398
8.77362 8.88083
8.77362 8.93398
8.77362 8.93398
8.77362 8.88083
8.77362 8.98683
8.77362 8.77362
8.77362 9.14365
8.77362 8.88083
8.77362 9.03939
8.77362 8.93398
8.77362 9.94031
8.77362 8.93398
8.77362 8.98683
8.77362 8.93398
8.77362 8.93398
8.77362 8.77362
8.77362 8.77362
8.77362 8.93398
8.88083 8.93398
8.88083 10.1301
8.88083 8.93398
8.88083 8.93398
8.88083 8.88083
8.88083 8.88083
8.88083 8.88083
8.88083 8.98683
8.88083 8.88083
8.93398 8.98683
8.93398 8.93398
8.93398 8.93398
8.93398 9.29796
8.93398 9.03939
8.93398 8.93398
8.93398 9.03939
8.93398 9.19536
8.93398 8.93398
8.93398 9.79563
8.93398 9.03939
8.93398 8.93398
8.93398 9.14365
8.93398 9.19536
8.93398 8.93398
8.93398 9.19536
8.93398 8.93398
8.93398 8.93398
8.93398 8.98683
8.93398 9.84408
8.93398 9.29796
8.93398 9.14365
8.93398 8.93398
8.93398 10.725
8.93398 9.14365
8.93398 9.03939
8.93398 8.98683
8.93398 9.19536
8.93398 9.29796
8.93398 8.93398
8.93398 9.19536
8.93398 8.93398
8.93398 8.93398
8.93398 8.98683
8.93398 9.34886
8.93398 9.03939
8.93398 8.93398
8.93398 8.93398
8.93398 8.93398
8.93398 8.93398
8.93398 8.98683
8.93398 8.98683
8.93398 8.98683
8.93398 9.29796
8.93398 8.98683
8.93398 9.19536
8.93398 8.98683
8.93398 8.98683
8.93398 9.94031
8.93398 8.98683
8.93398 8.93398
8.93398 8.93398
8.93398 8.93398
8.93398 8.93398
8.93398 10.6803
8.93398 9.34886
8.93398 8.93398
8.93398 8.93398
8.93398 10.6803
8.98683 9.19536
8.98683 9.14365
8.98683 9.03939
8.98683 8.98683
8.98683 9.14365
8.98683 11.583
8.98683 8.98683
8.98683 9.14365
8.98683 8.98683
8.98683 9.54988
8.98683 8.98683
8.98683 9.03939
8.98683 8.98683
8.98683 9.3995
8.98683 9.19536
9.03939 9.19536
9.03939 9.19536
9.03939 9.54988
9.03939 9.19536
9.03939 9.5
9.03939 9.14365
9.14365 9.98809
9.14365 9.3995
9.14365 9.3995
9.14365 9.34886
9.19536 9.19536
9.19536 9.34886
9.19536 9.34886
9.19536 9.3995
9.19536 9.19536
9.19536 9.19536
9.19536 9.19536
9.19536 9.19536
9.19536 9.19536
9.19536 9.3995
9.19536 9.19536
9.19536 9.54988
9.19536 9.19536
9.19536 9.34886
9.19536 9.3995
9.29796 9.29796
9.29796 9.54988
9.29796 9.3995
9.29796 9.3995
9.29796 9.3995
9.29796 9.3995
9.34886 9.3995
9.34886 9.84408
9.34886 9.34886
9.34886 9.44987
9.34886 9.54988
9.34886 9.54988
9.34886 9.79563
9.34886 9.34886
9.34886 9.34886
9.34886 9.54988
9.34886 9.98809
9.34886 9.34886
9.34886 9.3995
9.3995 9.84408
9.3995 9.44987
9.3995 9.44987
9.3995 9.3995
9.3995 9.54988
9.3995 9.8923
9.3995 9.44987
9.3995 9.44987
9.3995 9.3995
9.3995 10.2703
9.3995 9.3995
9.3995 9.54988
9.3995 9.5
9.3995 9.69804
9.3995 9.54988
9.3995 9.54988
9.3995 10.5
9.3995 9.44987
9.3995 9.44987
9.3995 9.5
9.3995 9.44987
9.3995 9.74695
9.3995 9.44987
9.3995 9.3995
9.3995 9.44987
9.3995 9.69804
9.3995 9.54988
9.3995 9.3995
9.3995 9.74695
9.3995 9.74695
9.44987 9.44987
9.44987 9.5
9.44987 10.1771
9.44987 9.54988
9.44987 9.5
9.44987 9.54988
9.44987 9.54988
9.44987 9.74695
9.44987 9.94031
9.44987 9.79563
9.44987 9.5
9.44987 9.54988
9.44987 12.5384
9.5 9.54988
9.5 9.5
9.5 9.54988
9.5 9.54988
9.5 9.69804
9.5 9.5
9.5 9.54988
9.5 9.5
9.5 9.54988
9.5 9.54988
9.5 9.69804
9.5 9.54988
9.5 9.69804
9.5 9.54988
9.5 9.54988
9.54988 11.2473
9.54988 9.54988
9.54988 9.74695
9.54988 9.54988
9.54988 9.8923
9.54988 9.54988
9.54988 9.5995
9.54988 9.54988
9.54988 10.5454
9.54988 10.1301
9.54988 9.54988
9.54988 9.69804
9.54988 9.54988
9.5995 11.3743
9.69804 9.74695
9.69804 10.9018
9.69804 9.69804
9.69804 9.69804
9.69804 10.1301
9.69804 9.98809
9.69804 9.79563
9.69804 10.2238
9.69804 9.69804
9.69804 9.69804
9.74695 10.1301
9.74695 9.98809
9.74695 9.84408
9.74695 9.98809
9.74695 9.74695
9.74695 10.2238
9.74695 10.1771
9.74695 9.84408
9.74695 9.79563
9.74695 9.79563
9.74695 9.79563
9.74695 9.74695
9.74695 9.79563
9.74695 9.8923
9.74695 9.79563
9.79563 9.8923
9.79563 9.79563
9.79563 10.6803
9.79563 9.94031
9.79563 9.79563
9.79563 9.79563
9.79563 9.8923
9.79563 9.79563
9.79563 9.79563
9.79563 9.8923
9.79563 9.8923
9.84408 9.98809
9.84408 9.98809
9.84408 9.84408
9.8923 9.94031
9.8923 10.1301
9.8923 9.94031
9.8923 10.1771
9.8923 9.98809
9.8923 10.3628
9.94031 10.2238
9.94031 10.1771
9.94031 9.98809
9.94031 10.3628
9.94031 9.98809
9.94031 9.98809
9.94031 9.98809
9.94031 10.1301
9.94031 10.5454
9.94031 9.98809
9.98809 10.1301
9.98809 10.1771
9.98809 9.98809
9.98809 12.5767
9.98809 10.4545
9.98809 10.3628
9.98809 10.1301
9.98809 10.5
10.1301 10.1301
10.1301 10.1301
10.1301 10.2703
10.1301 10.1301
10.1301 10.2238
10.1301 10.1771
10.1301 10.3167
10.1301 10.2703
10.1301 10.1771
10.1301 10.1301
10.1301 10.3628
10.1301 10.1301
10.1771 10.6803
10.1771 10.3628
10.1771 10.3167
10.1771 10.3628
10.1771 10.3167
10.1771 10.6803
10.1771 10.2703
10.1771 10.2703
10.1771 10.1771
10.1771 10.3628
10.2238 10.2238
10.2238 10.5
10.2703 10.2703
10.2703 10.3167
10.2703 10.2703
10.2703 10.3167
10.2703 10.5454
10.2703 10.5
10.2703 10.4545
10.2703 10.3167
10.3167 10.5
10.3167 11.583
10.3167 10.3167
10.3167 10.3628
10.3167 10.4545
10.3167 10.9018
10.3167 10.3167
10.3628 10.8578
10.3628 10.4545
10.4545 10.8578
10.4545 10.5
10.5 10.5905
10.5 10.5
10.5 10.6803
10.5 10.5454
10.5 10.5
10.5454 10.5454
10.5454 11.6655
10.5454 10.5905
10.5905 10.6803
10.6803 10.725
10.6803 10.725
10.6803 11.0758
10.725 10.8137
10.8137 10.9455
10.8137 10.8578
10.8137 10.8578
10.8137 10.8578
10.8578 10.9455
10.8578 11.0758
10.8578 10.9455
10.8578 10.9455
10.9018 10.9018
10.9455 11.0758
10.9455 11.0326
10.9455 10.9891
10.9455 11.0758
11.0758 11.2473
11.0758 11.7066
11.0758 11.2047
11.0758 11.2047
11.1619 12.9907
11.1619 11.1619
11.1619 11.3322
11.1619 11.2047
11.1619 11.2047
11.2047 11.2473
11.2047 11.2473
11.2047 11.2473
11.2047 11.5416
11.2047 11.8693
11.2473 11.2473
11.2898 11.4164
11.3743 11.583
11.3743 11.583
11.5416 11.583
11.5416 11.5416
11.5416 11.6244
11.5416 11.583
11.5416 11.6655
11.5416 11.5416
11.583 11.583
11.583 11.8288
11.583 11.7066
11.7066 11.7474
11.7066 11.9097
11.7066 11.8288
11.7066 11.7066
11.7474 11.8288
11.8288 11.8693
11.8693 11.9097
11.9097 11.9499
12.03 12.0698
12.03 12.0698
12.1886 12.3062
12.2279 12.2279
12.2279 12.6909
12.3841 13.1015
12.4615 12.6529
12.5 12.5384
12.5 12.5
12.5 12.5
12.5384 12.5384
12.5767 12.5767
12.6529 12.9907
12.8041 12.8791
12.8417 12.9536
12.8791 13.1015
13.8527 14.2309
