-2.67452 0.495536
-2.33933 0.913277
-1.95915 1.23196
-1.9589 0.498252
-1.74421 0.497832
-1.50778 1.23186
-1.50685 0.495536
-1.50657 1.23186
-1.50442 0.496179
-1.23898 0.498705
-0.502606 1.73607
-0.502337 0.498081
0.497602 0.498314
1.5 1.5
1.5 1.73607
1.5 1.5
1.73607 2.32843
1.73607 1.73607
1.73607 1.73607
1.73607 1.73607
1.94949 2.32843
1.94949 2.32843
2.32843 2.32843
2.32843 2.32843
2.32843 2.32843
2.32843 2.5
2.32843 2.5
2.32843 2.32843
2.32843 2.32843
2.32843 2.32843
2.5 2.5
2.5 2.5
2.5 2.5
2.5 2.5
2.5 2.5
2.5 2.5
2.5 2.5
2.5 2.5
2.5 2.5
2.5 2.81662
2.5 2.5
2.5 2.5
2.66228 2.66228
2.66228 2.81662
2.66228 2.66228
2.66228 2.66228
2.66228 2.66228
2.66228 2.66228
2.66228 2.66228
2.66228 2.81662
2.66228 2.66228
2.81662 2.9641
2.81662 2.81662
2.81662 3.10555
2.81662 3.10555
2.81662 3.10555
2.81662 2.9641
2.81662 2.81662
2.9641 2.9641
2.9641 2.9641
2.9641 2.9641
3.10555 3.10555
3.10555 3.10555
3.10555 3.10555
3.10555 3.10555
3.10555 3.10555
3.10555 3.10555
3.10555 3.10555
3.10555 3.10555
3.10555 3.62311
3.10555 3.10555
3.10555 3.10555
3.24166 3.24166
3.24166 3.24166
3.24166 3.24166
3.24166 3.24166
3.24166 3.24166
3.24166 3.24166
3.24166 3.24166
3.24166 3.24166
3.24166 3.24166
3.24166 3.5
3.24166 3.24166
3.24166 3.24166
3.24166 3.24166
3.24166 3.62311
3.24166 3.74264
3.24166 3.62311
3.24166 3.24166
3.24166 3.24166
3.24166 3.24166
3.24166 3.24166
3.24166 3.62311
3.24166 3.62311
3.24166 3.24166
3.24166 3.24166
3.24166 3.24166
3.5 3.62311
3.5 3.5
3.5 3.62311
3.5 3.5
3.5 4.08258
3.5 3.5
3.5 3.5
3.5 3.5
3.5 3.5
3.5 3.5
3.5 3.5
3.5 3.62311
3.5 3.62311
3.5 3.5
3.5 3.5
3.5 3.62311
3.5 3.5
3.5 3.5
3.5 3.62311
3.5 3.62311
3.5 3.62311
3.5 3.5
3.5 3.62311
3.5 3.8589
3.5 3.62311
3.5 3.62311
3.5 3.8589
3.5 3.5
3.5 3.62311
3.62311 3.62311
3.62311 3.62311
3.62311 3.62311
3.62311 3.62311
3.62311 3.62311
3.62311 3.62311
3.62311 3.74264
3.62311 3.62311
3.62311 3.62311
3.62311 3.62311
3.62311 3.62311
3.62311 3.62311
3.62311 3.62311
3.62311 3.62311
3.62311 3.62311
3.62311 3.62311
3.62311 3.62311
3.62311 3.62311
3.62311 3.62311
3.62311 3.62311
3.62311 3.62311
3.62311 3.62311
3.62311 3.74264
3.62311 3.74264
3.62311 3.74264
3.62311 3.8589
3.62311 3.74264
3.62311 3.62311
3.62311 3.62311
3.62311 3.62311
3.62311 3.8589
3.62311 3.62311
3.62311 3.62311
3.62311 3.62311
3.62311 3.62311
3.62311 3.62311
3.62311 3.62311
3.62311 3.8589
3.62311 3.62311
3.62311 3.62311
3.62311 3.74264
3.62311 3.62311
3.62311 3.62311
3.62311 3.74264
3.62311 3.74264
3.62311 3.62311
3.62311 3.62311
3.62311 3.74264
3.62311 3.62311
3.62311 3.62311
3.62311 3.74264
3.74264 3.74264
3.74264 3.74264
3.74264 3.74264
3.74264 3.8589
3.74264 6.98331
3.74264 3.74264
3.74264 4.39898
3.74264 3.74264
3.74264 4.08258
3.74264 3.97214
3.74264 4.08258
3.74264 3.74264
3.74264 4.19042
3.74264 3.74264
3.74264 3.97214
3.74264 3.74264
3.74264 3.74264
3.74264 3.8589
3.74264 3.8589
3.74264 3.74264
3.74264 3.8589
3.8589 3.97214
3.8589 4.5
3.8589 3.97214
3.8589 3.8589
3.8589 3.8589
3.8589 3.97214
3.8589 4.08258
3.8589 3.97214
3.8589 3.97214
3.8589 3.8589
3.8589 3.97214
3.8589 3.97214
3.97214 4.08258
3.97214 3.97214
3.97214 3.97214
3.97214 3.97214
4.08258 4.39898
4.08258 4.08258
4.08258 4.39898
4.08258 4.39898
4.08258 4.5
4.08258 4.19042
4.08258 4.39898
4.08258 4.08258
4.08258 4.19042
4.08258 4.08258
4.08258 4.08258
4.08258 4.08258
4.08258 4.08258
4.08258 4.08258
4.08258 4.08258
4.08258 4.08258
4.08258 4.19042
4.08258 4.08258
4.08258 4.08258
4.19042 4.39898
4.19042 4.5
4.19042 5.41608
4.19042 4.19042
4.19042 4.19042
4.19042 4.19042
4.19042 4.5
4.19042 4.39898
4.39898 4.39898
4.39898 4.39898
4.39898 4.39898
4.39898 4.39898
4.39898 4.59902
4.39898 4.39898
4.39898 4.39898
4.39898 4.59902
4.39898 4.39898
4.39898 4.39898
4.39898 4.39898
4.39898 4.5
4.39898 4.39898
4.39898 4.39898
4.39898 4.39898
4.39898 4.39898
4.39898 4.5
4.39898 4.69615
4.39898 4.5
4.39898 4.39898
4.39898 4.5
4.39898 4.59902
4.5 4.5
4.5 4.5
4.5 4.5
4.5 4.5
4.5 4.5
4.5 4.5
4.5 4.5
4.5 6.2082
4.5 4.5
4.5 4.5
4.5 4.5
4.5 4.5
4.5 4.59902
4.5 4.5
4.5 4.5
4.5 4.59902
4.5 4.5
4.5 4.59902
4.5 5.24456
4.5 4.59902
4.5 4.5
4.5 4.5
4.5 4.5
4.5 4.5
4.5 4.5
4.5 4.59902
4.5 4.5
4.5 4.5
4.5 4.59902
4.5 4.59902
4.5 4.5
4.5 4.59902
4.5 4.5
4.5 4.5
4.5 4.59902
4.5 4.59902
4.5 4.5
4.5 4.59902
4.5 4.5
4.5 5.66441
4.5 4.5
4.5 4.59902
4.59902 4.59902
4.59902 4.59902
4.59902 5.41608
4.59902 5.24456
4.59902 4.97723
4.59902 4.59902
4.59902 4.59902
4.59902 4.59902
4.59902 4.88516
4.59902 4.88516
4.59902 4.69615
4.59902 4.59902
4.59902 5.15685
4.59902 4.69615
4.59902 4.59902
4.59902 4.88516
4.59902 4.69615
4.59902 4.88516
4.59902 4.59902
4.59902 4.59902
4.59902 5.90312
4.59902 5.5
4.59902 4.97723
4.59902 4.59902
4.59902 4.59902
4.59902 4.59902
4.59902 4.59902
4.59902 4.88516
4.59902 5.82456
4.59902 4.59902
4.59902 4.59902
4.59902 4.59902
4.59902 4.59902
4.59902 4.59902
4.59902 4.59902
4.59902 4.69615
4.59902 4.88516
4.59902 4.59902
4.59902 4.69615
4.59902 4.88516
4.59902 4.97723
4.59902 4.59902
4.69615 4.69615
4.69615 4.88516
4.69615 4.88516
4.69615 4.88516
4.69615 5.90312
4.69615 4.88516
4.69615 4.69615
4.69615 4.88516
4.69615 4.69615
4.69615 4.88516
4.69615 4.97723
4.69615 4.69615
4.69615 4.88516
4.69615 4.88516
4.69615 4.69615
4.69615 4.97723
4.69615 4.88516
4.69615 4.88516
4.69615 4.88516
4.69615 4.88516
4.69615 4.88516
4.69615 5.5
4.69615 4.69615
4.69615 4.88516
4.69615 4.88516
4.88516 4.88516
4.88516 4.88516
4.88516 5.66441
4.88516 4.88516
4.88516 4.88516
4.88516 4.88516
4.88516 5.15685
4.88516 4.88516
4.88516 4.88516
4.88516 4.97723
4.88516 4.88516
4.88516 4.97723
4.88516 4.88516
4.88516 4.88516
4.88516 4.88516
4.88516 4.88516
4.88516 4.88516
4.88516 4.88516
4.88516 4.88516
4.88516 4.88516
4.88516 4.88516
4.88516 4.88516
4.88516 4.88516
4.88516 5.15685
4.88516 4.88516
4.88516 5.24456
4.88516 5.24456
4.88516 5.33095
4.88516 4.88516
4.88516 5.33095
4.88516 4.88516
4.88516 4.88516
4.88516 4.97723
4.88516 5.24456
4.88516 4.88516
4.88516 4.88516
4.88516 4.88516
4.88516 4.88516
4.88516 6.57107
4.88516 4.88516
4.88516 4.88516
4.88516 4.97723
4.88516 4.88516
4.88516 5.15685
4.88516 4.88516
4.88516 4.88516
4.88516 5.24456
4.88516 4.88516
4.88516 4.97723
4.88516 5.15685
4.97723 5.24456
4.97723 4.97723
4.97723 5.15685
4.97723 5.41608
4.97723 4.97723
4.97723 5.58276
4.97723 6.2082
4.97723 5.24456
4.97723 5.24456
4.97723 4.97723
4.97723 4.97723
4.97723 5.82456
4.97723 5.90312
4.97723 5.24456
4.97723 5.24456
4.97723 5.33095
4.97723 5.24456
5.15685 5.15685
5.15685 5.24456
5.15685 5.15685
5.15685 5.15685
5.15685 5.24456
5.15685 5.24456
5.15685 5.15685
5.15685 5.15685
5.15685 6.64143
5.15685 5.24456
5.15685 5.24456
5.15685 5.24456
5.15685 5.15685
5.15685 6.78011
5.15685 5.24456
5.24456 5.24456
5.24456 5.33095
5.24456 5.24456
5.24456 5.24456
5.24456 5.24456
5.24456 5.90312
5.24456 7.56226
5.24456 6.5
5.24456 7.62404
5.24456 5.5
5.24456 5.33095
5.24456 5.41608
5.24456 7.62404
5.24456 5.24456
5.24456 5.24456
5.24456 5.24456
5.24456 5.24456
5.24456 5.24456
5.24456 5.82456
5.24456 5.24456
5.24456 5.58276
5.24456 5.33095
5.24456 6.5
5.24456 5.33095
5.24456 5.41608
5.24456 5.24456
5.24456 5.24456
5.24456 7.74621
5.24456 5.24456
5.24456 5.24456
5.24456 5.33095
5.24456 5.33095
5.24456 5.33095
5.24456 5.33095
5.24456 5.24456
5.24456 5.5
5.24456 5.41608
5.24456 5.33095
5.24456 5.33095
5.24456 5.24456
5.24456 5.24456
5.24456 5.33095
5.33095 5.33095
5.33095 5.5
5.33095 5.33095
5.33095 5.33095
5.33095 5.33095
5.33095 5.66441
5.33095 5.41608
5.33095 5.5
5.33095 5.33095
5.33095 5.33095
5.33095 5.41608
5.33095 5.41608
5.33095 5.41608
5.33095 5.41608
5.33095 5.33095
5.33095 5.41608
5.33095 5.33095
5.33095 5.58276
5.33095 5.33095
5.33095 5.66441
5.33095 5.82456
5.33095 7.31025
5.33095 5.33095
5.33095 5.41608
5.33095 5.33095
5.33095 5.41608
5.33095 5.33095
5.33095 5.33095
5.33095 5.41608
5.33095 5.66441
5.33095 5.66441
5.33095 5.33095
5.33095 5.41608
5.33095 6.57107
5.33095 5.33095
5.41608 5.41608
5.41608 5.90312
5.41608 5.41608
5.41608 5.41608
5.41608 5.5
5.41608 5.41608
5.41608 5.41608
5.41608 5.82456
5.41608 5.5
5.41608 5.90312
5.41608 5.41608
5.41608 5.41608
5.41608 5.82456
5.41608 6.28233
5.41608 5.5
5.41608 5.5
5.41608 5.90312
5.41608 5.66441
5.41608 5.5
5.41608 5.5
5.41608 5.66441
5.41608 5.66441
5.41608 5.66441
5.41608 5.41608
5.41608 5.5
5.41608 5.5
5.41608 5.58276
5.41608 7.62404
5.41608 5.41608
5.5 5.82456
5.5 5.5
5.5 5.90312
5.5 5.58276
5.5 5.66441
5.5 5.5
5.5 5.5
5.5 5.5
5.5 5.66441
5.5 5.66441
5.5 5.98074
5.5 5.66441
5.5 6.2082
5.5 5.58276
5.5 5.58276
5.5 7.04983
5.5 5.58276
5.5 5.5
5.5 5.66441
5.5 5.5
5.5 5.58276
5.5 5.5
5.5 5.66441
5.5 5.58276
5.5 5.58276
5.5 5.90312
5.58276 5.58276
5.58276 5.82456
5.58276 5.82456
5.58276 5.82456
5.58276 5.66441
5.58276 5.66441
5.58276 5.58276
5.58276 5.66441
5.58276 6.84847
5.58276 5.66441
5.58276 5.66441
5.58276 5.82456
5.58276 5.58276
5.58276 5.58276
5.58276 5.90312
5.66441 5.66441
5.66441 5.66441
5.66441 5.90312
5.66441 5.82456
5.66441 5.90312
5.66441 5.82456
5.66441 5.66441
5.66441 6.5
5.66441 5.66441
5.66441 6.2082
5.66441 5.90312
5.66441 5.98074
5.66441 5.66441
5.66441 5.90312
5.66441 5.66441
5.66441 5.82456
5.66441 5.66441
5.66441 5.66441
5.66441 5.90312
5.66441 5.90312
5.66441 5.90312
5.66441 5.66441
5.66441 5.66441
5.66441 5.90312
5.66441 5.82456
5.66441 5.82456
5.66441 5.90312
5.66441 5.82456
5.66441 5.66441
5.66441 5.66441
5.66441 5.82456
5.66441 5.90312
5.66441 5.82456
5.66441 6.28233
5.66441 5.90312
5.66441 5.90312
5.66441 5.82456
5.66441 5.90312
5.66441 5.90312
5.82456 5.90312
5.82456 5.90312
5.82456 5.82456
5.82456 5.90312
5.82456 6.05744
5.82456 6.64143
5.82456 5.82456
5.82456 6.84847
5.82456 6.13325
5.82456 5.90312
5.82456 7.98528
5.82456 5.98074
5.82456 5.82456
5.82456 5.90312
5.82456 5.90312
5.82456 6.5
5.82456 5.82456
5.90312 5.90312
5.90312 8.98683
5.90312 5.98074
5.90312 5.90312
5.90312 5.90312
5.90312 5.98074
5.90312 5.90312
5.90312 6.57107
5.90312 5.90312
5.90312 6.05744
5.90312 5.98074
5.90312 5.90312
5.90312 5.90312
5.90312 5.90312
5.90312 5.90312
5.90312 5.90312
5.90312 5.90312
5.90312 6.2082
5.90312 6.05744
5.90312 5.90312
5.90312 5.90312
5.90312 5.90312
5.90312 5.90312
5.90312 5.90312
5.90312 6.5
5.90312 6.28233
5.90312 5.90312
5.90312 5.90312
5.90312 6.13325
5.90312 6.05744
5.90312 5.90312
5.90312 6.05744
5.90312 7.56226
5.90312 5.90312
5.90312 6.13325
5.90312 5.90312
5.90312 6.28233
5.90312 5.90312
5.90312 6.13325
5.90312 5.90312
5.90312 5.90312
5.90312 5.90312
5.90312 5.98074
5.90312 6.2082
5.90312 5.90312
5.90312 5.90312
5.90312 5.90312
5.90312 5.90312
5.90312 8.10233
5.90312 6.28233
5.90312 6.05744
5.90312 5.98074
5.90312 6.78011
5.90312 5.90312
5.90312 5.90312
5.90312 6.2082
5.90312 5.90312
5.98074 6.2082
5.98074 6.5
5.98074 5.98074
5.98074 6.2082
5.98074 6.2082
5.98074 5.98074
5.98074 5.98074
5.98074 5.98074
5.98074 5.98074
5.98074 5.98074
5.98074 5.98074
5.98074 6.2082
5.98074 6.2082
5.98074 6.5
5.98074 6.13325
5.98074 5.98074
5.98074 6.5
5.98074 6.5
5.98074 6.2082
6.05744 6.4282
6.05744 6.2082
6.05744 6.05744
6.05744 6.2082
6.05744 7.11577
6.05744 6.13325
6.05744 6.2082
6.05744 6.28233
6.05744 6.13325
6.05744 6.13325
6.05744 6.13325
6.13325 6.2082
6.13325 6.2082
6.13325 6.57107
6.13325 6.13325
6.13325 6.57107
6.13325 6.2082
6.13325 6.2082
6.13325 6.13325
6.13325 6.2082
6.2082 6.2082
6.2082 6.2082
6.2082 6.2082
6.2082 6.2082
6.2082 6.78011
6.2082 6.2082
6.2082 6.28233
6.2082 14.3997
6.2082 7.31025
6.2082 6.2082
6.2082 6.4282
6.2082 7.8666
6.2082 6.2082
6.2082 6.28233
6.2082 6.2082
6.2082 6.2082
6.2082 8.27496
6.2082 6.2082
6.2082 6.28233
6.2082 6.28233
6.2082 6.28233
6.28233 6.5
6.28233 10.1301
6.28233 6.57107
6.28233 6.28233
6.28233 7.18115
6.28233 6.28233
6.28233 6.5
6.28233 6.28233
6.28233 6.5
6.28233 6.5
6.4282 6.4282
6.4282 6.5
6.4282 11.6244
6.4282 6.7111
6.4282 6.4282
6.4282 6.5
6.4282 6.98331
6.5 6.5
6.5 6.57107
6.5 6.57107
6.5 6.5
6.5 7.37401
6.5 6.57107
6.5 6.57107
6.5 6.57107
6.5 6.5
6.5 6.5
6.5 6.5
6.5 6.78011
6.5 6.57107
6.5 11.2898
6.5 6.5
6.5 6.64143
6.5 6.5
6.5 6.5
6.5 6.5
6.5 6.5
6.5 6.5
6.5 6.57107
6.5 6.5
6.5 6.57107
6.5 6.5
6.5 6.5
6.5 6.64143
6.5 6.64143
6.5 6.5
6.5 6.5
6.57107 6.57107
6.57107 6.57107
6.57107 6.57107
6.57107 6.64143
6.57107 6.57107
6.57107 6.57107
6.57107 6.64143
6.57107 6.78011
6.57107 6.57107
6.57107 6.84847
6.57107 6.57107
6.57107 10.2703
6.57107 6.57107
6.57107 6.57107
6.57107 6.57107
6.57107 6.57107
6.57107 6.57107
6.57107 6.84847
6.57107 6.64143
6.57107 6.57107
6.57107 7.62404
6.57107 7.04983
6.57107 6.64143
6.57107 6.7111
6.57107 6.57107
6.57107 6.7111
6.57107 9.14365
6.57107 6.64143
6.57107 6.57107
6.57107 6.64143
6.57107 6.57107
6.57107 6.57107
6.57107 6.57107
6.57107 6.57107
6.57107 6.57107
6.57107 7.56226
6.57107 6.57107
6.57107 6.57107
6.57107 6.57107
6.57107 6.57107
6.57107 6.84847
6.57107 6.78011
6.57107 6.57107
6.57107 6.57107
6.64143 6.64143
6.64143 6.64143
6.64143 6.7111
6.64143 6.7111
6.64143 6.64143
6.64143 6.98331
6.64143 6.84847
6.64143 6.64143
6.64143 6.7111
6.64143 6.64143
6.64143 6.64143
6.64143 6.78011
6.64143 10.3167
6.64143 6.84847
6.64143 7.31025
6.64143 6.7111
6.64143 7.04983
6.64143 6.84847
6.64143 6.78011
6.64143 6.78011
6.7111 6.7111
6.7111 8.93398
6.7111 6.78011
6.7111 6.84847
6.7111 6.84847
6.7111 6.7111
6.7111 6.7111
6.7111 6.7111
6.7111 6.78011
6.7111 6.84847
6.7111 6.78011
6.78011 6.84847
6.78011 6.98331
6.78011 6.78011
6.78011 6.78011
6.78011 6.84847
6.78011 9.34886
6.78011 6.84847
6.78011 7.04983
6.78011 7.56226
6.78011 9.14365
6.78011 8.27496
6.78011 6.78011
6.78011 6.84847
6.78011 10.5454
6.78011 6.98331
6.78011 6.98331
6.78011 7.18115
6.78011 6.84847
6.78011 6.78011
6.84847 6.84847
6.84847 6.98331
6.84847 6.84847
6.84847 7.56226
6.84847 6.84847
6.84847 6.84847
6.84847 7.04983
6.84847 7.31025
6.84847 7.04983
6.84847 6.84847
6.84847 6.84847
6.84847 6.84847
6.84847 6.98331
6.84847 6.98331
6.84847 7.04983
6.84847 7.56226
6.84847 6.98331
6.84847 6.98331
6.84847 7.04983
6.84847 6.98331
6.84847 6.84847
6.84847 7.04983
6.84847 6.84847
6.84847 6.98331
6.84847 6.84847
6.84847 7.04983
6.84847 6.84847
6.84847 7.80662
6.84847 7.11577
6.84847 6.84847
6.84847 7.04983
6.84847 6.84847
6.84847 6.84847
6.84847 6.84847
6.84847 7.04983
6.84847 6.98331
6.84847 7.31025
6.84847 6.84847
6.84847 6.84847
6.84847 6.98331
6.98331 7.56226
6.98331 7.31025
6.98331 7.11577
6.98331 6.98331
6.98331 7.37401
6.98331 7.18115
7.04983 7.18115
7.04983 7.11577
7.04983 7.56226
7.04983 7.04983
7.04983 7.18115
7.04983 7.18115
7.04983 7.31025
7.04983 7.18115
7.04983 7.37401
7.04983 7.18115
7.04983 9.3995
7.04983 7.18115
7.04983 7.04983
7.04983 7.18115
7.11577 7.37401
7.11577 7.31025
7.11577 7.18115
7.11577 8.044
7.11577 7.18115
7.11577 7.11577
7.11577 7.11577
7.11577 7.18115
7.18115 7.37401
7.18115 7.56226
7.18115 7.18115
7.18115 7.31025
7.18115 7.18115
7.18115 7.31025
7.18115 7.56226
7.18115 7.37401
7.18115 7.18115
7.18115 7.18115
7.18115 7.18115
7.18115 7.18115
7.18115 7.37401
7.31025 7.68535
7.31025 7.37401
7.31025 7.31025
7.31025 7.31025
7.31025 7.62404
7.31025 7.56226
7.31025 7.37401
7.31025 7.37401
7.31025 7.31025
7.31025 7.31025
7.31025 7.37401
7.31025 7.62404
7.31025 7.31025
7.31025 7.56226
7.31025 8.10233
7.31025 8.10233
7.31025 10.1301
7.31025 7.31025
7.31025 7.37401
7.31025 7.56226
7.31025 7.56226
7.31025 7.37401
7.31025 7.68535
7.31025 7.31025
7.31025 7.31025
7.31025 7.31025
7.31025 7.37401
7.31025 8.2178
7.31025 8.61043
7.37401 7.37401
7.37401 7.37401
7.37401 7.5
7.37401 7.56226
7.37401 8.10233
7.37401 7.37401
7.37401 7.68535
7.37401 7.56226
7.37401 7.37401
7.37401 7.56226
7.37401 7.56226
7.5 8.27496
7.5 7.56226
7.5 7.56226
7.5 7.62404
7.5 8.55538
7.5 7.5
7.5 7.56226
7.5 8.5
7.5 7.5
7.5 8.16025
7.5 7.56226
7.5 7.56226
7.5 7.56226
7.56226 7.80662
7.56226 7.8666
7.56226 7.56226
7.56226 7.56226
7.56226 7.56226
7.56226 7.62404
7.56226 7.74621
7.56226 8.10233
7.56226 7.74621
7.56226 8.88083
7.56226 7.56226
7.56226 7.62404
7.56226 7.56226
7.56226 7.62404
7.56226 7.68535
7.56226 7.98528
7.56226 7.56226
7.56226 7.56226
7.56226 7.62404
7.56226 7.62404
7.56226 7.56226
7.56226 7.56226
7.56226 7.56226
7.56226 7.74621
7.56226 7.68535
7.56226 7.98528
7.56226 7.62404
7.56226 7.80662
7.56226 7.62404
7.56226 7.80662
7.56226 7.56226
7.56226 7.56226
7.56226 7.56226
7.56226 7.56226
7.56226 7.98528
7.56226 8.93398
7.62404 7.62404
7.62404 9.54988
7.62404 7.80662
7.62404 8.88083
7.62404 7.68535
7.62404 8.10233
7.62404 8.71954
7.62404 7.80662
7.62404 7.62404
7.62404 7.62404
7.62404 7.74621
7.62404 7.74621
7.62404 7.62404
7.62404 8.93398
7.62404 7.62404
7.62404 7.8666
7.62404 7.8666
7.62404 7.68535
7.62404 7.62404
7.62404 7.68535
7.62404 8.10233
7.62404 7.68535
7.68535 7.68535
7.68535 7.80662
7.68535 7.68535
7.68535 8.66515
7.68535 7.80662
7.68535 7.74621
7.68535 9.34886
7.68535 7.74621
7.68535 7.80662
7.74621 7.8666
7.74621 7.80662
7.74621 8.55538
7.74621 8.10233
7.74621 7.80662
7.74621 10.2703
7.74621 9.5
7.74621 8.10233
7.74621 9.34886
7.74621 9.14365
7.80662 7.80662
7.80662 7.80662
7.80662 8.10233
7.80662 7.8666
7.80662 8.10233
7.80662 7.80662
7.80662 7.80662
7.80662 7.80662
7.80662 7.8666
7.80662 8.10233
7.80662 7.8666
7.80662 7.98528
7.80662 7.80662
7.80662 7.80662
7.80662 8.10233
7.80662 8.10233
7.8666 8.5
7.8666 8.93398
7.8666 8.88083
7.8666 8.71954
7.8666 8.10233
7.8666 8.10233
7.98528 8.044
7.98528 7.98528
7.98528 8.044
7.98528 7.98528
7.98528 8.27496
7.98528 8.10233
7.98528 8.27496
7.98528 8.044
7.98528 8.16025
7.98528 8.044
7.98528 8.044
7.98528 10.5454
7.98528 8.044
7.98528 8.27496
7.98528 8.5
7.98528 8.10233
7.98528 8.10233
8.044 8.10233
8.044 8.044
8.044 8.27496
8.044 8.044
8.044 9.44987
8.044 8.16025
8.044 8.16025
8.044 8.10233
8.044 8.10233
8.044 8.044
8.044 8.10233
8.044 8.16025
8.044 8.27496
8.044 8.55539
8.044 8.044
8.044 8.16025
8.044 8.044
8.044 8.044
8.044 8.044
8.044 8.16025
8.044 8.044
8.044 8.10233
8.044 8.10233
8.044 8.10233
8.044 8.10233
8.044 8.10233
8.044 8.10233
8.044 10.8578
8.10233 9.29796
8.10233 8.27496
8.10233 8.27496
8.10233 9.3995
8.10233 8.16025
8.10233 8.16025
8.10233 10.725
8.10233 8.16025
8.10233 8.10233
8.10233 8.16025
8.10233 8.10233
8.10233 8.27496
8.10233 8.10233
8.10233 8.5
8.10233 8.10233
8.10233 8.27496
8.10233 8.16025
8.10233 8.10233
8.10233 8.16025
8.16025 8.27496
8.16025 8.27496
8.16025 8.2178
8.16025 8.27496
8.16025 8.16025
8.16025 8.27496
8.16025 8.27496
8.16025 8.2178
8.2178 8.2178
8.2178 8.44427
8.2178 8.27496
8.27496 8.71954
8.27496 10.6803
8.27496 8.27496
8.27496 8.44427
8.27496 8.5
8.27496 9.14365
8.27496 8.77362
8.27496 8.5
8.27496 8.27496
8.27496 8.33176
8.27496 8.71954
8.27496 8.27496
8.33176 8.61043
8.33176 8.5
8.33176 8.5
8.33176 8.5
8.33176 8.5
8.33176 8.5
8.44427 8.5
8.44427 8.44427
8.44427 8.77362
8.44427 8.61043
8.44427 9.34886
8.5 8.55538
8.5 8.5
8.5 8.77362
8.5 8.93398
8.5 8.55539
8.5 8.5
8.5 8.77362
8.5 8.5
8.5 9.5995
8.5 8.5
8.5 8.61043
8.5 8.55539
8.5 8.93398
8.5 8.5
8.5 8.66515
8.5 8.98683
8.5 8.55539
8.5 8.5
8.5 8.5
8.55538 8.61043
8.55538 8.61043
8.55538 9.19536
8.55538 8.61043
8.55538 10.725
8.55539 8.61043
8.55539 8.66515
8.55539 8.55539
8.55539 8.93398
8.55539 8.93398
8.55539 8.55539
8.61043 8.71954
8.61043 8.77362
8.61043 8.77362
8.61043 8.93398
8.61043 8.61043
8.61043 8.71954
8.61043 8.77362
8.61043 8.66515
8.61043 8.66515
8.66515 8.71954
8.66515 8.71954
8.66515 8.93398
8.66515 8.77362
8.66515 8.93398
8.71954 8.77362
8.71954 8.77362
8.71954 8.93398
8.71954 8.93398
8.71954 8.93398
8.71954 8.71954
8.77362 8.77362
8.77362 8.77362
8.77362 8.77362
8.77362 8.98683
8.77362 8.77362
8.77362 8.93398
8.77362 8.98683
8.77362 8.93398
8.77362 8.77362
8.77362 8.93398
8.77362 8.88083
8.77362 8.93398
8.77362 8.98683
8.77362 9.14365
8.77362 8.93398
8.77362 9.94031
8.88083 10.1301
8.88083 8.93398
8.88083 8.88083
8.88083 8.93398
8.88083 8.88083
8.88083 8.88083
8.88083 8.98683
8.88083 8.88083
8.93398 8.98683
8.93398 8.98683
8.93398 8.93398
8.93398 8.93398
8.93398 8.93398
8.93398 8.93398
8.93398 8.98683
8.93398 9.29796
8.93398 9.14365
8.93398 8.93398
8.93398 9.14365
8.93398 9.19536
8.93398 9.19536
8.93398 8.93398
8.93398 8.98683
8.93398 9.34886
8.93398 9.03939
8.93398 8.93398
8.93398 8.93398
8.93398 8.98683
8.98683 9.19536
8.98683 8.98683
8.98683 9.14365
8.98683 10.1301
8.98683 8.98683
8.98683 8.98683
8.98683 9.3995
9.03939 9.19536
9.03939 9.5
9.03939 9.14365
9.14365 9.98809
9.14365 9.3995
9.19536 9.19536
9.19536 9.34886
9.19536 9.34886
9.19536 9.3995
9.19536 9.19536
9.19536 9.19536
9.29796 9.29796
9.29796 9.54988
9.29796 9.3995
9.34886 9.3995
9.34886 9.3995
9.34886 9.84408
9.34886 9.54988
9.34886 9.34886
9.34886 9.54988
9.34886 9.79563
9.34886 9.34886
9.34886 9.34886
9.34886 9.54988
9.3995 9.44987
9.3995 9.84408
9.3995 9.44987
9.3995 9.44987
9.3995 9.3995
9.3995 9.54988
9.3995 9.44987
9.3995 9.3995
9.3995 10.5
9.3995 9.44987
9.3995 9.44987
9.44987 9.44987
9.44987 9.5
9.44987 9.54988
9.44987 9.94031
9.44987 9.79563
9.44987 9.5
9.5 9.54988
9.5 9.5
9.5 9.54988
9.5 9.54988
9.5 9.5
9.5 9.54988
9.5 9.5
9.5 9.54988
9.54988 11.2473
9.54988 9.54988
9.54988 11.3743
9.69804 10.9018
9.74695 9.74695
9.74695 10.2238
9.74695 10.1771
9.74695 9.84408
9.74695 9.79563
9.74695 9.74695
9.79563 10.6803
9.79563 9.94031
9.79563 9.79563
9.79563 9.8923
9.84408 9.8923
9.8923 10.1301
9.8923 9.94031
9.8923 10.1771
9.8923 9.98809
9.94031 10.2238
9.94031 9.98809
9.94031 9.98809
9.94031 9.98809
9.98809 10.1301
9.98809 12.5767
9.98809 10.3628
10.1301 10.1301
10.1301 10.1301
10.1301 10.2703
10.1301 10.2238
10.1301 10.2703
10.1301 10.1771
10.1771 10.6803
10.1771 10.3628
10.1771 10.3167
10.1771 10.6803
10.2238 10.2238
10.2703 10.2703
10.2703 10.5454
10.2703 10.5
10.2703 10.4545
10.3167 10.5
10.3167 12.9164
10.3167 10.3167
10.3167 10.3628
10.3628 10.8578
10.3628 10.5454
10.4545 10.5
10.5 10.5905
10.5 10.5
10.5454 10.5454
10.5454 10.5905
10.6803 10.9018
10.725 10.725
10.8578 10.9455
10.8578 11.0758
10.9018 10.9018
10.9455 11.0326
11.1619 12.9907
11.1619 11.3322
11.1619 11.2047
11.2047 11.2473
11.2047 11.2473
11.7066 11.7474
11.7066 11.8288
11.7474 11.7474
12.2279 12.2279
12.5 12.5384
12.5 12.5
12.5384 12.5384
12.6529 12.9907
12.8041 12.8791
12.8417 12.9536
12.8791 13.1015
12.9907 13.1015
13.8527 14.2309
