1.73607 1.94949
1.73607 1.73607
2.32843 2.32843
2.32843 2.5
2.32843 2.32843
2.5 2.5
2.5 3.10555
2.5 2.66228
2.5 2.5
2.5 2.5
2.5 2.5
2.66228 2.66228
2.66228 2.66228
2.66228 2.66228
2.66228 2.66228
2.66228 2.66228
2.81662 3.10555
2.81662 3.10555
2.81662 2.81662
2.81662 2.81662
3.10555 3.10555
3.10555 3.10555
3.10555 3.10555
3.10555 3.10555
3.10555 3.10555
3.10555 3.24166
3.24166 3.24166
3.24166 3.24166
3.24166 3.24166
3.24166 3.24166
3.24166 3.62311
3.5 3.5
3.5 3.5
3.5 3.62311
3.5 3.62311
3.5 3.62311
3.5 3.62311
3.5 3.62311
3.5 3.62311
3.5 3.62311
3.5 3.5
3.62311 3.62311
3.62311 3.8589
3.62311 3.62311
3.62311 3.62311
3.62311 3.62311
3.62311 3.74264
3.62311 3.62311
3.62311 3.74264
3.62311 3.62311
3.62311 4.08258
3.62311 3.8589
3.62311 4.88516
3.62311 3.62311
3.62311 3.62311
3.62311 3.62311
3.62311 3.62311
3.62311 3.62311
3.62311 3.62311
3.74264 3.74264
3.74264 3.74264
3.74264 3.74264
3.74264 3.74264
3.74264 3.74264
3.74264 3.74264
3.74264 3.8589
3.74264 3.74264
3.74264 3.8589
3.74264 3.97214
3.74264 3.8589
3.74264 4.08258
3.74264 4.08258
3.74264 3.74264
3.8589 4.5
3.8589 3.97214
3.8589 3.97214
3.8589 4.08258
3.8589 3.97214
3.8589 3.8589
3.8589 3.97214
3.8589 3.97214
3.97214 3.97214
3.97214 3.97214
3.97214 3.97214
3.97214 3.97214
3.97214 3.97214
3.97214 3.97214
3.97214 3.97214
3.97214 3.97214
4.08258 4.19042
4.08258 4.19042
4.08258 4.08258
4.08258 4.39898
4.08258 4.08258
4.19042 4.39898
4.19042 4.19042
4.19042 4.39898
4.19042 4.5
4.19042 4.39898
4.19042 4.39898
4.39898 4.5
4.39898 4.39898
4.39898 4.59902
4.39898 4.5
4.39898 4.39898
4.5 4.5
4.5 4.5
4.5 4.59902
4.5 4.5
4.5 4.59902
4.5 4.5
4.5 4.5
4.5 4.59902
4.5 4.5
4.5 4.59902
4.5 4.5
4.5 4.5
4.5 4.59902
4.59902 4.59902
4.59902 4.69615
4.59902 4.88516
4.59902 4.59902
4.59902 4.88516
4.59902 4.69615
4.59902 4.88516
4.59902 4.59902
4.59902 4.59902
4.59902 4.97723
4.59902 4.59902
4.59902 4.69615
4.59902 4.69615
4.59902 4.59902
4.59902 4.59902
4.59902 4.59902
4.69615 4.88516
4.69615 4.88516
4.69615 4.88516
4.88516 4.88516
4.88516 4.88516
4.88516 4.88516
4.88516 5.15685
4.88516 4.88516
4.88516 4.88516
4.88516 4.88516
4.88516 4.88516
4.88516 4.88516
4.88516 4.88516
4.88516 4.88516
4.88516 4.88516
4.88516 4.88516
4.88516 4.88516
4.88516 4.88516
4.88516 4.88516
4.88516 5.24456
4.88516 4.97723
4.88516 4.97723
4.97723 5.24456
4.97723 5.15685
4.97723 5.24456
4.97723 5.5
4.97723 5.15685
4.97723 7.11577
4.97723 4.97723
5.15685 5.66441
5.15685 5.24456
5.15685 5.33095
5.15685 5.15685
5.15685 5.24456
5.24456 5.66441
5.24456 5.33095
5.24456 5.5
5.24456 5.24456
5.24456 5.33095
5.24456 5.41608
5.24456 5.24456
5.24456 5.33095
5.24456 5.41608
5.24456 5.24456
5.24456 7.11577
5.24456 5.33095
5.24456 5.98074
5.24456 5.33095
5.24456 5.24456
5.24456 5.24456
5.24456 5.33095
5.33095 6.05744
5.33095 5.66441
5.33095 5.41608
5.33095 5.33095
5.33095 5.41608
5.33095 5.33095
5.33095 5.5
5.33095 5.41608
5.33095 9.19536
5.33095 5.5
5.33095 5.33095
5.33095 5.66441
5.33095 5.33095
5.33095 5.5
5.33095 5.41608
5.41608 5.5
5.41608 5.82456
5.41608 5.5
5.41608 5.41608
5.41608 5.5
5.5 5.58276
5.5 6.78011
5.5 7.56226
5.5 5.66441
5.5 5.66441
5.5 7.31025
5.5 5.5
5.5 5.5
5.5 5.5
5.5 5.58276
5.5 5.58276
5.5 5.66441
5.5 5.5
5.58276 5.66441
5.58276 5.66441
5.58276 6.13325
5.58276 5.66441
5.58276 7.62404
5.58276 5.66441
5.58276 5.58276
5.58276 5.82456
5.58276 5.82456
5.58276 5.66441
5.66441 9.3995
5.66441 5.90312
5.66441 6.2082
5.66441 5.66441
5.66441 5.82456
5.66441 5.82456
5.66441 5.66441
5.66441 5.82456
5.66441 5.66441
5.66441 5.82456
5.66441 5.82456
5.66441 5.82456
5.82456 5.90312
5.82456 5.90312
5.82456 6.2082
5.82456 5.90312
5.82456 5.90312
5.82456 5.90312
5.90312 5.90312
5.90312 5.98074
5.90312 6.5
5.90312 5.90312
5.90312 6.57107
5.90312 5.90312
5.90312 6.5
5.90312 5.90312
5.90312 5.98074
5.90312 5.90312
5.90312 7.62404
5.90312 6.13325
5.90312 5.90312
5.90312 5.90312
5.90312 6.2082
5.90312 6.05744
5.90312 5.90312
5.90312 6.2082
5.90312 5.90312
5.90312 8.10233
5.90312 5.98074
5.90312 5.90312
5.90312 6.2082
5.90312 5.98074
5.98074 6.2082
5.98074 6.13325
5.98074 6.13325
5.98074 5.98074
5.98074 6.2082
6.05744 6.5
6.05744 6.64143
6.05744 6.05744
6.05744 6.2082
6.05744 6.2082
6.05744 6.13325
6.13325 6.5
6.13325 6.2082
6.13325 6.2082
6.13325 6.2082
6.2082 6.5
6.2082 6.2082
6.2082 7.31025
6.2082 6.28233
6.2082 6.5
6.2082 7.62404
6.2082 6.64143
6.2082 6.7111
6.2082 6.2082
6.2082 6.28233
6.2082 6.2082
6.2082 6.5
6.28233 6.5
6.28233 6.28233
6.28233 6.5
6.28233 6.5
6.28233 7.04983
6.28233 6.5
6.28233 6.5
6.28233 7.37401
6.28233 6.5
6.28233 6.5
6.4282 6.57107
6.4282 6.5
6.5 6.7111
6.5 6.57107
6.5 6.57107
6.5 6.5
6.5 6.57107
6.5 6.78011
6.5 6.5
6.5 6.7111
6.5 6.5
6.5 6.5
6.5 8.10233
6.5 6.7111
6.5 6.5
6.5 6.57107
6.5 6.5
6.5 6.5
6.5 6.57107
6.57107 8.93398
6.57107 6.78011
6.57107 6.57107
6.57107 6.57107
6.57107 6.64143
6.57107 7.98528
6.57107 6.57107
6.57107 6.64143
6.57107 6.57107
6.64143 6.7111
6.64143 6.64143
6.64143 6.84847
6.64143 6.84847
6.64143 7.31025
6.64143 7.18115
6.64143 6.78011
6.64143 6.64143
6.7111 6.7111
6.7111 6.78011
6.7111 6.84847
6.7111 7.31025
6.7111 6.78011
6.78011 6.84847
6.78011 6.98331
6.78011 7.11577
6.78011 6.98331
6.78011 6.84847
6.78011 6.78011
6.78011 8.88083
6.78011 6.84847
6.78011 6.84847
6.78011 7.18115
6.78011 6.84847
6.78011 6.84847
6.78011 6.78011
6.84847 7.04983
6.84847 6.98331
6.84847 7.04983
6.84847 7.31025
6.84847 7.5
6.84847 7.11577
6.84847 7.04983
6.84847 7.62404
6.84847 7.04983
6.84847 6.98331
6.84847 6.84847
6.98331 7.04983
6.98331 7.18115
6.98331 7.11577
6.98331 7.18115
6.98331 7.18115
7.04983 7.18115
7.04983 7.31025
7.04983 7.18115
7.04983 7.37401
7.04983 7.18115
7.04983 8.5
7.04983 7.04983
7.04983 7.04983
7.11577 7.62404
7.11577 7.18115
7.11577 8.10233
7.11577 7.18115
7.18115 7.18115
7.18115 8.044
7.18115 7.56226
7.18115 7.37401
7.31025 7.31025
7.31025 7.37401
7.31025 7.31025
7.31025 7.31025
7.31025 7.62404
7.31025 7.31025
7.37401 7.56226
7.37401 8.10233
7.37401 7.56226
7.37401 7.80662
7.37401 7.62404
7.37401 7.56226
7.5 7.56226
7.5 7.56226
7.56226 7.62404
7.56226 7.56226
7.56226 7.56226
7.56226 8.44427
7.56226 7.56226
7.56226 7.56226
7.56226 8.10233
7.56226 7.74621
7.56226 7.56226
7.56226 7.56226
7.56226 8.044
7.56226 7.56226
7.56226 8.5
7.62404 7.98528
7.62404 7.62404
7.62404 7.74621
7.62404 8.27496
7.62404 7.68535
7.62404 7.62404
7.62404 9.98809
7.74621 8.10233
7.74621 7.80662
7.74621 7.74621
7.74621 8.44427
7.80662 7.80662
7.80662 7.80662
7.80662 7.98528
7.80662 7.80662
7.8666 8.27496
7.98528 8.10233
8.044 8.5
8.044 8.44427
8.044 8.10233
8.10233 8.16025
8.10233 8.10233
8.10233 8.10233
8.10233 8.27496
8.10233 8.10233
8.10233 8.16025
8.10233 8.71954
8.16025 8.55539
8.16025 8.27496
8.16025 8.5
8.16025 8.27496
8.16025 8.55538
8.16025 8.16025
8.2178 8.27496
8.27496 8.27496
8.27496 8.27496
8.27496 8.27496
8.27496 8.27496
8.27496 8.27496
8.27496 8.27496
8.27496 8.71954
8.33176 9.19536
8.33176 8.5
8.33176 8.33176
8.44427 8.66515
8.5 8.5
8.5 8.55539
8.5 8.5
8.5 8.66515
8.5 8.66515
8.5 8.5
8.5 8.66515
8.66515 8.93398
8.71954 8.77362
8.71954 8.71954
8.77362 8.77362
8.93398 9.29796
8.93398 9.14365
8.98683 9.34886
8.98683 9.14365
9.03939 9.19536
9.19536 9.19536
9.29796 9.3995
9.3995 9.44987
9.44987 9.69804
9.54988 10.1771
9.54988 9.8923
9.69804 9.69804
9.69804 9.79563
9.79563 9.84408
9.8923 9.98809
9.94031 9.98809
9.98809 10.3628
10.1301 10.1771
10.3167 10.4545
10.5454 10.6803
10.6803 10.6803
10.8578 10.8578
10.9455 11.0326
11.5 11.5
