2.5 2.5
2.5 2.5
3.10555 3.24166
3.24166 3.24166
3.62311 3.62311
3.62311 3.62311
3.62311 3.74264
3.62311 3.62311
3.62311 3.62311
3.62311 3.62311
3.62311 3.62311
3.62311 3.97214
3.74264 3.74264
3.74264 4.59902
3.74264 3.74264
3.74264 3.74264
4.5 4.5
4.5 4.59902
4.59902 4.59902
4.59902 4.59902
4.88516 4.97723
4.88516 5.66441
4.97723 5.24456
4.97723 4.97723
5.15685 5.24456
5.15685 5.24456
5.15685 5.66441
5.33095 5.41608
5.33095 5.90312
5.33095 5.41608
5.33095 5.41608
5.41608 5.58276
5.41608 5.66441
5.5 5.5
5.58276 5.66441
5.90312 6.2082
5.90312 5.98074
6.2082 6.2082
6.5 6.57107
6.7111 6.78011
7.31025 7.31025
7.31025 7.37401
8.16025 8.5
8.44427 8.44427
9.79563 10.2703
10.1301 10.1301
11.1619 11.2898
11.8288 11.8288
12.1886 12.8417
12.3452 12.3841
12.5384 12.5767
