-3.63617 0.498314
-3.25284 0.49775
-2.5086 0.913816
-2.50727 0.498102
-2.33662 0.497787
-2.33648 0.49775
-2.33537 0.498102
-1.74263 0.913429
-1.74253 0.497295
-1.74235 0.499095
-1.74184 0.913484
-1.74164 0.913816
-1.74162 0.497295
-1.7416 0.498708
-1.50561 0.498223
-1.50485 0.496841
-1.50453 0.913816
-1.50418 0.913816
-1.23732 0.498466
-0.918013 0.497611
-0.917819 0.498047
-0.917819 0.913948
-0.917572 1.23198
-0.502119 0.497489
-0.501654 0.498642
-0.50096 0.499204
0.498532 0.913562
0.498896 0.499017
0.499083 0.499083
0.499415 0.913297
0.49947 0.913749
0.49947 0.913683
0.913749 1.5
0.913816 1.73607
0.914147 1.23192
1.23192 1.5
1.23198 1.23198
1.5 1.73607
1.5 1.5
1.73607 1.73607
1.73607 2.32843
1.73607 1.73607
1.73607 1.73607
1.73607 1.94949
1.73607 1.94949
1.73607 1.73607
1.94949 2.32843
1.94949 2.32843
1.94949 1.94949
1.94949 2.32843
2.32843 2.32843
2.32843 2.32843
2.32843 2.32843
2.32843 2.32843
2.32843 2.32843
2.32843 2.32843
2.32843 2.32843
2.32843 2.32843
2.32843 2.32843
2.32843 2.5
2.32843 2.32843
2.5 2.66228
2.5 2.5
2.5 2.5
2.5 2.5
2.5 2.5
2.5 2.5
2.5 2.5
2.5 2.5
2.5 2.5
2.5 2.5
2.5 2.5
2.5 2.5
2.5 2.5
2.5 2.5
2.5 2.5
2.5 2.5
2.5 2.5
2.5 2.5
2.5 2.5
2.5 2.5
2.5 2.66228
2.5 2.66228
2.5 2.5
2.5 2.9641
2.5 2.5
2.5 2.5
2.5 2.66228
2.5 2.66228
2.5 2.66228
2.5 2.5
2.5 2.5
2.5 2.5
2.5 2.5
2.5 2.5
2.5 2.5
2.5 2.66228
2.5 2.66228
2.5 2.5
2.5 2.66228
2.5 2.66228
2.5 2.5
2.5 2.5
2.5 2.5
2.66228 2.81662
2.66228 2.66228
2.66228 2.66228
2.66228 2.66228
2.66228 2.66228
2.66228 2.66228
2.66228 2.66228
2.66228 2.66228
2.66228 2.66228
2.66228 2.66228
2.66228 2.66228
2.66228 2.66228
2.66228 2.66228
2.66228 2.66228
2.66228 2.66228
2.66228 2.66228
2.66228 2.66228
2.66228 2.81662
2.66228 2.66228
2.66228 2.66228
2.66228 3.10555
2.66228 2.66228
2.66228 2.81662
2.66228 2.9641
2.66228 2.66228
2.66228 2.81662
2.66228 2.66228
2.66228 2.66228
2.66228 2.66228
2.66228 2.66228
2.66228 2.66228
2.66228 2.66228
2.81662 2.81662
2.81662 3.10555
2.81662 2.9641
2.81662 2.81662
2.81662 2.81662
2.81662 2.81662
2.81662 2.81662
2.81662 2.81662
2.81662 2.9641
2.81662 2.9641
2.9641 3.10555
2.9641 2.9641
2.9641 3.10555
2.9641 3.10555
2.9641 2.9641
3.10555 3.24166
3.10555 3.10555
3.10555 3.10555
3.10555 3.10555
3.10555 3.10555
3.10555 3.10555
3.10555 3.24166
3.10555 3.10555
3.10555 3.24166
3.10555 3.10555
3.10555 3.10555
3.10555 3.10555
3.10555 3.10555
3.10555 3.24166
3.10555 3.24166
3.10555 3.10555
3.10555 3.10555
3.10555 3.24166
3.10555 3.24166
3.10555 3.10555
3.10555 3.10555
3.10555 3.10555
3.10555 3.10555
3.10555 3.10555
3.10555 3.24166
3.10555 3.24166
3.10555 3.10555
3.10555 3.10555
3.10555 3.24166
3.10555 3.10555
3.10555 3.10555
3.10555 3.10555
3.10555 3.10555
3.10555 3.24166
3.10555 3.24166
3.10555 3.10555
3.24166 3.5
3.24166 3.24166
3.24166 3.24166
3.24166 3.24166
3.24166 3.24166
3.24166 3.24166
3.24166 3.24166
3.24166 3.24166
3.24166 3.24166
3.24166 3.24166
3.24166 3.24166
3.24166 3.5
3.24166 3.24166
3.24166 3.24166
3.24166 3.24166
3.24166 3.24166
3.24166 3.24166
3.24166 3.24166
3.24166 3.24166
3.24166 3.24166
3.24166 3.24166
3.24166 3.24166
3.24166 3.24166
3.24166 3.24166
3.24166 3.24166
3.24166 3.24166
3.24166 3.24166
3.24166 3.62311
3.24166 3.24166
3.24166 3.24166
3.24166 3.24166
3.24166 3.24166
3.24166 3.24166
3.24166 3.24166
3.24166 3.97214
3.24166 3.24166
3.24166 3.24166
3.24166 3.24166
3.24166 3.24166
3.24166 3.74264
3.24166 3.62311
3.24166 3.24166
3.24166 3.24166
3.24166 3.62311
3.24166 3.62311
3.24166 3.24166
3.24166 3.62311
3.24166 3.24166
3.24166 3.8589
3.24166 3.24166
3.24166 3.62311
3.24166 3.5
3.24166 3.5
3.24166 3.62311
3.24166 3.24166
3.24166 3.5
3.24166 3.24166
3.24166 3.62311
3.5 3.62311
3.5 3.5
3.5 3.5
3.5 3.5
3.5 3.5
3.5 3.5
3.5 3.5
3.5 3.62311
3.5 3.62311
3.5 3.5
3.5 3.5
3.5 3.5
3.5 3.5
3.5 3.62311
3.5 3.5
3.5 3.5
3.5 3.8589
3.5 3.62311
3.5 3.5
3.5 3.62311
3.5 3.62311
3.5 3.5
3.5 3.62311
3.5 3.5
3.5 3.5
3.5 3.62311
3.5 3.62311
3.5 3.5
3.5 3.5
3.5 3.5
3.5 3.62311
3.5 3.62311
3.5 3.5
3.5 3.5
3.5 3.62311
3.5 3.62311
3.5 3.62311
3.62311 3.62311
3.62311 3.62311
3.62311 3.62311
3.62311 3.62311
3.62311 3.74264
3.62311 3.74264
3.62311 3.62311
3.62311 3.74264
3.62311 3.62311
3.62311 3.62311
3.62311 3.74264
3.62311 3.62311
3.62311 3.62311
3.62311 3.62311
3.62311 3.62311
3.62311 3.62311
3.62311 3.62311
3.62311 3.62311
3.62311 3.62311
3.62311 3.62311
3.62311 3.62311
3.62311 3.62311
3.62311 3.62311
3.62311 3.62311
3.62311 3.62311
3.62311 3.62311
3.62311 3.62311
3.62311 3.62311
3.62311 3.62311
3.62311 3.62311
3.62311 3.62311
3.62311 3.62311
3.62311 3.62311
3.62311 3.97214
3.62311 3.62311
3.62311 3.62311
3.62311 3.74264
3.62311 3.62311
3.62311 3.8589
3.62311 3.62311
3.62311 3.62311
3.62311 3.74264
3.62311 3.62311
3.62311 3.62311
3.62311 3.62311
3.62311 3.62311
3.62311 3.62311
3.62311 3.8589
3.62311 3.74264
3.62311 3.62311
3.62311 3.62311
3.62311 3.62311
3.62311 3.62311
3.62311 3.74264
3.62311 3.62311
3.62311 3.62311
3.62311 3.62311
3.62311 4.08258
3.62311 3.62311
3.62311 3.62311
3.62311 3.62311
3.62311 3.62311
3.62311 3.62311
3.62311 3.8589
3.62311 3.62311
3.62311 3.62311
3.62311 3.62311
3.62311 3.62311
3.62311 3.62311
3.62311 3.62311
3.62311 3.62311
3.62311 3.62311
3.62311 3.62311
3.62311 3.62311
3.62311 3.62311
3.62311 3.62311
3.62311 3.62311
3.62311 3.62311
3.62311 3.62311
3.62311 3.62311
3.62311 3.62311
3.62311 3.62311
3.62311 3.8589
3.62311 3.62311
3.62311 3.62311
3.62311 3.74264
3.62311 3.74264
3.62311 3.62311
3.62311 3.8589
3.62311 3.62311
3.62311 3.62311
3.62311 3.62311
3.62311 3.74264
3.62311 3.62311
3.62311 3.62311
3.62311 3.62311
3.62311 3.74264
3.62311 3.74264
3.62311 3.8589
3.62311 3.62311
3.62311 3.74264
3.62311 3.62311
3.62311 3.62311
3.62311 3.62311
3.62311 3.62311
3.62311 5.66441
3.62311 3.62311
3.62311 3.62311
3.62311 3.62311
3.62311 3.74264
3.62311 3.62311
3.62311 3.62311
3.62311 3.74264
3.62311 3.62311
3.62311 3.62311
3.62311 3.62311
3.62311 3.62311
3.62311 3.62311
3.62311 3.62311
3.62311 3.62311
3.62311 3.62311
3.62311 3.62311
3.62311 3.74264
3.62311 3.62311
3.62311 3.62311
3.62311 3.62311
3.62311 3.74264
3.62311 3.97214
3.62311 3.74264
3.62311 3.97214
3.62311 3.74264
3.62311 3.62311
3.62311 3.62311
3.74264 3.74264
3.74264 3.97214
3.74264 3.74264
3.74264 3.74264
3.74264 3.74264
3.74264 3.8589
3.74264 6.98331
3.74264 4.59902
3.74264 3.74264
3.74264 3.74264
3.74264 3.74264
3.74264 3.74264
3.74264 3.74264
3.74264 3.74264
3.74264 3.74264
3.74264 4.08258
3.74264 3.8589
3.74264 3.97214
3.74264 3.97214
3.74264 3.8589
3.74264 4.5
3.74264 3.8589
3.74264 3.74264
3.74264 4.08258
3.74264 3.74264
3.74264 3.74264
3.74264 3.74264
3.74264 3.97214
3.74264 3.74264
3.74264 4.19042
3.74264 3.97214
3.74264 3.8589
3.74264 3.74264
3.74264 3.8589
3.74264 3.97214
3.74264 3.74264
3.74264 4.19042
3.74264 3.74264
3.74264 4.88516
3.74264 3.8589
3.74264 3.74264
3.74264 3.74264
3.74264 3.8589
3.74264 3.74264
3.74264 3.74264
3.74264 3.74264
3.74264 3.8589
3.74264 3.8589
3.74264 3.74264
3.74264 3.8589
3.74264 3.74264
3.74264 3.74264
3.74264 4.59902
3.74264 3.97214
3.74264 3.74264
3.74264 4.08258
3.74264 3.74264
3.74264 3.74264
3.74264 5.90312
3.74264 3.74264
3.74264 3.97214
3.74264 3.8589
3.74264 3.74264
3.74264 3.97214
3.74264 3.74264
3.74264 4.08258
3.74264 3.74264
3.74264 3.74264
3.74264 3.74264
3.74264 3.97214
3.74264 3.74264
3.74264 3.97214
3.8589 3.97214
3.8589 4.08258
3.8589 3.8589
3.8589 4.08258
3.8589 3.97214
3.8589 3.8589
3.8589 5.90312
3.8589 3.97214
3.8589 4.08258
3.8589 3.8589
3.8589 3.8589
3.8589 3.8589
3.8589 4.39898
3.8589 4.19042
3.8589 3.97214
3.8589 3.97214
3.8589 4.08258
3.8589 4.88516
3.8589 5.66441
3.8589 4.19042
3.8589 4.08258
3.8589 3.97214
3.8589 3.97214
3.8589 3.8589
3.8589 4.08258
3.8589 3.97214
3.8589 3.97214
3.8589 4.5
3.8589 3.8589
3.8589 3.97214
3.8589 4.08258
3.8589 3.97214
3.8589 3.8589
3.8589 4.08258
3.8589 3.8589
3.8589 3.8589
3.8589 3.8589
3.8589 4.08258
3.8589 3.97214
3.8589 3.97214
3.97214 3.97214
3.97214 4.5
3.97214 4.08258
3.97214 3.97214
3.97214 3.97214
3.97214 4.08258
3.97214 4.08258
3.97214 4.19042
3.97214 3.97214
3.97214 4.59902
3.97214 4.19042
3.97214 4.08258
3.97214 3.97214
3.97214 3.97214
3.97214 4.08258
3.97214 4.39898
3.97214 4.08258
3.97214 3.97214
3.97214 3.97214
3.97214 3.97214
3.97214 5.66441
3.97214 4.08258
3.97214 4.08258
3.97214 4.08258
3.97214 3.97214
3.97214 4.08258
3.97214 3.97214
3.97214 4.08258
3.97214 4.39898
3.97214 4.08258
3.97214 3.97214
3.97214 3.97214
3.97214 3.97214
3.97214 3.97214
3.97214 4.08258
3.97214 4.08258
3.97214 4.08258
3.97214 3.97214
3.97214 4.08258
3.97214 4.5
3.97214 4.08258
3.97214 3.97214
3.97214 4.08258
3.97214 4.08258
3.97214 3.97214
3.97214 3.97214
3.97214 3.97214
3.97214 4.08258
3.97214 3.97214
3.97214 3.97214
3.97214 4.08258
4.08258 4.59902
4.08258 4.39898
4.08258 4.08258
4.08258 4.08258
4.08258 4.08258
4.08258 4.08258
4.08258 4.08258
4.08258 4.08258
4.08258 4.19042
4.08258 4.19042
4.08258 4.08258
4.08258 4.08258
4.08258 4.19042
4.08258 4.39898
4.08258 4.5
4.08258 4.08258
4.08258 4.19042
4.08258 4.19042
4.08258 4.08258
4.08258 4.08258
4.08258 5.66441
4.08258 4.39898
4.08258 4.08258
4.08258 4.08258
4.08258 4.08258
4.08258 4.08258
4.08258 4.08258
4.08258 4.08258
4.08258 4.08258
4.08258 4.19042
4.08258 4.08258
4.08258 4.19042
4.08258 4.08258
4.08258 4.08258
4.08258 4.39898
4.08258 4.39898
4.08258 4.08258
4.08258 4.39898
4.08258 4.39898
4.08258 6.2082
4.08258 4.08258
4.08258 4.39898
4.08258 4.5
4.08258 4.08258
4.08258 4.08258
4.08258 4.08258
4.08258 4.08258
4.08258 4.39898
4.08258 4.08258
4.08258 4.08258
4.08258 4.08258
4.08258 4.5
4.08258 4.08258
4.08258 4.08258
4.08258 4.08258
4.08258 4.19042
4.08258 4.08258
4.08258 4.08258
4.08258 4.08258
4.08258 4.08258
4.08258 4.5
4.19042 4.39898
4.19042 4.5
4.19042 4.19042
4.19042 4.88516
4.19042 4.5
4.19042 4.19042
4.19042 4.19042
4.19042 4.19042
4.19042 4.39898
4.19042 4.97723
4.19042 4.19042
4.19042 4.39898
4.19042 4.19042
4.19042 4.19042
4.19042 4.19042
4.19042 4.39898
4.19042 4.39898
4.19042 4.5
4.19042 4.5
4.19042 4.97723
4.19042 4.39898
4.19042 4.39898
4.39898 4.59902
4.39898 4.59902
4.39898 4.39898
4.39898 6.05744
4.39898 4.5
4.39898 4.39898
4.39898 4.39898
4.39898 4.59902
4.39898 4.59902
4.39898 4.5
4.39898 4.39898
4.39898 4.5
4.39898 4.39898
4.39898 4.39898
4.39898 4.5
4.39898 4.5
4.39898 4.39898
4.39898 7.37401
4.39898 4.5
4.39898 4.39898
4.39898 4.59902
4.39898 4.39898
4.39898 4.39898
4.39898 4.39898
4.39898 7.62404
4.39898 4.5
4.39898 4.59902
4.39898 4.88516
4.39898 4.5
4.39898 4.5
4.39898 4.69615
4.39898 4.5
4.39898 4.39898
4.39898 4.39898
4.39898 4.5
4.39898 4.39898
4.39898 4.69615
4.39898 4.5
4.39898 4.5
4.39898 4.59902
4.39898 4.39898
4.39898 4.39898
4.39898 4.5
4.39898 6.13325
4.39898 4.59902
4.39898 4.5
4.39898 4.39898
4.39898 4.5
4.39898 4.5
4.39898 4.5
4.39898 4.39898
4.39898 4.39898
4.39898 4.59902
4.39898 4.59902
4.39898 4.5
4.39898 4.39898
4.39898 4.39898
4.39898 4.39898
4.39898 4.5
4.5 4.5
4.5 4.5
4.5 4.5
4.5 4.59902
4.5 4.5
4.5 4.59902
4.5 4.5
4.5 4.59902
4.5 5.24456
4.5 4.88516
4.5 4.5
4.5 4.5
4.5 4.5
4.5 4.59902
4.5 4.5
4.5 4.5
4.5 4.5
4.5 4.5
4.5 4.59902
4.5 4.59902
4.5 4.59902
4.5 4.5
4.5 5.98074
4.5 4.5
4.5 4.59902
4.5 4.59902
4.5 4.5
4.5 4.59902
4.5 4.59902
4.5 4.5
4.5 4.59902
4.5 4.5
4.5 4.5
4.5 4.5
4.5 4.5
4.5 4.59902
4.5 4.5
4.5 4.5
4.5 4.59902
4.5 4.5
4.5 4.59902
4.5 4.88516
4.5 4.5
4.5 4.5
4.5 4.5
4.5 4.5
4.5 4.59902
4.5 4.59902
4.5 4.5
4.5 4.59902
4.5 4.5
4.5 4.5
4.5 4.5
4.5 4.5
4.5 4.5
4.5 4.59902
4.5 4.69615
4.5 4.59902
4.5 4.59902
4.5 4.5
4.5 4.5
4.5 4.59902
4.5 4.5
4.5 4.5
4.5 4.5
4.5 4.5
4.5 4.59902
4.5 4.59902
4.5 4.5
4.5 5.24456
4.5 4.88516
4.5 4.59902
4.5 4.59902
4.5 4.88516
4.5 4.88516
4.5 4.59902
4.5 4.59902
4.5 4.5
4.5 4.59902
4.5 4.59902
4.5 4.5
4.5 4.5
4.5 4.59902
4.5 5.24456
4.5 4.59902
4.5 4.59902
4.5 4.5
4.5 4.5
4.5 4.59902
4.5 4.5
4.5 4.59902
4.5 5.66441
4.5 4.5
4.5 4.59902
4.5 4.5
4.5 4.5
4.5 4.5
4.5 4.5
4.5 4.5
4.5 4.59902
4.5 4.5
4.5 4.5
4.5 4.59902
4.5 4.97723
4.5 4.5
4.5 5.90312
4.5 4.5
4.5 4.59902
4.5 4.59902
4.5 4.5
4.5 4.59902
4.5 5.15685
4.5 4.88516
4.5 4.59902
4.5 4.5
4.5 4.5
4.5 4.69615
4.5 4.59902
4.5 4.5
4.5 4.59902
4.5 4.5
4.5 4.5
4.5 4.5
4.5 4.5
4.5 4.5
4.5 7.62404
4.5 4.5
4.5 4.5
4.5 4.5
4.5 4.5
4.5 4.88516
4.5 4.59902
4.5 4.59902
4.59902 6.2082
4.59902 4.69615
4.59902 4.59902
4.59902 4.59902
4.59902 4.59902
4.59902 4.59902
4.59902 7.56226
4.59902 5.41608
4.59902 4.59902
4.59902 4.59902
4.59902 4.88516
4.59902 4.69615
4.59902 4.69615
4.59902 4.69615
4.59902 4.59902
4.59902 4.59902
4.59902 4.59902
4.59902 4.59902
4.59902 4.69615
4.59902 4.59902
4.59902 4.59902
4.59902 4.59902
4.59902 4.69615
4.59902 4.59902
4.59902 4.69615
4.59902 4.59902
4.59902 4.88516
4.59902 5.33095
4.59902 4.88516
4.59902 4.88516
4.59902 4.59902
4.59902 4.59902
4.59902 4.59902
4.59902 4.59902
4.59902 4.69615
4.59902 4.59902
4.59902 4.59902
4.59902 4.69615
4.59902 4.69615
4.59902 4.59902
4.59902 4.69615
4.59902 4.59902
4.59902 4.59902
4.59902 4.59902
4.59902 4.69615
4.59902 4.88516
4.59902 4.59902
4.59902 4.69615
4.59902 4.59902
4.59902 4.59902
4.59902 4.69615
4.59902 4.59902
4.59902 5.90312
4.59902 4.59902
4.59902 4.59902
4.59902 6.84847
4.59902 5.5
4.59902 4.59902
4.59902 4.59902
4.59902 4.59902
4.59902 4.88516
4.59902 4.88516
4.59902 4.69615
4.59902 4.59902
4.59902 5.24456
4.59902 4.69615
4.59902 4.69615
4.59902 4.59902
4.59902 5.90312
4.59902 4.59902
4.59902 4.59902
4.59902 4.88516
4.59902 4.59902
4.59902 4.59902
4.59902 4.88516
4.59902 4.59902
4.59902 5.15685
4.59902 4.59902
4.59902 4.59902
4.59902 4.88516
4.59902 6.64143
4.59902 4.97723
4.59902 4.59902
4.59902 5.24456
4.59902 4.59902
4.59902 4.88516
4.59902 4.69615
4.59902 4.59902
4.59902 4.88516
4.59902 4.59902
4.59902 4.59902
4.59902 5.66441
4.59902 4.69615
4.59902 4.69615
4.59902 4.59902
4.59902 4.59902
4.59902 4.59902
4.59902 4.69615
4.59902 4.59902
4.59902 4.59902
4.59902 4.59902
4.59902 4.59902
4.59902 4.59902
4.59902 5.33095
4.59902 4.59902
4.59902 4.69615
4.59902 4.88516
4.59902 4.59902
4.59902 4.69615
4.59902 4.59902
4.59902 4.69615
4.59902 4.59902
4.59902 4.59902
4.59902 4.69615
4.59902 6.78011
4.59902 4.69615
4.59902 4.59902
4.59902 4.59902
4.59902 4.59902
4.59902 4.69615
4.59902 4.59902
4.59902 5.58276
4.59902 4.88516
4.69615 4.88516
4.69615 4.88516
4.69615 5.24456
4.69615 4.69615
4.69615 4.69615
4.69615 5.24456
4.69615 4.97723
4.69615 4.69615
4.69615 4.88516
4.69615 4.88516
4.69615 4.69615
4.69615 4.97723
4.69615 4.88516
4.69615 4.97723
4.69615 4.69615
4.69615 8.10233
4.69615 4.88516
4.69615 4.88516
4.69615 4.88516
4.69615 4.88516
4.69615 5.24456
4.69615 4.97723
4.69615 4.88516
4.69615 4.69615
4.69615 4.88516
4.69615 4.88516
4.69615 4.88516
4.69615 6.5
4.69615 4.88516
4.69615 4.88516
4.69615 4.88516
4.69615 4.88516
4.69615 5.33095
4.69615 5.24456
4.69615 4.69615
4.69615 4.88516
4.69615 4.88516
4.69615 4.97723
4.69615 4.88516
4.69615 4.69615
4.69615 4.69615
4.88516 4.97723
4.88516 5.24456
4.88516 4.97723
4.88516 5.15685
4.88516 4.88516
4.88516 4.88516
4.88516 4.88516
4.88516 4.97723
4.88516 4.88516
4.88516 4.88516
4.88516 4.97723
4.88516 4.88516
4.88516 4.88516
4.88516 4.88516
4.88516 4.88516
4.88516 4.97723
4.88516 4.97723
4.88516 4.88516
4.88516 4.88516
4.88516 4.88516
4.88516 5.41608
4.88516 5.24456
4.88516 4.88516
4.88516 4.88516
4.88516 4.88516
4.88516 4.97723
4.88516 4.88516
4.88516 4.97723
4.88516 4.88516
4.88516 4.97723
4.88516 4.88516
4.88516 4.88516
4.88516 4.88516
4.88516 4.88516
4.88516 4.88516
4.88516 4.88516
4.88516 4.88516
4.88516 5.58276
4.88516 4.88516
4.88516 6.2082
4.88516 5.24456
4.88516 4.88516
4.88516 4.88516
4.88516 4.88516
4.88516 5.24456
4.88516 4.88516
4.88516 4.88516
4.88516 4.88516
4.88516 5.90312
4.88516 4.88516
4.88516 4.88516
4.88516 4.88516
4.88516 5.33095
4.88516 4.88516
4.88516 5.24456
4.88516 4.88516
4.88516 4.88516
4.88516 4.97723
4.88516 4.88516
4.88516 7.37401
4.88516 5.5
4.88516 4.88516
4.88516 4.88516
4.88516 5.58276
4.88516 4.97723
4.88516 4.97723
4.88516 4.97723
4.88516 4.88516
4.88516 7.74621
4.88516 5.66441
4.88516 4.88516
4.88516 4.88516
4.88516 4.97723
4.88516 4.97723
4.88516 4.88516
4.88516 5.15685
4.88516 4.88516
4.88516 4.88516
4.88516 5.58276
4.88516 5.24456
4.88516 6.7111
4.88516 4.97723
4.88516 4.88516
4.88516 4.97723
4.88516 4.88516
4.88516 4.88516
4.88516 4.88516
4.88516 4.88516
4.88516 5.24456
4.88516 4.88516
4.88516 4.88516
4.88516 4.97723
4.88516 4.97723
4.88516 4.88516
4.88516 5.15685
4.88516 5.90312
4.88516 4.97723
4.88516 4.88516
4.88516 4.97723
4.88516 4.88516
4.88516 4.97723
4.88516 4.88516
4.88516 4.88516
4.88516 5.58276
4.88516 4.88516
4.88516 5.24456
4.88516 5.66441
4.88516 4.88516
4.88516 4.88516
4.88516 4.97723
4.88516 4.88516
4.88516 4.88516
4.88516 4.88516
4.88516 4.97723
4.88516 4.88516
4.88516 4.88516
4.88516 4.97723
4.88516 4.88516
4.88516 4.97723
4.88516 4.88516
4.88516 4.88516
4.88516 4.88516
4.88516 4.88516
4.88516 5.33095
4.88516 4.88516
4.88516 4.88516
4.88516 4.88516
4.88516 4.88516
4.88516 4.88516
4.88516 4.88516
4.88516 5.24456
4.88516 4.88516
4.88516 4.88516
4.88516 4.88516
4.88516 5.15685
4.88516 5.24456
4.88516 4.97723
4.97723 5.24456
4.97723 4.97723
4.97723 5.24456
4.97723 6.2082
4.97723 5.24456
4.97723 4.97723
4.97723 4.97723
4.97723 5.24456
4.97723 4.97723
4.97723 4.97723
4.97723 5.66441
4.97723 4.97723
4.97723 6.57107
4.97723 5.15685
4.97723 4.97723
4.97723 4.97723
4.97723 7.31025
4.97723 4.97723
4.97723 5.15685
4.97723 4.97723
4.97723 4.97723
4.97723 5.41608
4.97723 4.97723
4.97723 4.97723
4.97723 4.97723
4.97723 5.15685
4.97723 5.66441
4.97723 6.5
4.97723 4.97723
4.97723 5.24456
4.97723 4.97723
4.97723 4.97723
4.97723 5.24456
4.97723 4.97723
4.97723 5.24456
4.97723 4.97723
4.97723 5.24456
4.97723 4.97723
4.97723 5.24456
4.97723 5.33095
4.97723 5.24456
4.97723 4.97723
4.97723 4.97723
4.97723 5.24456
4.97723 5.90312
4.97723 7.98528
4.97723 4.97723
4.97723 4.97723
4.97723 4.97723
4.97723 5.24456
4.97723 4.97723
4.97723 5.24456
4.97723 4.97723
4.97723 5.24456
4.97723 4.97723
4.97723 5.24456
5.15685 5.24456
5.15685 5.24456
5.15685 5.24456
5.15685 5.5
5.15685 9.69804
5.15685 5.15685
5.15685 5.15685
5.15685 5.15685
5.15685 5.15685
5.15685 5.24456
5.15685 5.24456
5.15685 6.64143
5.15685 5.24456
5.15685 5.24456
5.15685 7.31025
5.15685 5.15685
5.15685 5.24456
5.15685 6.13325
5.15685 5.15685
5.15685 5.33095
5.15685 5.24456
5.15685 5.15685
5.15685 5.33095
5.15685 7.31025
5.15685 5.15685
5.15685 5.15685
5.15685 8.33176
5.15685 5.24456
5.15685 5.15685
5.15685 5.15685
5.15685 5.15685
5.15685 5.15685
5.15685 5.15685
5.15685 5.5
5.15685 5.90312
5.15685 5.15685
5.15685 5.24456
5.15685 5.15685
5.15685 5.24456
5.15685 7.04983
5.15685 5.15685
5.15685 5.24456
5.15685 5.15685
5.15685 5.33095
5.15685 5.24456
5.15685 5.24456
5.15685 5.15685
5.15685 5.24456
5.15685 5.15685
5.24456 5.24456
5.24456 5.33095
5.24456 5.24456
5.24456 7.56226
5.24456 7.04983
5.24456 5.24456
5.24456 5.24456
5.24456 5.33095
5.24456 5.66441
5.24456 5.41608
5.24456 5.5
5.24456 5.24456
5.24456 5.24456
5.24456 5.41608
5.24456 5.24456
5.24456 5.24456
5.24456 5.24456
5.24456 6.57107
5.24456 5.24456
5.24456 5.24456
5.24456 5.24456
5.24456 5.24456
5.24456 5.82456
5.24456 5.24456
5.24456 5.24456
5.24456 5.58276
5.24456 5.33095
5.24456 7.37401
5.24456 5.33095
5.24456 5.33095
5.24456 5.33095
5.24456 5.82456
5.24456 5.33095
5.24456 6.5
5.24456 5.24456
5.24456 5.33095
5.24456 5.41608
5.24456 5.33095
5.24456 5.24456
5.24456 5.24456
5.24456 5.41608
5.24456 5.33095
5.24456 5.33095
5.24456 5.58276
5.24456 5.41608
5.24456 5.24456
5.24456 5.82456
5.24456 5.24456
5.24456 5.41608
5.24456 5.33095
5.24456 5.33095
5.24456 5.5
5.24456 5.41608
5.24456 5.33095
5.24456 5.33095
5.24456 5.24456
5.24456 5.24456
5.24456 5.33095
5.24456 5.24456
5.24456 5.33095
5.24456 5.33095
5.24456 5.41608
5.24456 5.24456
5.24456 5.33095
5.24456 5.24456
5.24456 5.33095
5.24456 5.24456
5.24456 5.58276
5.24456 5.33095
5.24456 5.33095
5.24456 5.5
5.24456 5.90312
5.24456 5.90312
5.24456 5.66441
5.24456 5.33095
5.24456 5.33095
5.24456 5.24456
5.24456 5.24456
5.24456 5.82456
5.24456 5.24456
5.24456 5.33095
5.24456 5.41608
5.24456 5.33095
5.24456 5.33095
5.24456 5.33095
5.24456 5.24456
5.24456 5.33095
5.24456 5.24456
5.24456 5.24456
5.24456 5.24456
5.24456 5.33095
5.24456 5.33095
5.24456 5.24456
5.24456 5.24456
5.24456 5.66441
5.24456 5.24456
5.24456 5.33095
5.24456 5.33095
5.24456 5.33095
5.24456 5.33095
5.24456 5.33095
5.24456 5.24456
5.24456 5.33095
5.24456 5.24456
5.24456 5.33095
5.24456 5.24456
5.24456 5.41608
5.24456 5.24456
5.24456 5.24456
5.24456 5.41608
5.24456 5.33095
5.24456 5.24456
5.24456 5.24456
5.24456 5.5
5.24456 5.33095
5.33095 5.33095
5.33095 5.33095
5.33095 5.41608
5.33095 5.33095
5.33095 5.33095
5.33095 5.5
5.33095 5.33095
5.33095 5.33095
5.33095 5.41608
5.33095 5.41608
5.33095 5.5
5.33095 5.33095
5.33095 5.33095
5.33095 5.5
5.33095 5.41608
5.33095 5.90312
5.33095 5.41608
5.33095 5.5
5.33095 5.41608
5.33095 5.33095
5.33095 5.33095
5.33095 5.41608
5.33095 5.41608
5.33095 5.41608
5.33095 5.66441
5.33095 5.33095
5.33095 5.41608
5.33095 5.33095
5.33095 5.58276
5.33095 5.33095
5.33095 5.66441
5.33095 5.66441
5.33095 5.82456
5.33095 5.90312
5.33095 5.33095
5.33095 5.41608
5.33095 5.33095
5.33095 5.66441
5.33095 5.5
5.33095 5.5
5.33095 5.5
5.33095 5.33095
5.33095 5.41608
5.33095 5.41608
5.33095 5.5
5.33095 6.57107
5.33095 5.41608
5.33095 5.41608
5.33095 5.33095
5.33095 5.33095
5.33095 6.64143
5.33095 5.41608
5.33095 5.41608
5.33095 5.5
5.33095 5.33095
5.33095 5.33095
5.33095 5.58276
5.33095 5.33095
5.33095 5.66441
5.33095 5.33095
5.33095 5.66441
5.33095 5.33095
5.33095 7.56226
5.33095 5.41608
5.33095 5.33095
5.33095 5.58276
5.33095 6.28233
5.33095 5.5
5.33095 5.33095
5.33095 5.5
5.33095 5.33095
5.33095 5.33095
5.33095 5.33095
5.33095 5.33095
5.33095 6.28233
5.33095 5.66441
5.33095 5.66441
5.33095 5.33095
5.33095 5.5
5.33095 5.33095
5.33095 5.41608
5.33095 5.33095
5.33095 5.33095
5.33095 5.5
5.33095 5.33095
5.33095 5.33095
5.41608 5.41608
5.41608 5.41608
5.41608 5.41608
5.41608 5.41608
5.41608 5.41608
5.41608 5.41608
5.41608 5.5
5.41608 5.58276
5.41608 5.66441
5.41608 6.5
5.41608 6.28233
5.41608 5.5
5.41608 5.5
5.41608 5.41608
5.41608 5.66441
5.41608 5.5
5.41608 5.66441
5.41608 5.5
5.41608 5.5
5.41608 5.5
5.41608 5.66441
5.41608 5.5
5.41608 5.66441
5.41608 5.5
5.41608 5.66441
5.41608 5.41608
5.41608 5.58276
5.41608 5.41608
5.41608 5.58276
5.41608 5.66441
5.41608 5.90312
5.41608 5.5
5.41608 5.5
5.5 5.5
5.5 5.5
5.5 5.5
5.5 5.98074
5.5 5.5
5.5 5.66441
5.5 5.66441
5.5 5.58276
5.5 5.98074
5.5 5.58276
5.5 5.58276
5.5 5.58276
5.5 5.5
5.5 5.66441
5.5 6.7111
5.5 5.58276
5.5 5.90312
5.5 5.5
5.5 5.90312
5.5 5.82456
5.5 5.5
5.5 5.5
5.5 5.5
5.5 5.66441
5.5 5.5
5.5 5.90312
5.5 5.66441
5.5 5.90312
5.5 6.28233
5.5 5.58276
5.5 5.66441
5.5 5.58276
5.5 5.58276
5.5 6.2082
5.5 5.5
5.5 5.5
5.5 5.5
5.5 5.66441
5.5 8.71954
5.5 5.66441
5.5 6.5
5.5 5.5
5.5 5.66441
5.5 5.90312
5.5 5.5
5.5 5.58276
5.5 5.5
5.5 5.58276
5.5 5.58276
5.58276 5.66441
5.58276 5.66441
5.58276 5.66441
5.58276 5.58276
5.58276 5.58276
5.58276 5.82456
5.58276 5.66441
5.58276 5.66441
5.58276 5.58276
5.58276 5.66441
5.58276 5.66441
5.58276 5.82456
5.58276 5.66441
5.58276 5.66441
5.58276 5.90312
5.58276 5.66441
5.58276 5.90312
5.58276 5.58276
5.58276 5.66441
5.58276 5.66441
5.58276 5.58276
5.58276 6.98331
5.58276 5.66441
5.58276 5.58276
5.58276 5.66441
5.58276 5.82456
5.58276 5.58276
5.58276 5.58276
5.58276 5.66441
5.58276 5.66441
5.58276 5.58276
5.58276 5.90312
5.58276 5.66441
5.58276 5.66441
5.58276 5.66441
5.58276 5.58276
5.58276 5.66441
5.58276 6.98331
5.58276 5.66441
5.58276 5.82456
5.58276 5.82456
5.58276 5.90312
5.58276 5.58276
5.58276 5.58276
5.58276 5.82456
5.58276 5.58276
5.58276 5.58276
5.58276 6.2082
5.58276 5.58276
5.66441 5.82456
5.66441 5.66441
5.66441 5.82456
5.66441 5.90312
5.66441 5.66441
5.66441 5.90312
5.66441 5.66441
5.66441 6.2082
5.66441 5.90312
5.66441 5.82456
5.66441 5.98074
5.66441 5.66441
5.66441 5.90312
5.66441 5.90312
5.66441 5.66441
5.66441 5.82456
5.66441 5.98074
5.66441 5.66441
5.66441 5.82456
5.66441 5.66441
5.66441 5.82456
5.66441 5.66441
5.66441 5.90312
5.66441 5.66441
5.66441 5.90312
5.66441 7.80662
5.66441 5.66441
5.66441 5.66441
5.66441 5.90312
5.66441 5.66441
5.66441 5.90312
5.66441 5.82456
5.66441 5.82456
5.66441 5.82456
5.66441 5.66441
5.66441 5.66441
5.66441 5.82456
5.66441 7.5
5.66441 5.66441
5.66441 5.66441
5.66441 5.98074
5.66441 5.82456
5.66441 5.82456
5.66441 5.66441
5.66441 5.66441
5.66441 5.90312
5.66441 5.90312
5.66441 5.66441
5.66441 5.90312
5.66441 5.66441
5.66441 5.66441
5.66441 7.37401
5.66441 5.98074
5.66441 5.66441
5.66441 5.98074
5.66441 7.04983
5.66441 5.90312
5.66441 8.33176
5.66441 5.82456
5.66441 5.90312
5.66441 5.90312
5.66441 6.7111
5.66441 5.66441
5.66441 5.90312
5.66441 6.2082
5.66441 5.66441
5.66441 5.82456
5.66441 6.78011
5.66441 5.82456
5.66441 6.28233
5.66441 5.82456
5.66441 5.66441
5.66441 5.82456
5.66441 5.82456
5.66441 5.90312
5.66441 9.98809
5.66441 7.04983
5.66441 5.82456
5.66441 5.90312
5.66441 5.82456
5.66441 5.66441
5.66441 5.82456
5.66441 5.98074
5.66441 5.90312
5.66441 6.13325
5.66441 5.82456
5.66441 5.82456
5.82456 5.90312
5.82456 5.82456
5.82456 5.90312
5.82456 5.90312
5.82456 6.05744
5.82456 5.82456
5.82456 8.98683
5.82456 5.90312
5.82456 7.31025
5.82456 5.98074
5.82456 6.98331
5.82456 5.82456
5.82456 6.57107
5.82456 5.90312
5.82456 5.90312
5.82456 5.90312
5.82456 5.90312
5.82456 5.90312
5.82456 5.90312
5.82456 7.11577
5.82456 5.90312
5.82456 6.28233
5.82456 5.90312
5.82456 5.90312
5.82456 5.90312
5.82456 5.82456
5.82456 5.90312
5.82456 5.90312
5.82456 5.90312
5.82456 5.90312
5.90312 5.90312
5.90312 6.78011
5.90312 5.90312
5.90312 6.78011
5.90312 5.90312
5.90312 5.90312
5.90312 5.98074
5.90312 5.90312
5.90312 5.90312
5.90312 6.2082
5.90312 5.90312
5.90312 6.57107
5.90312 5.90312
5.90312 5.90312
5.90312 5.90312
5.90312 5.90312
5.90312 5.90312
5.90312 6.13325
5.90312 5.98074
5.90312 6.05744
5.90312 5.98074
5.90312 5.90312
5.90312 5.90312
5.90312 5.90312
5.90312 5.90312
5.90312 5.90312
5.90312 6.2082
5.90312 5.90312
5.90312 5.90312
5.90312 6.28233
5.90312 6.05744
5.90312 5.90312
5.90312 6.05744
5.90312 5.90312
5.90312 5.90312
5.90312 5.98074
5.90312 5.90312
5.90312 5.90312
5.90312 5.90312
5.90312 5.90312
5.90312 6.57107
5.90312 5.90312
5.90312 6.05744
5.90312 5.90312
5.90312 5.90312
5.90312 5.90312
5.90312 5.90312
5.90312 5.90312
5.90312 6.13325
5.90312 8.93398
5.90312 5.90312
5.90312 6.05744
5.90312 6.05744
5.90312 5.90312
5.90312 5.90312
5.90312 5.90312
5.90312 5.98074
5.90312 5.90312
5.90312 5.98074
5.90312 5.98074
5.90312 6.28233
5.90312 6.28233
5.90312 5.90312
5.90312 5.90312
5.90312 5.90312
5.90312 5.90312
5.90312 5.98074
5.90312 5.90312
5.90312 5.90312
5.90312 5.90312
5.90312 5.98074
5.90312 7.37401
5.90312 5.98074
5.90312 5.90312
5.90312 6.78011
5.90312 6.05744
5.90312 6.5
5.90312 6.2082
5.90312 5.90312
5.90312 6.05744
5.90312 5.90312
5.90312 5.90312
5.90312 6.2082
5.90312 5.90312
5.90312 5.90312
5.90312 6.05744
5.90312 6.84847
5.90312 5.90312
5.90312 6.05744
5.90312 6.4282
5.90312 6.57107
5.90312 7.56226
5.90312 5.98074
5.90312 6.2082
5.90312 6.13325
5.90312 5.98074
5.90312 5.90312
5.90312 5.90312
5.90312 6.57107
5.90312 6.2082
5.90312 5.90312
5.90312 5.90312
5.90312 6.5
5.90312 5.90312
5.90312 8.98683
5.90312 5.90312
5.90312 6.28233
5.90312 5.90312
5.90312 5.90312
5.90312 5.90312
5.90312 5.90312
5.90312 5.90312
5.90312 5.90312
5.90312 5.90312
5.90312 6.5
5.90312 5.90312
5.90312 6.2082
5.90312 5.90312
5.90312 6.2082
5.90312 6.98331
5.90312 5.90312
5.90312 5.90312
5.90312 5.98074
5.90312 6.2082
5.90312 5.90312
5.90312 6.13325
5.90312 5.90312
5.90312 7.37401
5.90312 5.90312
5.90312 6.2082
5.90312 6.57107
5.90312 5.90312
5.90312 5.90312
5.90312 5.90312
5.90312 8.93398
5.90312 5.98074
5.90312 6.5
5.90312 5.90312
5.90312 5.90312
5.90312 5.90312
5.90312 5.90312
5.90312 5.90312
5.90312 5.90312
5.98074 6.2082
5.98074 5.98074
5.98074 6.2082
5.98074 5.98074
5.98074 6.2082
5.98074 5.98074
5.98074 6.2082
5.98074 6.28233
5.98074 6.57107
5.98074 6.28233
5.98074 7.62404
5.98074 6.5
5.98074 6.5
5.98074 7.11577
5.98074 10.9455
5.98074 6.2082
5.98074 9.3995
5.98074 6.13325
5.98074 6.05744
5.98074 7.56226
5.98074 5.98074
5.98074 6.05744
5.98074 6.2082
5.98074 6.2082
5.98074 6.2082
5.98074 6.2082
5.98074 6.2082
5.98074 6.13325
5.98074 6.2082
5.98074 6.2082
5.98074 6.2082
5.98074 6.5
5.98074 5.98074
5.98074 6.2082
5.98074 5.98074
5.98074 6.05744
5.98074 6.5
5.98074 5.98074
5.98074 5.98074
6.05744 6.05744
6.05744 6.05744
6.05744 6.2082
6.05744 6.2082
6.05744 6.05744
6.05744 6.13325
6.05744 6.2082
6.05744 6.13325
6.05744 6.13325
6.05744 6.05744
6.05744 6.28233
6.05744 6.13325
6.05744 6.13325
6.05744 6.2082
6.05744 6.13325
6.05744 6.2082
6.05744 6.05744
6.05744 6.5
6.05744 6.05744
6.05744 6.13325
6.05744 6.13325
6.05744 6.2082
6.05744 6.4282
6.05744 6.13325
6.05744 6.13325
6.05744 6.2082
6.05744 6.13325
6.05744 6.13325
6.05744 6.57107
6.13325 6.28233
6.13325 6.2082
6.13325 6.13325
6.13325 6.2082
6.13325 6.13325
6.13325 6.57107
6.13325 6.78011
6.13325 6.13325
6.13325 6.28233
6.13325 6.2082
6.13325 6.13325
6.13325 6.28233
6.13325 6.2082
6.13325 6.2082
6.13325 6.64143
6.13325 6.2082
6.13325 6.2082
6.13325 6.13325
6.13325 6.28233
6.13325 6.2082
6.13325 6.84847
6.13325 6.13325
6.13325 6.28233
6.13325 6.2082
6.13325 6.2082
6.13325 6.13325
6.13325 6.13325
6.13325 6.2082
6.13325 6.2082
6.13325 6.2082
6.13325 6.2082
6.13325 6.2082
6.2082 6.2082
6.2082 6.2082
6.2082 6.28233
6.2082 6.4282
6.2082 6.2082
6.2082 6.2082
6.2082 6.2082
6.2082 7.62404
6.2082 6.28233
6.2082 6.78011
6.2082 6.2082
6.2082 6.28233
6.2082 6.5
6.2082 6.2082
6.2082 6.2082
6.2082 6.57107
6.2082 6.57107
6.2082 6.28233
6.2082 6.5
6.2082 6.2082
6.2082 6.57107
6.2082 8.044
6.2082 6.2082
6.2082 6.2082
6.2082 6.28233
6.2082 6.28233
6.2082 6.5
6.2082 6.28233
6.2082 6.57107
6.2082 6.28233
6.2082 6.2082
6.2082 6.28233
6.2082 6.28233
6.2082 6.2082
6.2082 6.2082
6.2082 6.28233
6.2082 6.28233
6.2082 6.84847
6.2082 6.28233
6.2082 6.2082
6.2082 6.28233
6.2082 6.57107
6.2082 6.2082
6.2082 6.28233
6.2082 6.2082
6.2082 6.28233
6.2082 6.2082
6.2082 6.64143
6.2082 6.28233
6.2082 6.28233
6.2082 6.2082
6.2082 6.5
6.2082 6.78011
6.2082 6.84847
6.2082 6.28233
6.2082 6.5
6.2082 6.5
6.2082 6.2082
6.2082 6.5
6.2082 6.28233
6.28233 6.5
6.28233 6.5
6.28233 6.5
6.28233 6.5
6.28233 6.4282
6.28233 6.57107
6.28233 7.31025
6.28233 6.5
6.28233 6.5
6.28233 7.18115
6.28233 6.28233
6.28233 6.5
6.28233 6.5
6.28233 6.5
6.28233 6.5
6.28233 7.31025
6.28233 6.5
6.28233 6.28233
6.28233 6.5
6.28233 6.5
6.28233 6.7111
6.4282 6.5
6.4282 6.4282
6.4282 6.4282
6.4282 6.5
6.4282 6.4282
6.4282 6.5
6.4282 6.57107
6.4282 6.5
6.4282 6.5
6.4282 6.98331
6.4282 6.5
6.4282 6.57107
6.4282 6.64143
6.4282 6.57107
6.5 9.69804
6.5 6.5
6.5 6.84847
6.5 6.5
6.5 7.37401
6.5 6.78011
6.5 6.57107
6.5 7.56226
6.5 6.5
6.5 6.5
6.5 6.57107
6.5 6.5
6.5 8.10233
6.5 6.5
6.5 6.5
6.5 6.5
6.5 6.5
6.5 7.37401
6.5 6.57107
6.5 6.5
6.5 6.78011
6.5 6.5
6.5 6.57107
6.5 6.78011
6.5 6.5
6.5 6.5
6.5 7.18115
6.5 7.31025
6.5 6.5
6.5 6.64143
6.5 7.31025
6.5 6.5
6.5 6.64143
6.5 6.5
6.5 6.57107
6.5 6.64143
6.5 6.5
6.5 6.5
6.5 6.5
6.5 6.5
6.5 9.29796
6.5 6.64143
6.5 6.5
6.5 6.5
6.5 6.5
6.5 6.84847
6.5 6.5
6.5 6.5
6.5 6.57107
6.5 6.57107
6.5 6.5
6.5 7.56226
6.5 6.5
6.5 6.64143
6.5 6.57107
6.5 6.7111
6.5 7.18115
6.5 6.5
6.5 6.7111
6.5 6.5
6.5 6.5
6.5 6.5
6.5 6.5
6.5 6.57107
6.5 6.5
6.5 6.5
6.5 6.57107
6.5 6.5
6.5 6.57107
6.5 6.57107
6.5 6.57107
6.5 6.5
6.5 6.5
6.5 6.57107
6.5 6.57107
6.5 6.57107
6.5 6.5
6.5 8.10233
6.57107 6.57107
6.57107 6.57107
6.57107 6.57107
6.57107 6.57107
6.57107 6.57107
6.57107 6.57107
6.57107 9.54988
6.57107 6.57107
6.57107 6.57107
6.57107 9.44987
6.57107 6.57107
6.57107 6.7111
6.57107 6.57107
6.57107 6.57107
6.57107 6.64143
6.57107 6.78011
6.57107 6.64143
6.57107 6.57107
6.57107 6.64143
6.57107 6.78011
6.57107 6.78011
6.57107 6.78011
6.57107 7.37401
6.57107 6.64143
6.57107 6.7111
6.57107 6.64143
6.57107 7.11577
6.57107 6.57107
6.57107 6.57107
6.57107 8.71954
6.57107 6.78011
6.57107 7.56226
6.57107 6.57107
6.57107 9.74695
6.57107 6.57107
6.57107 6.57107
6.57107 6.84847
6.57107 6.64143
6.57107 6.84847
6.57107 6.57107
6.57107 6.7111
6.57107 6.7111
6.57107 9.03939
6.57107 6.7111
6.57107 9.14365
6.57107 6.57107
6.57107 7.62404
6.57107 6.57107
6.57107 6.84847
6.57107 6.7111
6.57107 6.57107
6.57107 7.56226
6.57107 6.57107
6.57107 6.57107
6.57107 6.57107
6.57107 6.7111
6.57107 6.78011
6.57107 6.78011
6.57107 6.64143
6.57107 7.04983
6.57107 6.57107
6.57107 6.7111
6.57107 6.78011
6.57107 6.84847
6.57107 6.64143
6.57107 6.57107
6.57107 6.7111
6.57107 6.57107
6.57107 6.64143
6.57107 6.64143
6.57107 6.64143
6.57107 7.31025
6.57107 7.98528
6.57107 6.57107
6.57107 6.57107
6.57107 11.5416
6.57107 6.57107
6.57107 6.64143
6.57107 6.64143
6.57107 6.78011
6.57107 6.64143
6.57107 6.84847
6.57107 6.57107
6.57107 6.57107
6.57107 6.64143
6.64143 6.78011
6.64143 9.03939
6.64143 8.77362
6.64143 6.7111
6.64143 6.84847
6.64143 6.84847
6.64143 6.64143
6.64143 8.27496
6.64143 6.78011
6.64143 7.31025
6.64143 6.7111
6.64143 6.7111
6.64143 6.78011
6.64143 6.64143
6.64143 7.04983
6.64143 6.78011
6.64143 6.64143
6.64143 8.55539
6.64143 12.9907
6.64143 6.7111
6.64143 7.37401
6.64143 7.04983
6.64143 6.84847
6.64143 8.98683
6.64143 6.84847
6.64143 6.78011
6.64143 6.7111
6.64143 6.84847
6.64143 6.64143
6.64143 10.8578
6.64143 7.5
6.64143 6.7111
6.7111 6.7111
6.7111 7.31025
6.7111 6.7111
6.7111 6.7111
6.7111 6.98331
6.7111 8.93398
6.7111 6.7111
6.7111 8.98683
6.7111 6.7111
6.7111 6.78011
6.7111 6.7111
6.7111 6.84847
6.7111 6.78011
6.7111 6.7111
6.7111 7.11577
6.7111 6.7111
6.7111 6.78011
6.7111 6.78011
6.7111 6.7111
6.7111 6.7111
6.7111 6.7111
6.7111 6.78011
6.7111 6.78011
6.7111 6.7111
6.7111 7.18115
6.7111 6.7111
6.7111 6.78011
6.7111 6.78011
6.7111 7.37401
6.7111 6.78011
6.7111 6.78011
6.7111 6.7111
6.7111 6.7111
6.7111 6.78011
6.7111 6.78011
6.78011 6.78011
6.78011 6.84847
6.78011 7.04983
6.78011 6.84847
6.78011 6.78011
6.78011 8.98683
6.78011 6.78011
6.78011 6.84847
6.78011 6.84847
6.78011 6.78011
6.78011 6.84847
6.78011 6.98331
6.78011 6.98331
6.78011 6.78011
6.78011 6.78011
6.78011 8.55538
6.78011 7.37401
6.78011 7.11577
6.78011 7.11577
6.78011 6.78011
6.78011 6.78011
6.78011 6.84847
6.78011 6.84847
6.78011 6.78011
6.78011 6.84847
6.78011 7.04983
6.78011 6.98331
6.78011 7.11577
6.78011 6.78011
6.78011 6.84847
6.78011 6.84847
6.78011 6.78011
6.78011 6.78011
6.78011 6.84847
6.78011 8.5
6.78011 6.78011
6.78011 6.78011
6.78011 6.84847
6.78011 6.84847
6.78011 8.10233
6.78011 6.84847
6.78011 6.98331
6.78011 6.84847
6.78011 6.78011
6.78011 7.18115
6.78011 6.84847
6.78011 6.78011
6.78011 6.78011
6.78011 6.78011
6.78011 6.84847
6.78011 6.84847
6.78011 8.044
6.78011 6.84847
6.78011 7.80662
6.78011 6.84847
6.78011 8.10233
6.78011 7.80662
6.78011 6.84847
6.78011 6.78011
6.78011 6.98331
6.78011 6.84847
6.78011 6.84847
6.84847 6.84847
6.84847 7.37401
6.84847 7.56226
6.84847 6.84847
6.84847 7.98528
6.84847 7.68535
6.84847 6.84847
6.84847 6.84847
6.84847 6.98331
6.84847 6.84847
6.84847 8.27496
6.84847 6.98331
6.84847 6.98331
6.84847 6.84847
6.84847 6.84847
6.84847 6.84847
6.84847 6.98331
6.84847 6.84847
6.84847 6.98331
6.84847 7.62404
6.84847 7.04983
6.84847 6.84847
6.84847 6.98331
6.84847 7.18115
6.84847 6.84847
6.84847 8.2178
6.84847 6.98331
6.84847 6.98331
6.84847 6.84847
6.84847 6.98331
6.84847 9.54988
6.84847 7.80662
6.84847 6.84847
6.84847 6.84847
6.84847 6.84847
6.84847 7.04983
6.84847 7.04983
6.84847 7.04983
6.84847 10.2703
6.84847 7.18115
6.84847 7.11577
6.84847 6.98331
6.84847 6.84847
6.84847 10.9455
6.84847 6.98331
6.84847 7.11577
6.84847 6.98331
6.84847 6.98331
6.84847 6.84847
6.84847 6.84847
6.84847 6.98331
6.84847 6.84847
6.84847 7.04983
6.84847 6.98331
6.84847 6.98331
6.84847 7.04983
6.84847 7.37401
6.84847 6.98331
6.84847 6.84847
6.84847 6.98331
6.84847 7.11577
6.84847 6.98331
6.84847 6.84847
6.84847 8.5
6.98331 7.31025
6.98331 7.37401
6.98331 6.98331
6.98331 7.04983
6.98331 7.11577
6.98331 7.18115
6.98331 6.98331
6.98331 7.04983
6.98331 7.18115
6.98331 7.11577
6.98331 7.18115
6.98331 8.61043
6.98331 7.80662
6.98331 7.37401
6.98331 7.5
6.98331 7.04983
6.98331 7.31025
6.98331 7.18115
6.98331 6.98331
6.98331 7.18115
7.04983 7.04983
7.04983 7.11577
7.04983 7.18115
7.04983 9.3995
7.04983 7.11577
7.04983 7.11577
7.04983 7.18115
7.04983 7.11577
7.04983 7.18115
7.04983 7.31025
7.04983 7.11577
7.04983 7.31025
7.04983 7.04983
7.04983 7.04983
7.04983 7.74621
7.04983 7.04983
7.04983 7.04983
7.04983 7.04983
7.04983 8.16025
7.04983 7.31025
7.04983 7.18115
7.04983 7.04983
7.04983 7.04983
7.04983 7.04983
7.04983 7.18115
7.04983 7.98528
7.04983 7.11577
7.04983 10.6803
7.04983 7.18115
7.04983 7.18115
7.04983 7.31025
7.04983 7.04983
7.04983 7.37401
7.04983 7.04983
7.04983 7.18115
7.11577 7.8666
7.11577 7.74621
7.11577 7.11577
7.11577 7.18115
7.11577 7.18115
7.11577 7.18115
7.11577 7.31025
7.11577 7.18115
7.11577 7.18115
7.11577 7.18115
7.11577 7.56226
7.11577 7.31025
7.11577 7.11577
7.11577 7.18115
7.11577 7.18115
7.11577 7.11577
7.11577 8.98683
7.11577 8.77362
7.11577 7.18115
7.11577 7.11577
7.11577 7.31025
7.11577 7.31025
7.11577 7.18115
7.11577 7.18115
7.11577 7.18115
7.18115 7.56226
7.18115 7.31025
7.18115 7.31025
7.18115 7.18115
7.18115 8.27496
7.18115 7.31025
7.18115 7.37401
7.18115 7.37401
7.18115 7.18115
7.18115 7.18115
7.18115 7.31025
7.18115 7.37401
7.18115 7.31025
7.18115 7.31025
7.18115 7.37401
7.18115 7.31025
7.18115 7.37401
7.18115 7.18115
7.18115 7.31025
7.18115 7.31025
7.18115 7.37401
7.18115 7.18115
7.18115 7.18115
7.18115 7.37401
7.18115 7.80662
7.18115 9.94031
7.18115 7.18115
7.18115 7.37401
7.18115 7.37401
7.18115 7.37401
7.18115 7.31025
7.31025 7.68535
7.31025 7.31025
7.31025 8.10233
7.31025 7.31025
7.31025 7.37401
7.31025 7.62404
7.31025 7.31025
7.31025 7.56226
7.31025 7.80662
7.31025 7.31025
7.31025 7.62404
7.31025 8.10233
7.31025 7.31025
7.31025 9.5
7.31025 7.31025
7.31025 7.56226
7.31025 7.37401
7.31025 7.31025
7.31025 8.5
7.31025 7.31025
7.31025 7.56226
7.31025 8.55538
7.31025 7.37401
7.31025 7.37401
7.31025 7.31025
7.31025 7.37401
7.31025 7.37401
7.31025 7.31025
7.31025 7.31025
7.31025 8.10233
7.31025 7.37401
7.31025 7.31025
7.31025 7.37401
7.31025 7.62404
7.31025 7.37401
7.31025 7.31025
7.31025 7.31025
7.31025 7.31025
7.31025 8.2178
7.31025 7.37401
7.31025 7.56226
7.31025 8.61043
7.31025 7.31025
7.31025 7.31025
7.31025 7.31025
7.31025 7.31025
7.31025 7.31025
7.31025 7.31025
7.31025 7.37401
7.31025 7.98528
7.31025 7.37401
7.31025 7.31025
7.31025 7.37401
7.31025 7.31025
7.31025 7.31025
7.31025 7.37401
7.31025 7.31025
7.31025 7.31025
7.31025 7.5
7.31025 7.37401
7.37401 7.37401
7.37401 7.56226
7.37401 7.37401
7.37401 7.37401
7.37401 7.37401
7.37401 7.56226
7.37401 7.37401
7.37401 7.56226
7.37401 8.10233
7.37401 7.74621
7.37401 7.68535
7.37401 7.56226
7.37401 7.37401
7.37401 7.98528
7.37401 7.37401
7.37401 7.56226
7.37401 7.62404
7.37401 7.37401
7.37401 9.79563
7.37401 9.29796
7.37401 8.5
7.37401 7.56226
7.37401 7.56226
7.37401 7.56226
7.37401 7.56226
7.37401 7.56226
7.37401 7.56226
7.37401 7.5
7.37401 7.37401
7.37401 7.56226
7.5 7.56226
7.5 7.56226
7.5 7.56226
7.5 10.6803
7.5 7.56226
7.5 7.5
7.5 8.33176
7.5 7.56226
7.5 8.10233
7.5 7.56226
7.5 8.10233
7.5 7.56226
7.5 7.5
7.5 7.5
7.5 7.56226
7.5 7.56226
7.5 9.03939
7.5 7.56226
7.56226 7.8666
7.56226 8.10233
7.56226 7.56226
7.56226 7.56226
7.56226 7.74621
7.56226 7.56226
7.56226 8.27496
7.56226 7.62404
7.56226 7.62404
7.56226 7.62404
7.56226 7.80662
7.56226 7.62404
7.56226 7.68535
7.56226 7.56226
7.56226 7.62404
7.56226 7.56226
7.56226 12.03
7.56226 7.56226
7.56226 7.56226
7.56226 7.56226
7.56226 7.56226
7.56226 7.62404
7.56226 7.68535
7.56226 7.56226
7.56226 7.80662
7.56226 8.44427
7.56226 7.62404
7.56226 7.68535
7.56226 7.98528
7.56226 7.62404
7.56226 7.56226
7.56226 7.80662
7.56226 7.62404
7.56226 7.56226
7.56226 7.62404
7.56226 7.56226
7.56226 8.044
7.56226 7.56226
7.56226 7.62404
7.56226 7.56226
7.56226 7.56226
7.56226 7.56226
7.56226 7.56226
7.56226 7.56226
7.56226 7.62404
7.56226 7.56226
7.56226 7.56226
7.56226 7.62404
7.56226 7.56226
7.56226 7.56226
7.56226 7.62404
7.56226 7.56226
7.56226 7.62404
7.56226 7.74621
7.56226 7.62404
7.56226 7.62404
7.62404 7.62404
7.62404 7.62404
7.62404 8.88083
7.62404 7.68535
7.62404 7.74621
7.62404 7.80662
7.62404 9.98809
7.62404 9.84408
7.62404 8.10233
7.62404 7.80662
7.62404 7.80662
7.62404 7.62404
7.62404 7.68535
7.62404 7.74621
7.62404 7.68535
7.62404 7.62404
7.62404 7.74621
7.62404 7.62404
7.62404 7.68535
7.62404 7.80662
7.62404 7.74621
7.62404 7.80662
7.62404 7.62404
7.62404 7.8666
7.62404 7.68535
7.62404 7.74621
7.62404 7.62404
7.62404 8.16025
7.62404 7.62404
7.62404 7.62404
7.62404 7.62404
7.62404 8.33176
7.62404 7.62404
7.62404 8.044
7.62404 7.80662
7.62404 7.74621
7.62404 9.34886
7.62404 7.62404
7.62404 11.2898
7.62404 7.68535
7.62404 7.74621
7.68535 7.8666
7.68535 7.80662
7.68535 7.80662
7.68535 7.80662
7.68535 7.74621
7.68535 7.68535
7.68535 7.68535
7.68535 7.8666
7.68535 7.68535
7.68535 8.10233
7.68535 7.98528
7.68535 7.68535
7.68535 7.80662
7.68535 7.80662
7.68535 7.74621
7.68535 8.10233
7.68535 7.68535
7.74621 7.8666
7.74621 9.5
7.74621 7.74621
7.74621 7.80662
7.74621 7.80662
7.74621 9.69804
7.74621 7.80662
7.74621 7.80662
7.74621 7.80662
7.74621 7.74621
7.74621 7.74621
7.74621 9.34886
7.74621 10.1301
7.74621 7.74621
7.74621 9.5
7.74621 8.10233
7.74621 9.34886
7.74621 8.5
7.74621 8.16025
7.74621 7.80662
7.74621 9.74695
7.74621 7.80662
7.74621 7.74621
7.74621 7.74621
7.74621 8.27496
7.74621 7.80662
7.74621 7.80662
7.74621 7.74621
7.80662 7.80662
7.80662 7.98528
7.80662 10.725
7.80662 8.5
7.80662 8.044
7.80662 7.8666
7.80662 8.044
7.80662 7.80662
7.80662 11.2473
7.80662 8.044
7.80662 7.80662
7.80662 7.98528
7.80662 7.8666
7.80662 7.8666
7.80662 8.10233
7.80662 8.10233
7.80662 8.10233
7.80662 7.80662
7.80662 7.98528
7.80662 7.98528
7.80662 7.98528
7.80662 7.80662
7.80662 8.10233
7.80662 10.3167
7.80662 7.8666
7.80662 11.7474
7.80662 7.98528
7.80662 7.80662
7.80662 8.71954
7.80662 7.8666
7.80662 7.8666
7.80662 7.98528
7.80662 7.98528
7.80662 7.98528
7.80662 7.80662
7.80662 7.80662
7.8666 8.27496
7.8666 7.98528
7.8666 8.044
7.8666 8.5
7.8666 8.10233
7.8666 7.98528
7.8666 8.5
7.8666 8.10233
7.8666 8.10233
7.8666 8.2178
7.8666 8.2178
7.8666 7.8666
7.8666 8.10233
7.8666 8.044
7.8666 8.10233
7.8666 8.10233
7.98528 7.98528
7.98528 7.98528
7.98528 7.98528
7.98528 8.044
7.98528 8.044
7.98528 8.10233
7.98528 8.10233
7.98528 8.10233
7.98528 8.71954
7.98528 8.55538
7.98528 8.10233
7.98528 8.10233
7.98528 8.10233
7.98528 8.16025
7.98528 8.044
7.98528 7.98528
7.98528 9.29796
7.98528 8.27496
7.98528 8.2178
7.98528 8.044
7.98528 8.2178
7.98528 8.10233
7.98528 8.044
7.98528 7.98528
7.98528 8.10233
7.98528 8.61043
7.98528 8.044
7.98528 8.10233
7.98528 7.98528
7.98528 7.98528
7.98528 7.98528
7.98528 7.98528
7.98528 8.044
8.044 8.10233
8.044 8.10233
8.044 8.16025
8.044 8.044
8.044 8.10233
8.044 8.10233
8.044 8.10233
8.044 8.10233
8.044 8.044
8.044 8.10233
8.044 8.10233
8.044 8.044
8.044 10.6803
8.044 8.16025
8.044 8.27496
8.044 8.10233
8.044 8.55538
8.044 8.55539
8.044 8.10233
8.044 8.27496
8.044 8.044
8.044 8.98683
8.10233 8.10233
8.10233 8.27496
8.10233 8.10233
8.10233 8.93398
8.10233 8.5
8.10233 8.61043
8.10233 8.27496
8.10233 8.10233
8.10233 8.27496
8.10233 8.5
8.10233 8.77362
8.10233 8.10233
8.10233 8.10233
8.10233 8.10233
8.10233 10.725
8.10233 8.93398
8.10233 8.10233
8.10233 8.10233
8.10233 8.10233
8.10233 8.10233
8.10233 11.0326
8.10233 8.33176
8.10233 8.2178
8.10233 8.33176
8.10233 8.27496
8.10233 8.27496
8.10233 8.10233
8.10233 8.27496
8.10233 8.16025
8.10233 11.2898
8.10233 8.77362
8.10233 8.27496
8.10233 8.10233
8.10233 8.16025
8.10233 9.19536
8.10233 8.2178
8.10233 10.725
8.10233 9.74695
8.10233 8.33176
8.10233 8.5
8.16025 8.27496
8.16025 8.5
8.16025 8.33176
8.16025 8.16025
8.16025 8.16025
8.16025 8.2178
8.16025 8.66515
8.16025 8.5
8.16025 8.16025
8.16025 10.1771
8.16025 8.27496
8.16025 8.93398
8.16025 8.27496
8.16025 8.5
8.16025 8.16025
8.2178 8.61043
8.2178 8.5
8.2178 8.61043
8.2178 8.33176
8.2178 8.44427
8.2178 8.27496
8.27496 8.5
8.27496 8.5
8.27496 8.71954
8.27496 12.03
8.27496 8.5
8.27496 8.27496
8.27496 8.5
8.27496 8.5
8.27496 8.27496
8.27496 8.27496
8.27496 8.5
8.27496 8.5
8.27496 8.5
8.27496 8.27496
8.27496 8.44427
8.27496 8.27496
8.27496 8.77362
8.27496 8.71954
8.27496 8.27496
8.27496 8.77362
8.27496 8.5
8.27496 8.27496
8.27496 8.27496
8.33176 8.71954
8.33176 8.77362
8.33176 8.66515
8.33176 8.5
8.33176 8.61043
8.33176 8.5
8.33176 8.5
8.33176 8.61043
8.33176 8.33176
8.33176 8.5
8.33176 8.5
8.33176 8.5
8.33176 8.88083
8.44427 8.44427
8.44427 8.55539
8.44427 8.44427
8.44427 8.44427
8.44427 8.5
8.44427 8.44427
8.44427 8.5
8.44427 8.5
8.44427 8.5
8.44427 8.61043
8.44427 8.61043
8.44427 8.5
8.44427 8.5
8.44427 8.44427
8.44427 8.5
8.44427 8.55539
8.44427 8.44427
8.44427 8.5
8.44427 8.44427
8.44427 8.44427
8.44427 8.5
8.44427 10.4545
8.44427 8.5
8.5 9.3995
8.5 8.55538
8.5 8.55539
8.5 8.5
8.5 8.5
8.5 8.5
8.5 8.5
8.5 8.5
8.5 8.66515
8.5 8.77362
8.5 8.61043
8.5 8.55538
8.5 8.55539
8.5 8.5
8.5 8.5
8.5 8.5
8.5 8.5
8.5 8.55539
8.5 8.5
8.5 8.66515
8.5 8.5
8.5 8.71954
8.5 8.55539
8.5 8.61043
8.5 9.14365
8.5 8.55539
8.5 8.55539
8.5 8.93398
8.5 8.5
8.5 8.55539
8.5 8.88083
8.5 8.61043
8.5 8.5
8.5 8.93398
8.5 8.71954
8.5 9.14365
8.5 8.93398
8.5 8.55538
8.5 8.98683
8.5 8.61043
8.5 8.61043
8.5 8.71954
8.5 8.93398
8.5 12.2279
8.55538 8.61043
8.55538 8.61043
8.55538 8.55538
8.55538 8.55539
8.55538 8.66515
8.55539 8.66515
8.55539 8.61043
8.55539 8.55539
8.55539 8.93398
8.55539 8.66515
8.55539 8.93398
8.55539 8.71954
8.61043 8.71954
8.61043 8.66515
8.61043 9.5
8.61043 8.77362
8.61043 8.77362
8.61043 8.88083
8.61043 8.71954
8.61043 8.66515
8.61043 8.98683
8.61043 8.77362
8.61043 8.71954
8.61043 8.61043
8.61043 8.93398
8.61043 8.71954
8.61043 8.61043
8.66515 8.71954
8.66515 8.71954
8.66515 8.88083
8.66515 8.71954
8.66515 8.71954
8.66515 8.93398
8.66515 8.93398
8.71954 8.71954
8.71954 16.2929
8.71954 8.77362
8.71954 9.54988
8.71954 8.77362
8.71954 8.77362
8.71954 8.71954
8.71954 8.77362
8.71954 8.71954
8.71954 10.1301
8.71954 8.77362
8.77362 8.77362
8.77362 9.19536
8.77362 8.77362
8.77362 8.98683
8.77362 8.93398
8.77362 8.77362
8.77362 8.77362
8.77362 8.93398
8.77362 8.77362
8.77362 8.77362
8.77362 8.93398
8.77362 8.93398
8.77362 8.93398
8.77362 8.98683
8.77362 8.77362
8.77362 8.88083
8.77362 9.03939
8.77362 8.88083
8.77362 9.03939
8.77362 8.93398
8.77362 8.93398
8.77362 8.77362
8.77362 8.93398
8.88083 8.93398
8.88083 8.98683
8.88083 8.93398
8.88083 8.93398
8.93398 10.1301
8.93398 9.19536
8.93398 9.29796
8.93398 9.03939
8.93398 9.03939
8.93398 9.19536
8.93398 9.19536
8.93398 8.93398
8.93398 9.79563
8.93398 9.03939
8.93398 8.93398
8.93398 9.14365
8.93398 8.93398
8.93398 8.93398
8.93398 8.93398
8.93398 9.29796
8.93398 9.14365
8.93398 8.93398
8.93398 8.93398
8.93398 10.725
8.93398 9.03939
8.93398 8.98683
8.93398 9.19536
8.93398 8.98683
8.93398 8.93398
8.93398 8.98683
8.93398 8.93398
8.93398 8.93398
8.93398 8.98683
8.93398 8.98683
8.93398 8.93398
8.93398 9.14365
8.93398 8.98683
8.93398 9.94031
8.93398 9.19536
8.93398 9.19536
8.93398 8.93398
8.93398 8.93398
8.93398 9.29796
8.93398 8.93398
8.93398 8.93398
8.93398 9.34886
8.93398 8.93398
8.93398 9.03939
8.93398 9.03939
8.98683 9.19536
8.98683 9.14365
8.98683 9.03939
8.98683 9.14365
8.98683 11.583
8.98683 8.98683
8.98683 8.98683
8.98683 9.03939
8.98683 9.19536
8.98683 9.34886
8.98683 9.3995
8.98683 9.74695
8.98683 8.98683
8.98683 9.03939
8.98683 10.5454
8.98683 9.19536
9.03939 9.19536
9.03939 9.8923
9.03939 9.19536
9.03939 9.54988
9.03939 9.14365
9.03939 9.34886
9.03939 9.19536
9.14365 9.34886
9.14365 9.19536
9.14365 9.19536
9.14365 9.54988
9.14365 9.3995
9.19536 9.54988
9.19536 9.19536
9.19536 9.19536
9.19536 9.19536
9.19536 9.3995
9.19536 9.3995
9.19536 9.29796
9.19536 9.3995
9.29796 9.3995
9.29796 9.29796
9.29796 9.29796
9.29796 9.29796
9.34886 9.3995
9.34886 9.34886
9.34886 9.3995
9.34886 9.34886
9.34886 9.44987
9.34886 10.8578
9.34886 9.69804
9.34886 9.3995
9.34886 9.98809
9.34886 9.3995
9.34886 9.3995
9.3995 9.84408
9.3995 9.54988
9.3995 9.3995
9.3995 10.5
9.3995 9.59951
9.3995 9.3995
9.3995 9.44987
9.3995 9.8923
9.3995 9.3995
9.3995 9.69804
9.3995 10.2703
9.3995 9.3995
9.3995 9.54988
9.3995 9.3995
9.3995 9.5
9.3995 9.69804
9.3995 9.54988
9.3995 9.54988
9.3995 9.54988
9.3995 9.5
9.3995 9.44987
9.3995 9.3995
9.3995 9.69804
9.3995 9.74695
9.3995 9.44987
9.3995 9.74695
9.44987 9.5
9.44987 9.44987
9.44987 9.5
9.44987 10.1771
9.44987 9.54988
9.44987 9.5995
9.44987 10.8578
9.44987 9.54988
9.44987 9.44987
9.44987 9.94031
9.44987 9.74695
9.44987 9.74695
9.44987 9.54988
9.44987 9.79563
9.44987 9.5
9.5 9.54988
9.5 9.5
9.5 9.69804
9.5 9.54988
9.5 10.1771
9.5 9.5
9.5 9.5
9.54988 9.79563
9.54988 9.54988
9.54988 9.74695
9.54988 9.54988
9.54988 9.74695
9.54988 9.84408
9.54988 9.5995
9.54988 9.54988
9.54988 9.54988
9.54988 9.54988
9.54988 9.74695
9.54988 9.54988
9.54988 9.54988
9.54988 9.54988
9.5995 11.0758
9.5995 9.74695
9.69804 9.74695
9.69804 9.79563
9.69804 9.69804
9.69804 12.9164
9.69804 9.98809
9.69804 11.7474
9.74695 9.79563
9.74695 10.1301
9.74695 9.79563
9.74695 9.98809
9.74695 9.74695
9.74695 9.98809
9.74695 9.94031
9.74695 10.725
9.74695 10.5454
9.74695 9.79563
9.74695 9.79563
9.79563 9.8923
9.79563 10.6803
9.79563 9.98809
9.79563 9.79563
9.79563 9.79563
9.79563 10.1301
9.79563 9.79563
9.79563 9.8923
9.79563 9.94031
9.79563 9.84408
9.84408 9.98809
9.84408 9.98809
9.84408 9.84408
9.8923 9.94031
9.8923 11.7066
9.8923 9.94031
9.8923 9.98809
9.94031 10.2238
9.94031 10.1771
9.94031 10.2238
9.94031 9.98809
9.94031 10.2703
9.94031 9.98809
9.94031 10.3628
9.94031 9.98809
9.94031 10.1771
9.94031 9.98809
9.94031 10.5454
9.94031 11.5
9.94031 9.98809
9.98809 12.3062
9.98809 10.4545
9.98809 10.1771
9.98809 10.1301
9.98809 10.2703
10.1301 10.1301
10.1301 10.1301
10.1301 10.1301
10.1301 10.1301
10.1301 10.1301
10.1301 10.1771
10.1301 10.3167
10.1301 10.1301
10.1301 10.2703
10.1301 10.1301
10.1301 10.1301
10.1301 10.2703
10.1771 10.2703
10.1771 10.2238
10.1771 10.2703
10.1771 10.1771
10.1771 10.2238
10.1771 10.2703
10.1771 10.2703
10.1771 10.1771
10.1771 10.1771
10.2238 10.3167
10.2238 10.4545
10.2238 10.2238
10.2238 10.3167
10.2238 10.3167
10.2703 10.3167
10.2703 10.2703
10.3167 11.583
10.3167 10.4545
10.3167 10.3628
10.3167 10.4545
10.3167 10.3628
10.3167 10.9018
10.3167 10.3167
10.3167 10.3628
10.3628 10.4545
10.3628 10.3628
10.4545 10.6803
10.5 10.5
10.5 10.5
10.5 10.6803
10.5 10.6803
10.5 11.0758
10.5454 11.583
10.5454 10.5454
10.5454 10.6803
10.5454 10.5905
10.5454 10.5454
10.6803 10.9455
10.6803 10.725
10.6803 10.725
10.6803 10.9018
10.6803 10.725
10.6803 10.6803
10.725 10.8137
10.725 11.0758
10.725 10.8578
10.8137 10.9455
10.8137 10.8578
10.8137 10.8578
10.8578 11.583
10.8578 15.343
10.8578 11.583
10.8578 10.9455
10.8578 10.9018
10.8578 10.9455
10.8578 10.8578
10.9018 10.9018
10.9018 10.9455
10.9455 10.9455
10.9455 11.0326
11.0326 11.7474
11.0326 11.0758
11.0326 11.0758
11.0758 12.8791
11.0758 11.2473
11.0758 11.7066
11.0758 11.0758
11.1619 11.2898
11.1619 11.3322
11.1619 11.2473
11.1619 11.2473
11.1619 11.1619
11.1619 11.2047
11.1619 11.2047
11.2047 11.6655
11.2047 11.5416
11.2047 11.2047
11.2047 11.8693
11.2047 11.2047
11.2473 11.3743
11.2473 11.3322
11.2473 12.9907
11.2898 11.3322
11.2898 11.2898
11.2898 11.3743
11.2898 11.4164
11.2898 11.3743
11.3322 11.3743
11.3322 11.3743
11.3743 11.583
11.4164 11.5416
11.4164 11.5416
11.5 12.1491
11.5416 11.5416
11.5416 11.5416
11.5416 11.583
11.5416 11.583
11.5416 11.5416
11.5416 11.6244
11.5416 11.583
11.583 11.8693
11.583 11.583
11.583 11.583
11.583 11.7474
11.583 11.583
11.583 11.583
11.583 11.583
11.6244 11.9097
11.6244 11.9097
11.6655 11.9097
11.7066 11.7066
11.7066 11.7474
11.7066 11.7474
11.7066 11.8288
11.7066 11.7474
11.7066 12.5384
11.7474 12.03
11.8288 11.8288
11.8288 11.8693
11.8288 11.8693
11.8288 11.8288
11.8693 11.9097
11.9097 11.9499
11.9499 12.5384
12.03 12.2279
12.03 12.03
12.03 12.03
12.03 12.1886
12.03 12.03
12.03 12.0698
12.0698 12.2671
12.0698 12.5384
12.1491 12.3841
12.1886 12.1886
12.1886 12.8417
12.1886 12.1886
12.2279 12.2279
12.2279 12.3841
12.2671 12.3841
12.3062 12.5
12.3452 12.3841
12.3452 13.1015
12.4615 12.6529
12.5 12.5
12.5 14.9272
12.5 14.3661
12.5384 12.5767
12.5384 12.5384
12.5384 12.5384
12.5767 12.5767
12.5767 12.6529
12.5767 12.5767
12.6529 13.0647
12.6529 12.9164
12.6529 12.8791
12.7665 12.9536
12.8417 13.1015
12.9536 13.1015
12.9907 12.9907
12.9907 13.4284
12.9907 13.1015
13.1382 13.1748
13.1382 13.2477
13.2477 13.4284
13.3564 13.4284
13.5 13.5
13.8527 14.1969
13.9568 13.9568
13.9568 13.9568
14.0945 14.2986
14.0945 14.1287
14.1969 14.2648
14.1969 14.1969
14.2309 14.2648
14.3661 14.5997
14.7643 14.7971
