-3.63527 0.498806
-2.97471 0.498477
-2.67226 1.5
-2.67183 0.497539
-2.6712 0.496746
-2.50748 0.498045
-2.50513 0.498045
-2.33679 0.496746
-2.33677 0.913463
-2.33586 0.913804
-1.95693 0.499249
-1.95635 0.498726
-1.74278 0.913804
-1.74256 0.498806
-1.74248 0.91394
-1.50602 0.498851
-1.50578 0.49817
-1.50567 0.497215
-1.5055 0.497215
-1.5054 1.5
-1.505 0.496746
-1.50491 1.73607
-1.50479 0.913736
-1.50479 1.23191
-1.50466 0.913804
-1.5043 0.913804
-1.50346 0.913599
-1.2365 0.913736
-0.918845 0.499112
-0.918751 0.496746
-0.918602 0.913736
-0.918486 0.497864
-0.91797 0.91394
-0.917672 1.23198
-0.917589 0.498352
-0.502571 0.498806
-0.502183 0.497414
-0.501703 0.498601
0.497539 0.497683
0.497802 0.498557
0.498352 0.498408
0.498863 0.498988
0.498931 1.23198
0.499056 0.499181
0.499454 0.913667
0.499454 1.73607
0.913418 0.913667
0.913736 1.5
0.913872 0.91394
1.5 1.5
1.5 1.5
1.5 1.73607
1.5 1.73607
1.5 1.5
1.73607 1.73607
1.73607 1.94949
1.73607 1.73607
1.73607 1.73607
1.73607 1.94949
1.73607 1.73607
1.73607 1.73607
1.73607 1.73607
1.73607 1.73607
1.73607 1.73607
1.73607 1.73607
1.94949 2.32843
1.94949 1.94949
1.94949 2.32843
1.94949 1.94949
1.94949 2.32843
2.32843 2.32843
2.32843 2.32843
2.32843 2.5
2.32843 2.32843
2.32843 2.32843
2.32843 2.32843
2.32843 2.32843
2.32843 2.32843
2.32843 2.32843
2.32843 2.32843
2.32843 2.5
2.32843 2.32843
2.5 2.5
2.5 2.5
2.5 2.81662
2.5 2.5
2.5 2.5
2.5 2.66228
2.5 2.66228
2.5 2.5
2.5 2.5
2.5 2.5
2.5 2.5
2.5 2.5
2.5 2.5
2.5 2.5
2.5 2.66228
2.5 2.66228
2.5 2.5
2.5 2.66228
2.5 2.66228
2.5 2.66228
2.5 2.66228
2.5 2.66228
2.5 2.5
2.5 2.5
2.5 2.5
2.5 2.5
2.5 2.66228
2.5 2.5
2.5 2.5
2.5 2.5
2.5 2.5
2.5 2.5
2.5 2.5
2.66228 2.66228
2.66228 2.81662
2.66228 2.66228
2.66228 2.81662
2.66228 2.66228
2.66228 3.10555
2.66228 2.66228
2.66228 2.66228
2.66228 2.81662
2.66228 2.66228
2.66228 2.66228
2.66228 2.66228
2.66228 2.66228
2.66228 2.66228
2.66228 2.66228
2.66228 2.66228
2.66228 2.66228
2.66228 2.66228
2.66228 2.66228
2.66228 2.66228
2.66228 2.66228
2.66228 2.66228
2.66228 2.66228
2.66228 2.81662
2.66228 2.81662
2.66228 2.66228
2.66228 2.66228
2.66228 2.66228
2.66228 2.81662
2.81662 3.10555
2.81662 3.10555
2.81662 2.9641
2.81662 2.9641
2.9641 3.10555
2.9641 2.9641
2.9641 2.9641
2.9641 3.10555
2.9641 3.10555
2.9641 4.39898
2.9641 3.10555
2.9641 2.9641
2.9641 3.10555
2.9641 3.10555
2.9641 2.9641
2.9641 3.10555
3.10555 3.10555
3.10555 3.10555
3.10555 3.10555
3.10555 3.10555
3.10555 3.10555
3.10555 3.24166
3.10555 3.10555
3.10555 3.10555
3.10555 3.10555
3.10555 3.10555
3.10555 3.24166
3.10555 3.10555
3.10555 3.24166
3.10555 3.24166
3.10555 4.08258
3.10555 3.10555
3.10555 3.24166
3.10555 3.24166
3.10555 3.10555
3.10555 3.24166
3.10555 3.10555
3.10555 3.10555
3.10555 3.10555
3.10555 3.10555
3.10555 3.10555
3.10555 3.24166
3.10555 3.10555
3.10555 3.10555
3.24166 3.24166
3.24166 3.24166
3.24166 3.24166
3.24166 3.24166
3.24166 3.24166
3.24166 3.24166
3.24166 3.24166
3.24166 3.24166
3.24166 3.24166
3.24166 3.24166
3.24166 3.24166
3.24166 3.24166
3.24166 3.24166
3.24166 3.62311
3.24166 3.24166
3.24166 4.5
3.24166 3.24166
3.24166 3.24166
3.24166 3.62311
3.24166 3.62311
3.24166 3.24166
3.24166 3.62311
3.24166 3.24166
3.24166 3.8589
3.24166 3.24166
3.24166 3.24166
3.24166 3.24166
3.24166 3.24166
3.24166 3.5
3.24166 3.62311
3.24166 3.5
3.24166 3.24166
3.24166 3.5
3.24166 3.5
3.24166 3.62311
3.24166 3.24166
3.24166 3.24166
3.24166 3.24166
3.24166 3.24166
3.24166 3.74264
3.24166 3.62311
3.24166 3.24166
3.24166 3.24166
3.24166 3.62311
3.24166 3.24166
3.24166 3.24166
3.24166 3.24166
3.24166 3.24166
3.24166 3.5
3.24166 3.24166
3.24166 3.62311
3.24166 4.19042
3.5 3.5
3.5 3.62311
3.5 3.8589
3.5 3.62311
3.5 3.62311
3.5 3.5
3.5 3.62311
3.5 3.62311
3.5 3.5
3.5 3.8589
3.5 3.62311
3.5 3.62311
3.5 3.5
3.5 3.62311
3.5 3.62311
3.5 3.5
3.5 3.5
3.5 3.5
3.5 3.62311
3.5 3.62311
3.5 3.62311
3.5 3.62311
3.5 3.5
3.5 3.5
3.5 3.5
3.5 3.5
3.5 3.5
3.5 3.5
3.5 3.5
3.5 3.5
3.5 3.62311
3.5 3.5
3.5 3.5
3.5 3.5
3.5 3.5
3.5 3.62311
3.5 3.5
3.5 3.62311
3.5 3.62311
3.5 3.5
3.5 3.62311
3.62311 3.62311
3.62311 3.62311
3.62311 3.62311
3.62311 3.62311
3.62311 3.62311
3.62311 3.62311
3.62311 3.8589
3.62311 3.62311
3.62311 3.74264
3.62311 3.74264
3.62311 3.74264
3.62311 3.8589
3.62311 3.62311
3.62311 3.62311
3.62311 3.74264
3.62311 3.62311
3.62311 3.62311
3.62311 3.74264
3.62311 3.74264
3.62311 3.74264
3.62311 3.8589
3.62311 3.97214
3.62311 3.62311
3.62311 3.62311
3.62311 3.62311
3.62311 3.62311
3.62311 3.74264
3.62311 3.62311
3.62311 3.74264
3.62311 3.62311
3.62311 3.74264
3.62311 3.62311
3.62311 3.62311
3.62311 5.66441
3.62311 3.62311
3.62311 3.62311
3.62311 3.62311
3.62311 3.62311
3.62311 3.62311
3.62311 3.62311
3.62311 3.62311
3.62311 3.62311
3.62311 3.62311
3.62311 3.74264
3.62311 3.62311
3.62311 3.62311
3.62311 3.62311
3.62311 3.62311
3.62311 3.62311
3.62311 3.62311
3.62311 3.74264
3.62311 3.62311
3.62311 3.74264
3.62311 3.74264
3.62311 3.74264
3.62311 3.62311
3.62311 3.62311
3.62311 3.62311
3.62311 3.97214
3.62311 3.74264
3.62311 3.62311
3.62311 3.62311
3.62311 3.62311
3.62311 3.74264
3.62311 3.62311
3.62311 3.62311
3.62311 3.74264
3.62311 3.62311
3.62311 3.62311
3.62311 3.97214
3.62311 3.74264
3.62311 3.62311
3.62311 3.74264
3.62311 3.8589
3.62311 3.62311
3.62311 3.62311
3.62311 3.62311
3.62311 3.62311
3.62311 3.62311
3.62311 3.62311
3.62311 3.62311
3.62311 3.62311
3.62311 3.62311
3.62311 3.62311
3.62311 3.8589
3.62311 3.74264
3.62311 3.62311
3.62311 3.62311
3.62311 5.15685
3.62311 3.62311
3.62311 3.62311
3.62311 3.74264
3.62311 3.74264
3.62311 3.62311
3.62311 3.62311
3.62311 3.62311
3.62311 3.62311
3.62311 3.74264
3.62311 3.62311
3.62311 3.74264
3.62311 3.62311
3.62311 3.74264
3.62311 3.74264
3.62311 3.8589
3.62311 3.62311
3.62311 3.62311
3.62311 3.62311
3.62311 3.74264
3.62311 3.62311
3.62311 3.62311
3.62311 3.74264
3.62311 3.62311
3.62311 3.62311
3.62311 3.97214
3.62311 3.62311
3.62311 3.74264
3.62311 3.62311
3.62311 3.74264
3.62311 3.62311
3.62311 3.62311
3.62311 3.62311
3.62311 3.74264
3.62311 3.62311
3.74264 3.74264
3.74264 3.8589
3.74264 4.19042
3.74264 3.74264
3.74264 3.74264
3.74264 3.97214
3.74264 3.74264
3.74264 3.8589
3.74264 3.74264
3.74264 3.8589
3.74264 3.8589
3.74264 3.74264
3.74264 6.78011
3.74264 5.5
3.74264 3.74264
3.74264 3.74264
3.74264 3.8589
3.74264 3.8589
3.74264 3.8589
3.74264 3.97214
3.74264 3.97214
3.74264 3.97214
3.74264 3.97214
3.74264 3.8589
3.74264 3.74264
3.74264 3.74264
3.74264 3.74264
3.74264 3.74264
3.74264 3.97214
3.74264 3.74264
3.74264 5.90312
3.74264 3.97214
3.74264 3.8589
3.74264 3.74264
3.74264 3.97214
3.74264 3.74264
3.74264 4.08258
3.74264 3.74264
3.74264 3.74264
3.74264 3.74264
3.74264 3.97214
3.74264 4.5
3.74264 3.74264
3.74264 3.74264
3.74264 3.8589
3.74264 3.8589
3.74264 3.8589
3.74264 4.08258
3.74264 3.74264
3.74264 3.74264
3.74264 3.74264
3.74264 3.8589
3.74264 3.8589
3.74264 3.8589
3.74264 4.19042
3.74264 3.74264
3.74264 3.74264
3.74264 3.97214
3.74264 3.74264
3.74264 3.74264
3.74264 4.19042
3.74264 3.74264
3.74264 3.74264
3.74264 3.74264
3.74264 3.74264
3.74264 4.59902
3.74264 3.74264
3.74264 3.74264
3.74264 3.97214
3.74264 3.74264
3.74264 3.74264
3.74264 3.97214
3.74264 3.8589
3.74264 3.8589
3.8589 3.97214
3.8589 4.08258
3.8589 3.8589
3.8589 3.8589
3.8589 4.19042
3.8589 3.8589
3.8589 3.97214
3.8589 3.97214
3.8589 3.97214
3.8589 4.08258
3.8589 3.97214
3.8589 3.8589
3.8589 3.8589
3.8589 3.97214
3.8589 3.8589
3.8589 3.8589
3.8589 4.08258
3.8589 3.8589
3.8589 3.97214
3.8589 3.97214
3.8589 4.08258
3.8589 3.8589
3.8589 4.08258
3.8589 3.97214
3.8589 3.8589
3.8589 3.8589
3.8589 3.8589
3.8589 4.08258
3.8589 3.97214
3.97214 5.90312
3.97214 4.08258
3.97214 4.08258
3.97214 4.08258
3.97214 4.08258
3.97214 3.97214
3.97214 3.97214
3.97214 4.08258
3.97214 3.97214
3.97214 4.19042
3.97214 4.08258
3.97214 4.08258
3.97214 4.08258
3.97214 4.08258
3.97214 4.08258
3.97214 3.97214
3.97214 4.08258
3.97214 3.97214
3.97214 3.97214
3.97214 3.97214
3.97214 3.97214
3.97214 4.08258
3.97214 3.97214
3.97214 3.97214
3.97214 4.08258
3.97214 3.97214
3.97214 4.08258
3.97214 4.39898
3.97214 3.97214
3.97214 4.08258
3.97214 3.97214
3.97214 4.08258
3.97214 4.08258
3.97214 4.08258
3.97214 4.08258
3.97214 3.97214
3.97214 4.08258
3.97214 3.97214
3.97214 3.97214
3.97214 4.08258
3.97214 3.97214
3.97214 3.97214
3.97214 5.41608
3.97214 3.97214
3.97214 4.08258
3.97214 3.97214
3.97214 4.5
3.97214 3.97214
3.97214 3.97214
3.97214 4.08258
4.08258 4.08258
4.08258 4.08258
4.08258 4.08258
4.08258 4.08258
4.08258 4.08258
4.08258 4.08258
4.08258 6.2082
4.08258 4.59902
4.08258 4.08258
4.08258 4.08258
4.08258 4.39898
4.08258 4.19042
4.08258 4.08258
4.08258 4.08258
4.08258 4.08258
4.08258 4.08258
4.08258 4.19042
4.08258 4.39898
4.08258 4.39898
4.08258 4.08258
4.08258 4.08258
4.08258 4.08258
4.08258 4.08258
4.08258 4.88516
4.08258 4.08258
4.08258 4.08258
4.08258 4.08258
4.08258 4.08258
4.08258 4.08258
4.08258 4.08258
4.08258 4.88516
4.08258 4.39898
4.08258 4.19042
4.08258 4.08258
4.08258 4.08258
4.08258 4.19042
4.08258 4.08258
4.08258 4.19042
4.08258 4.08258
4.08258 4.39898
4.08258 4.5
4.08258 4.08258
4.08258 4.08258
4.08258 4.08258
4.08258 4.39898
4.08258 4.08258
4.08258 4.59902
4.08258 4.08258
4.08258 4.19042
4.08258 4.5
4.08258 4.08258
4.08258 4.08258
4.08258 4.08258
4.08258 4.08258
4.08258 4.08258
4.08258 4.08258
4.08258 4.08258
4.08258 4.39898
4.08258 4.19042
4.19042 4.19042
4.19042 4.19042
4.19042 4.19042
4.19042 4.39898
4.19042 4.97723
4.19042 4.19042
4.19042 4.19042
4.19042 4.19042
4.19042 4.97723
4.19042 4.5
4.19042 4.39898
4.19042 4.69615
4.19042 4.19042
4.19042 4.19042
4.19042 4.39898
4.19042 4.19042
4.19042 4.19042
4.19042 4.59902
4.19042 4.39898
4.19042 4.39898
4.19042 4.19042
4.19042 4.39898
4.19042 4.19042
4.19042 4.39898
4.19042 4.39898
4.19042 4.39898
4.19042 4.39898
4.19042 4.39898
4.19042 4.5
4.39898 4.88516
4.39898 4.5
4.39898 4.39898
4.39898 4.5
4.39898 4.5
4.39898 4.69615
4.39898 4.5
4.39898 4.39898
4.39898 4.5
4.39898 4.5
4.39898 4.59902
4.39898 4.39898
4.39898 4.39898
4.39898 4.39898
4.39898 4.5
4.39898 6.13325
4.39898 4.59902
4.39898 4.5
4.39898 4.39898
4.39898 4.5
4.39898 4.5
4.39898 5.66441
4.39898 4.5
4.39898 4.39898
4.39898 4.39898
4.39898 4.69615
4.39898 4.59902
4.39898 4.59902
4.39898 4.5
4.39898 4.39898
4.39898 4.39898
4.39898 4.39898
4.39898 4.39898
4.39898 4.5
4.39898 4.69615
4.39898 4.39898
4.39898 4.5
4.39898 4.39898
4.39898 4.5
4.39898 4.39898
4.39898 4.5
4.39898 4.39898
4.39898 4.5
4.39898 4.5
4.39898 4.5
4.39898 4.5
4.39898 4.39898
4.39898 4.39898
4.39898 4.59902
4.39898 4.59902
4.39898 4.39898
4.39898 4.5
4.39898 4.5
4.39898 5.24456
4.39898 4.39898
4.39898 6.98331
4.39898 4.39898
4.39898 4.39898
4.39898 4.39898
4.39898 4.39898
4.39898 4.5
4.39898 4.39898
4.39898 4.39898
4.39898 4.39898
4.39898 4.5
4.5 4.5
4.5 4.5
4.5 4.5
4.5 4.5
4.5 4.59902
4.5 4.59902
4.5 4.5
4.5 4.88516
4.5 4.59902
4.5 4.5
4.5 4.5
4.5 4.59902
4.5 4.59902
4.5 4.5
4.5 5.24456
4.5 4.59902
4.5 4.5
4.5 4.5
4.5 4.59902
4.5 4.5
4.5 4.59902
4.5 4.59902
4.5 4.59902
4.5 4.5
4.5 4.59902
4.5 4.5
4.5 5.66441
4.5 4.5
4.5 4.5
4.5 4.5
4.5 4.5
4.5 4.5
4.5 4.5
4.5 4.59902
4.5 4.5
4.5 4.5
4.5 4.88516
4.5 4.59902
4.5 4.5
4.5 4.5
4.5 4.59902
4.5 4.59902
4.5 4.5
4.5 5.90312
4.5 4.5
4.5 4.5
4.5 4.59902
4.5 4.59902
4.5 4.5
4.5 4.59902
4.5 4.5
4.5 4.5
4.5 4.5
4.5 4.5
4.5 4.5
4.5 4.5
4.5 4.59902
4.5 4.5
4.5 4.5
4.5 4.5
4.5 4.5
4.5 7.62404
4.5 4.5
4.5 4.5
4.5 4.5
4.5 4.5
4.5 4.5
4.5 4.5
4.5 4.5
4.5 4.59902
4.5 4.5
4.5 4.59902
4.5 5.66441
4.5 4.59902
4.5 4.59902
4.5 4.5
4.5 4.5
4.5 4.59902
4.5 4.5
4.5 4.69615
4.5 4.5
4.5 4.59902
4.5 4.5
4.5 4.59902
4.5 4.5
4.5 4.59902
4.5 4.5
4.5 4.5
4.5 4.59902
4.5 4.5
4.5 4.5
4.5 4.59902
4.5 4.5
4.5 4.5
4.5 4.59902
4.5 4.5
4.5 4.5
4.5 4.5
4.5 4.59902
4.5 4.5
4.5 4.5
4.5 4.5
4.5 4.59902
4.5 4.5
4.5 4.88516
4.5 4.88516
4.5 4.5
4.5 4.5
4.5 4.5
4.5 4.59902
4.5 5.24456
4.5 4.69615
4.5 4.5
4.5 4.59902
4.5 4.5
4.5 4.5
4.5 4.5
4.5 4.5
4.5 5.58276
4.5 4.59902
4.5 4.5
4.5 5.24456
4.5 4.5
4.5 4.59902
4.5 4.5
4.5 4.5
4.5 4.59902
4.5 4.5
4.5 4.59902
4.5 4.5
4.5 4.5
4.5 4.69615
4.5 4.88516
4.59902 4.59902
4.59902 4.97723
4.59902 4.59902
4.59902 4.59902
4.59902 4.59902
4.59902 4.59902
4.59902 4.88516
4.59902 4.69615
4.59902 4.69615
4.59902 4.69615
4.59902 5.82456
4.59902 4.59902
4.59902 4.59902
4.59902 4.59902
4.59902 4.88516
4.59902 4.59902
4.59902 4.59902
4.59902 4.59902
4.59902 4.59902
4.59902 4.59902
4.59902 4.69615
4.59902 4.59902
4.59902 4.88516
4.59902 4.59902
4.59902 4.69615
4.59902 4.88516
4.59902 4.59902
4.59902 4.88516
4.59902 4.88516
4.59902 6.64143
4.59902 4.97723
4.59902 4.59902
4.59902 5.24456
4.59902 4.88516
4.59902 4.69615
4.59902 4.59902
4.59902 4.88516
4.59902 4.88516
4.59902 4.59902
4.59902 4.59902
4.59902 4.88516
4.59902 4.69615
4.59902 5.66441
4.59902 4.59902
4.59902 4.59902
4.59902 4.59902
4.59902 4.59902
4.59902 4.59902
4.59902 4.59902
4.59902 5.33095
4.59902 4.88516
4.59902 4.59902
4.59902 4.59902
4.59902 4.69615
4.59902 4.59902
4.59902 4.59902
4.59902 4.69615
4.59902 4.59902
4.59902 4.69615
4.59902 4.69615
4.59902 4.59902
4.59902 4.69615
4.59902 4.59902
4.59902 5.58276
4.59902 4.59902
4.59902 4.59902
4.59902 4.59902
4.59902 4.59902
4.59902 4.59902
4.59902 6.5
4.59902 4.69615
4.59902 4.59902
4.59902 5.58276
4.59902 4.88516
4.59902 4.59902
4.59902 4.97723
4.59902 4.59902
4.59902 5.5
4.59902 4.59902
4.59902 4.59902
4.59902 4.69615
4.59902 6.2082
4.59902 4.88516
4.59902 4.88516
4.59902 4.59902
4.59902 4.69615
4.59902 4.59902
4.59902 5.58276
4.59902 4.69615
4.59902 4.88516
4.59902 5.58276
4.59902 4.69615
4.59902 4.59902
4.59902 4.59902
4.59902 4.59902
4.59902 4.88516
4.59902 5.24456
4.59902 6.2082
4.59902 4.59902
4.59902 4.59902
4.59902 4.88516
4.59902 4.88516
4.59902 4.59902
4.59902 4.88516
4.59902 4.59902
4.59902 4.59902
4.59902 6.28233
4.59902 4.69615
4.59902 4.59902
4.59902 4.88516
4.59902 4.59902
4.59902 4.59902
4.59902 4.69615
4.59902 4.59902
4.59902 4.69615
4.59902 4.59902
4.59902 4.59902
4.59902 4.59902
4.59902 4.69615
4.59902 4.69615
4.59902 4.88516
4.59902 4.69615
4.59902 4.59902
4.59902 4.88516
4.59902 4.59902
4.59902 4.88516
4.59902 4.59902
4.69615 4.88516
4.69615 4.88516
4.69615 4.88516
4.69615 5.5
4.69615 4.69615
4.69615 4.88516
4.69615 4.88516
4.69615 4.88516
4.69615 4.88516
4.69615 4.88516
4.69615 4.88516
4.69615 4.69615
4.69615 4.88516
4.69615 4.88516
4.69615 4.88516
4.69615 4.88516
4.69615 5.33095
4.69615 5.24456
4.69615 4.88516
4.69615 4.88516
4.69615 4.88516
4.69615 4.69615
4.69615 4.69615
4.69615 6.98331
4.69615 4.88516
4.69615 4.88516
4.69615 5.24456
4.69615 4.88516
4.69615 4.88516
4.69615 4.88516
4.69615 4.88516
4.69615 7.18115
4.69615 4.88516
4.69615 4.88516
4.69615 4.88516
4.69615 4.88516
4.69615 4.69615
4.69615 4.88516
4.69615 4.69615
4.69615 4.88516
4.69615 4.88516
4.69615 4.88516
4.69615 4.88516
4.69615 4.88516
4.69615 4.69615
4.69615 4.88516
4.69615 4.69615
4.69615 6.57107
4.69615 4.88516
4.69615 4.88516
4.69615 4.88516
4.69615 4.88516
4.69615 4.88516
4.69615 4.69615
4.69615 5.41608
4.69615 5.41608
4.88516 4.88516
4.88516 4.88516
4.88516 4.88516
4.88516 5.24456
4.88516 4.88516
4.88516 4.88516
4.88516 5.90312
4.88516 4.88516
4.88516 4.88516
4.88516 4.88516
4.88516 6.57107
4.88516 4.88516
4.88516 4.88516
4.88516 5.58276
4.88516 4.97723
4.88516 5.66441
4.88516 4.88516
4.88516 4.88516
4.88516 4.88516
4.88516 5.15685
4.88516 4.88516
4.88516 4.88516
4.88516 5.24456
4.88516 4.88516
4.88516 4.97723
4.88516 4.97723
4.88516 4.97723
4.88516 4.88516
4.88516 5.15685
4.88516 4.88516
4.88516 4.88516
4.88516 4.88516
4.88516 4.88516
4.88516 5.58276
4.88516 6.7111
4.88516 4.97723
4.88516 4.97723
4.88516 4.88516
4.88516 4.88516
4.88516 4.88516
4.88516 5.33095
4.88516 4.88516
4.88516 4.88516
4.88516 4.88516
4.88516 5.24456
4.88516 4.88516
4.88516 4.88516
4.88516 4.88516
4.88516 4.97723
4.88516 4.97723
4.88516 4.88516
4.88516 5.58276
4.88516 4.88516
4.88516 4.97723
4.88516 4.88516
4.88516 4.88516
4.88516 4.88516
4.88516 4.97723
4.88516 4.88516
4.88516 4.88516
4.88516 4.88516
4.88516 4.97723
4.88516 4.88516
4.88516 4.88516
4.88516 4.88516
4.88516 4.88516
4.88516 4.88516
4.88516 4.88516
4.88516 4.88516
4.88516 4.88516
4.88516 5.24456
4.88516 4.88516
4.88516 4.88516
4.88516 4.88516
4.88516 5.5
4.88516 4.88516
4.88516 4.88516
4.88516 4.88516
4.88516 5.33095
4.88516 4.97723
4.88516 6.13325
4.88516 4.88516
4.88516 4.97723
4.88516 4.88516
4.88516 4.88516
4.88516 4.88516
4.88516 5.66441
4.88516 4.88516
4.88516 4.88516
4.88516 5.33095
4.88516 4.97723
4.88516 4.88516
4.88516 4.88516
4.88516 4.97723
4.88516 4.88516
4.88516 4.97723
4.88516 4.88516
4.88516 5.5
4.88516 4.88516
4.88516 5.24456
4.88516 5.33095
4.88516 5.15685
4.88516 4.88516
4.88516 4.97723
4.88516 4.88516
4.88516 4.88516
4.88516 4.97723
4.88516 4.88516
4.88516 4.88516
4.88516 4.88516
4.88516 4.97723
4.88516 4.88516
4.88516 4.88516
4.88516 4.88516
4.88516 4.88516
4.88516 4.88516
4.88516 4.88516
4.88516 4.88516
4.88516 5.33095
4.88516 4.88516
4.88516 4.88516
4.88516 4.88516
4.88516 4.88516
4.88516 4.97723
4.88516 4.88516
4.88516 4.88516
4.88516 4.97723
4.88516 4.88516
4.88516 4.97723
4.88516 5.15685
4.88516 4.97723
4.88516 4.97723
4.88516 5.41608
4.88516 4.88516
4.88516 4.97723
4.88516 4.97723
4.88516 4.88516
4.88516 4.88516
4.88516 5.24456
4.88516 4.97723
4.88516 4.88516
4.88516 4.88516
4.88516 4.97723
4.88516 4.88516
4.88516 4.97723
4.88516 4.88516
4.88516 4.88516
4.88516 5.5
4.88516 4.88516
4.88516 4.88516
4.88516 4.88516
4.97723 7.31025
4.97723 4.97723
4.97723 4.97723
4.97723 5.41608
4.97723 4.97723
4.97723 4.97723
4.97723 4.97723
4.97723 5.33095
4.97723 5.15685
4.97723 5.66441
4.97723 6.5
4.97723 4.97723
4.97723 4.97723
4.97723 5.24456
4.97723 4.97723
4.97723 5.24456
4.97723 4.97723
4.97723 5.24456
4.97723 4.97723
4.97723 4.97723
4.97723 5.24456
4.97723 5.33095
4.97723 5.24456
4.97723 4.97723
4.97723 5.24456
4.97723 6.2082
4.97723 7.98528
4.97723 4.97723
4.97723 4.97723
4.97723 5.24456
4.97723 5.24456
4.97723 5.24456
4.97723 6.5
4.97723 5.24456
4.97723 4.97723
4.97723 4.97723
4.97723 5.24456
4.97723 4.97723
4.97723 5.24456
5.15685 5.24456
5.15685 5.15685
5.15685 5.15685
5.15685 5.24456
5.15685 5.5
5.15685 5.24456
5.15685 5.90312
5.15685 5.15685
5.15685 5.15685
5.15685 5.24456
5.15685 5.33095
5.15685 5.24456
5.15685 5.24456
5.15685 5.15685
5.15685 5.24456
5.15685 5.24456
5.15685 5.33095
5.15685 5.33095
5.15685 5.24456
5.15685 5.24456
5.15685 5.24456
5.15685 5.15685
5.15685 5.24456
5.15685 5.15685
5.15685 5.15685
5.15685 5.24456
5.15685 5.41608
5.15685 5.24456
5.15685 5.33095
5.15685 5.24456
5.15685 5.15685
5.15685 5.24456
5.15685 5.24456
5.15685 5.15685
5.15685 5.15685
5.15685 5.24456
5.15685 5.41608
5.15685 5.15685
5.15685 5.24456
5.15685 5.15685
5.15685 5.15685
5.15685 5.15685
5.15685 5.15685
5.15685 5.24456
5.15685 5.15685
5.15685 5.24456
5.24456 5.24456
5.24456 5.33095
5.24456 5.90312
5.24456 5.5
5.24456 5.24456
5.24456 5.5
5.24456 5.41608
5.24456 5.33095
5.24456 5.24456
5.24456 5.82456
5.24456 5.33095
5.24456 5.24456
5.24456 5.33095
5.24456 5.33095
5.24456 5.24456
5.24456 5.24456
5.24456 5.24456
5.24456 5.33095
5.24456 5.24456
5.24456 5.24456
5.24456 5.33095
5.24456 5.41608
5.24456 5.24456
5.24456 5.24456
5.24456 5.24456
5.24456 5.33095
5.24456 5.33095
5.24456 5.33095
5.24456 5.33095
5.24456 5.33095
5.24456 5.24456
5.24456 7.56226
5.24456 5.24456
5.24456 5.33095
5.24456 5.24456
5.24456 5.24456
5.24456 5.24456
5.24456 5.33095
5.24456 5.24456
5.24456 5.41608
5.24456 5.33095
5.24456 5.41608
5.24456 5.24456
5.24456 5.33095
5.24456 5.5
5.24456 5.24456
5.24456 5.33095
5.24456 5.24456
5.24456 5.66441
5.24456 5.41608
5.24456 5.33095
5.24456 5.24456
5.24456 5.33095
5.24456 5.24456
5.24456 5.24456
5.24456 5.41608
5.24456 5.24456
5.24456 5.24456
5.24456 5.5
5.24456 5.24456
5.24456 5.24456
5.24456 5.41608
5.24456 5.5
5.24456 5.24456
5.24456 5.24456
5.24456 5.33095
5.24456 5.58276
5.24456 5.41608
5.24456 5.24456
5.24456 5.24456
5.24456 5.24456
5.24456 5.33095
5.24456 7.80662
5.24456 5.33095
5.24456 5.33095
5.24456 5.24456
5.24456 5.24456
5.24456 5.90312
5.24456 5.24456
5.24456 5.24456
5.24456 5.33095
5.24456 5.33095
5.24456 5.82456
5.24456 5.24456
5.24456 5.24456
5.24456 5.24456
5.24456 5.24456
5.24456 5.24456
5.24456 5.41608
5.24456 5.33095
5.24456 7.31025
5.24456 5.33095
5.33095 5.90312
5.33095 5.41608
5.33095 5.5
5.33095 5.5
5.33095 5.41608
5.33095 5.33095
5.33095 5.5
5.33095 5.33095
5.33095 6.64143
5.33095 5.5
5.33095 5.33095
5.33095 5.33095
5.33095 5.33095
5.33095 5.33095
5.33095 5.33095
5.33095 5.33095
5.33095 7.56226
5.33095 5.5
5.33095 6.28233
5.33095 5.5
5.33095 5.58276
5.33095 5.33095
5.33095 5.5
5.33095 5.33095
5.33095 5.33095
5.33095 5.33095
5.33095 5.33095
5.33095 5.33095
5.33095 5.33095
5.33095 5.33095
5.33095 5.41608
5.33095 5.41608
5.33095 5.33095
5.33095 5.33095
5.33095 5.33095
5.33095 5.98074
5.33095 5.41608
5.33095 5.5
5.33095 5.33095
5.33095 7.62404
5.33095 5.5
5.33095 7.98528
5.33095 5.41608
5.33095 5.41608
5.33095 5.33095
5.33095 5.33095
5.33095 5.5
5.33095 5.33095
5.33095 5.33095
5.33095 7.18115
5.33095 5.41608
5.33095 5.33095
5.33095 5.41608
5.33095 5.33095
5.33095 5.33095
5.33095 5.33095
5.33095 5.33095
5.33095 5.41608
5.33095 5.5
5.33095 5.5
5.33095 5.33095
5.33095 5.33095
5.33095 5.90312
5.33095 5.41608
5.33095 5.33095
5.33095 7.80662
5.33095 5.82456
5.33095 5.33095
5.33095 5.33095
5.33095 7.68535
5.33095 5.33095
5.33095 7.56226
5.33095 5.41608
5.33095 5.5
5.33095 5.33095
5.33095 5.58276
5.33095 5.33095
5.33095 5.33095
5.33095 5.33095
5.33095 5.5
5.33095 5.90312
5.33095 5.33095
5.33095 5.33095
5.33095 5.5
5.33095 5.33095
5.33095 5.5
5.33095 5.66441
5.33095 5.33095
5.33095 5.33095
5.33095 5.33095
5.33095 5.41608
5.33095 5.33095
5.33095 5.41608
5.33095 5.90312
5.33095 5.33095
5.33095 6.13325
5.33095 5.41608
5.33095 5.41608
5.33095 5.41608
5.33095 5.33095
5.33095 5.33095
5.33095 5.66441
5.33095 5.33095
5.33095 5.33095
5.33095 5.33095
5.33095 5.41608
5.41608 5.41608
5.41608 5.41608
5.41608 5.41608
5.41608 5.82456
5.41608 5.5
5.41608 5.41608
5.41608 10.6803
5.41608 5.41608
5.41608 8.77362
5.41608 5.58276
5.41608 5.41608
5.41608 5.41608
5.41608 5.41608
5.41608 5.41608
5.41608 5.41608
5.41608 5.90312
5.41608 5.41608
5.41608 5.41608
5.41608 5.5
5.41608 5.5
5.41608 5.58276
5.41608 5.66441
5.41608 7.62404
5.41608 5.90312
5.41608 6.57107
5.41608 5.5
5.41608 5.41608
5.41608 8.5
5.41608 5.98074
5.41608 5.5
5.41608 7.04983
5.41608 5.66441
5.41608 7.62404
5.41608 5.82456
5.41608 5.41608
5.41608 5.41608
5.41608 5.5
5.41608 7.37401
5.41608 6.57107
5.41608 5.66441
5.41608 5.5
5.41608 5.66441
5.41608 5.5
5.41608 7.31025
5.41608 5.5
5.41608 7.31025
5.41608 5.41608
5.41608 5.66441
5.41608 8.044
5.41608 9.98809
5.41608 5.5
5.41608 7.80662
5.41608 5.5
5.41608 5.41608
5.41608 5.90312
5.41608 5.41608
5.41608 5.41608
5.41608 6.5
5.5 5.5
5.5 5.66441
5.5 5.5
5.5 5.66441
5.5 5.58276
5.5 5.5
5.5 6.2082
5.5 5.66441
5.5 5.5
5.5 5.5
5.5 5.90312
5.5 5.58276
5.5 5.5
5.5 5.66441
5.5 5.90312
5.5 5.66441
5.5 5.58276
5.5 5.66441
5.5 5.5
5.5 6.2082
5.5 5.66441
5.5 6.5
5.5 5.5
5.5 5.5
5.5 5.66441
5.5 5.5
5.5 5.5
5.5 5.5
5.5 5.5
5.5 5.5
5.5 8.55538
5.5 5.5
5.5 5.66441
5.5 5.66441
5.5 7.31025
5.5 5.66441
5.5 5.66441
5.5 5.82456
5.5 6.2082
5.5 5.58276
5.5 5.58276
5.5 5.58276
5.5 7.62404
5.5 5.5
5.5 5.5
5.5 5.5
5.5 5.90312
5.5 5.58276
5.5 6.5
5.5 5.66441
5.5 5.5
5.5 5.5
5.5 5.66441
5.5 7.56226
5.5 5.58276
5.5 5.90312
5.5 5.5
5.5 5.5
5.5 5.5
5.5 5.5
5.5 5.5
5.5 5.66441
5.5 5.66441
5.5 5.66441
5.5 5.90312
5.5 5.5
5.5 5.5
5.5 6.2082
5.58276 5.66441
5.58276 5.58276
5.58276 5.90312
5.58276 5.98074
5.58276 5.66441
5.58276 5.66441
5.58276 6.98331
5.58276 5.66441
5.58276 5.82456
5.58276 5.58276
5.58276 5.66441
5.58276 5.66441
5.58276 6.2082
5.58276 5.98074
5.58276 5.66441
5.58276 5.66441
5.58276 6.28233
5.58276 7.98528
5.58276 5.58276
5.58276 5.58276
5.58276 5.58276
5.58276 5.66441
5.58276 5.66441
5.58276 5.82456
5.58276 5.66441
5.58276 5.66441
5.58276 5.66441
5.58276 5.58276
5.58276 5.66441
5.58276 5.58276
5.58276 5.66441
5.66441 6.84847
5.66441 5.66441
5.66441 7.5
5.66441 5.66441
5.66441 5.82456
5.66441 5.90312
5.66441 5.98074
5.66441 5.82456
5.66441 5.66441
5.66441 5.66441
5.66441 5.66441
5.66441 5.82456
5.66441 5.90312
5.66441 5.82456
5.66441 5.90312
5.66441 6.28233
5.66441 5.66441
5.66441 7.37401
5.66441 5.98074
5.66441 5.90312
5.66441 5.90312
5.66441 5.82456
5.66441 5.90312
5.66441 6.7111
5.66441 5.82456
5.66441 5.66441
5.66441 5.66441
5.66441 5.90312
5.66441 6.2082
5.66441 5.90312
5.66441 5.82456
5.66441 5.82456
5.66441 6.28233
5.66441 5.82456
5.66441 5.66441
5.66441 5.66441
5.66441 5.66441
5.66441 5.90312
5.66441 5.66441
5.66441 5.82456
5.66441 5.82456
5.66441 5.82456
5.66441 5.82456
5.66441 5.66441
5.66441 6.64143
5.66441 6.13325
5.66441 5.66441
5.66441 5.66441
5.66441 5.66441
5.66441 5.66441
5.66441 5.66441
5.66441 5.90312
5.66441 5.90312
5.66441 5.66441
5.66441 7.74621
5.66441 5.66441
5.66441 5.90312
5.66441 5.66441
5.66441 6.28233
5.66441 5.66441
5.66441 5.66441
5.66441 5.82456
5.66441 5.66441
5.66441 5.90312
5.66441 5.90312
5.66441 5.82456
5.66441 5.82456
5.66441 5.66441
5.66441 5.90312
5.66441 6.5
5.66441 5.66441
5.66441 5.66441
5.66441 5.82456
5.66441 5.66441
5.66441 5.66441
5.66441 5.66441
5.66441 5.90312
5.66441 5.82456
5.66441 5.66441
5.66441 5.90312
5.66441 5.90312
5.66441 5.98074
5.66441 5.82456
5.66441 5.82456
5.66441 5.82456
5.66441 5.66441
5.66441 5.90312
5.66441 5.66441
5.66441 6.2082
5.66441 5.82456
5.66441 5.82456
5.82456 5.90312
5.82456 6.5
5.82456 5.90312
5.82456 5.82456
5.82456 5.90312
5.82456 9.3995
5.82456 7.11577
5.82456 5.90312
5.82456 5.90312
5.82456 5.90312
5.82456 5.82456
5.82456 5.82456
5.82456 5.90312
5.82456 5.90312
5.82456 5.90312
5.82456 5.90312
5.82456 5.90312
5.82456 6.13325
5.82456 5.90312
5.82456 5.82456
5.82456 5.82456
5.82456 6.78011
5.82456 5.90312
5.82456 5.90312
5.82456 5.90312
5.82456 6.5
5.82456 7.37401
5.82456 5.82456
5.82456 5.90312
5.82456 5.90312
5.82456 5.90312
5.82456 7.62404
5.82456 5.82456
5.82456 5.82456
5.82456 5.90312
5.90312 5.90312
5.90312 5.98074
5.90312 5.90312
5.90312 5.90312
5.90312 5.98074
5.90312 8.10233
5.90312 6.28233
5.90312 6.05744
5.90312 5.98074
5.90312 6.2082
5.90312 6.78011
5.90312 5.90312
5.90312 5.90312
5.90312 5.90312
5.90312 6.2082
5.90312 5.90312
5.90312 5.90312
5.90312 6.2082
5.90312 5.90312
5.90312 6.05744
5.90312 5.90312
5.90312 5.90312
5.90312 5.90312
5.90312 8.98683
5.90312 5.90312
5.90312 5.90312
5.90312 6.13325
5.90312 5.90312
5.90312 5.90312
5.90312 5.90312
5.90312 5.90312
5.90312 6.5
5.90312 5.90312
5.90312 6.05744
5.90312 5.90312
5.90312 6.2082
5.90312 6.98331
5.90312 5.90312
5.90312 6.7111
5.90312 6.57107
5.90312 5.90312
5.90312 5.90312
5.90312 5.90312
5.90312 5.90312
5.90312 7.37401
5.90312 5.90312
5.90312 6.05744
5.90312 5.90312
5.90312 6.2082
5.90312 5.98074
5.90312 6.57107
5.90312 5.90312
5.90312 5.98074
5.90312 5.90312
5.90312 5.98074
5.90312 5.90312
5.90312 5.98074
5.90312 6.7111
5.90312 5.90312
5.90312 5.90312
5.90312 6.5
5.90312 5.90312
5.90312 5.90312
5.90312 5.90312
5.90312 5.90312
5.90312 5.90312
5.90312 5.90312
5.90312 5.90312
5.90312 5.90312
5.90312 7.74621
5.90312 5.90312
5.90312 6.2082
5.90312 5.90312
5.90312 5.90312
5.90312 5.98074
5.90312 5.90312
5.90312 5.98074
5.90312 5.90312
5.90312 5.98074
5.90312 5.90312
5.90312 6.13325
5.90312 5.90312
5.90312 5.90312
5.90312 6.05744
5.90312 6.05744
5.90312 6.2082
5.90312 6.05744
5.90312 5.98074
5.90312 5.90312
5.90312 5.90312
5.90312 6.13325
5.90312 6.5
5.90312 6.5
5.90312 6.13325
5.90312 5.98074
5.90312 6.05744
5.90312 5.90312
5.90312 5.98074
5.90312 5.90312
5.90312 5.90312
5.90312 8.93398
5.90312 8.93398
5.90312 5.90312
5.90312 5.90312
5.90312 5.90312
5.90312 5.90312
5.90312 6.7111
5.90312 5.90312
5.90312 5.90312
5.90312 5.90312
5.90312 5.90312
5.90312 6.2082
5.90312 5.90312
5.90312 5.90312
5.90312 6.5
5.90312 5.90312
5.90312 5.90312
5.90312 9.3995
5.90312 6.4282
5.90312 5.90312
5.90312 5.98074
5.90312 5.98074
5.90312 5.98074
5.90312 5.90312
5.90312 7.98528
5.90312 5.90312
5.90312 6.2082
5.90312 5.90312
5.90312 5.90312
5.90312 5.90312
5.90312 5.98074
5.90312 6.05744
5.90312 5.90312
5.90312 6.13325
5.90312 5.98074
5.90312 5.90312
5.90312 5.90312
5.90312 9.44987
5.90312 5.98074
5.90312 5.90312
5.90312 5.90312
5.90312 6.13325
5.90312 5.90312
5.90312 6.2082
5.90312 5.98074
5.90312 5.90312
5.90312 7.37401
5.90312 5.98074
5.90312 5.90312
5.90312 5.90312
5.90312 5.90312
5.90312 5.90312
5.90312 5.90312
5.90312 7.31025
5.90312 6.13325
5.90312 5.98074
5.90312 6.28233
5.90312 7.04983
5.98074 6.57107
5.98074 5.98074
5.98074 5.98074
5.98074 5.98074
5.98074 5.98074
5.98074 5.98074
5.98074 6.2082
5.98074 6.05744
5.98074 6.2082
5.98074 6.13325
5.98074 6.2082
5.98074 6.2082
5.98074 5.98074
5.98074 5.98074
5.98074 6.2082
5.98074 5.98074
5.98074 6.57107
5.98074 6.2082
5.98074 6.05744
5.98074 6.13325
5.98074 6.05744
5.98074 6.05744
5.98074 6.05744
5.98074 6.13325
5.98074 5.98074
5.98074 6.5
5.98074 8.5
5.98074 6.2082
5.98074 5.98074
5.98074 5.98074
5.98074 5.98074
5.98074 6.2082
5.98074 6.13325
5.98074 6.57107
5.98074 6.2082
5.98074 5.98074
5.98074 6.28233
5.98074 6.2082
6.05744 6.2082
6.05744 6.2082
6.05744 6.13325
6.05744 6.2082
6.05744 6.05744
6.05744 6.2082
6.05744 6.13325
6.05744 6.13325
6.05744 8.10233
6.05744 6.05744
6.05744 6.13325
6.05744 6.2082
6.05744 6.05744
6.05744 6.2082
6.05744 6.13325
6.05744 6.13325
6.05744 6.13325
6.05744 6.57107
6.05744 6.05744
6.05744 6.2082
6.05744 6.2082
6.05744 6.05744
6.05744 6.2082
6.05744 6.2082
6.05744 6.05744
6.05744 6.2082
6.05744 6.5
6.05744 6.2082
6.05744 6.05744
6.05744 6.2082
6.05744 6.13325
6.05744 6.2082
6.05744 6.57107
6.05744 6.13325
6.05744 6.05744
6.05744 6.13325
6.05744 6.57107
6.05744 6.28233
6.05744 6.13325
6.05744 6.13325
6.05744 6.2082
6.05744 6.5
6.05744 6.2082
6.05744 6.13325
6.13325 6.13325
6.13325 6.13325
6.13325 6.28233
6.13325 6.28233
6.13325 6.2082
6.13325 6.13325
6.13325 6.2082
6.13325 6.2082
6.13325 6.13325
6.13325 6.2082
6.13325 6.2082
6.13325 6.2082
6.13325 6.2082
6.13325 6.2082
6.13325 6.5
6.13325 6.13325
6.13325 6.2082
6.13325 6.2082
6.13325 6.2082
6.13325 6.28233
6.13325 6.7111
6.2082 6.28233
6.2082 6.2082
6.2082 6.4282
6.2082 7.8666
6.2082 6.2082
6.2082 6.2082
6.2082 6.28233
6.2082 6.2082
6.2082 6.2082
6.2082 8.27496
6.2082 6.2082
6.2082 6.28233
6.2082 6.2082
6.2082 6.5
6.2082 6.28233
6.2082 6.2082
6.2082 6.2082
6.2082 6.5
6.2082 6.2082
6.2082 6.78011
6.2082 6.78011
6.2082 6.2082
6.2082 6.2082
6.2082 6.28233
6.2082 6.2082
6.2082 6.5
6.2082 6.84847
6.2082 6.28233
6.2082 6.5
6.2082 6.57107
6.2082 6.2082
6.2082 8.10233
6.2082 6.5
6.2082 6.5
6.2082 6.5
6.2082 6.28233
6.2082 6.28233
6.2082 6.2082
6.2082 6.28233
6.2082 6.2082
6.2082 6.28233
6.2082 6.5
6.2082 6.28233
6.2082 6.28233
6.2082 8.93398
6.2082 6.2082
6.2082 6.28233
6.2082 6.28233
6.2082 6.2082
6.2082 6.2082
6.2082 11.0326
6.2082 6.2082
6.2082 6.28233
6.2082 6.28233
6.2082 6.5
6.2082 6.2082
6.2082 6.28233
6.2082 6.2082
6.2082 6.2082
6.2082 6.2082
6.2082 6.2082
6.2082 6.5
6.2082 6.2082
6.2082 6.28233
6.2082 7.04983
6.2082 6.2082
6.2082 6.28233
6.2082 6.2082
6.2082 6.28233
6.2082 6.28233
6.2082 6.2082
6.2082 8.5
6.2082 6.5
6.2082 6.2082
6.2082 6.2082
6.2082 6.2082
6.2082 6.28233
6.2082 6.2082
6.2082 6.2082
6.2082 6.28233
6.2082 6.2082
6.2082 6.2082
6.2082 6.78011
6.2082 6.28233
6.28233 6.5
6.28233 6.28233
6.28233 6.5
6.28233 6.5
6.28233 7.37401
6.28233 6.5
6.28233 6.5
6.28233 7.31025
6.28233 6.5
6.28233 6.28233
6.28233 6.5
6.28233 6.5
6.28233 6.5
6.28233 6.5
6.28233 7.8666
6.28233 6.5
6.28233 6.5
6.28233 6.28233
6.28233 6.5
6.28233 6.28233
6.28233 6.64143
6.28233 6.4282
6.28233 6.5
6.28233 6.84847
6.28233 7.18115
6.28233 6.5
6.28233 6.28233
6.28233 6.78011
6.28233 6.7111
6.28233 6.5
6.4282 7.18115
6.4282 8.10233
6.4282 6.5
6.4282 6.98331
6.4282 6.98331
6.4282 6.5
6.4282 6.57107
6.4282 6.5
6.4282 6.84847
6.4282 6.4282
6.4282 7.31025
6.4282 6.84847
6.4282 6.5
6.4282 6.4282
6.4282 6.5
6.4282 7.18115
6.4282 6.64143
6.4282 6.57107
6.4282 6.5
6.4282 6.57107
6.5 6.5
6.5 6.5
6.5 6.5
6.5 6.57107
6.5 7.31025
6.5 6.57107
6.5 6.5
6.5 6.5
6.5 6.78011
6.5 6.5
6.5 6.84847
6.5 6.5
6.5 7.56226
6.5 6.5
6.5 6.64143
6.5 6.5
6.5 6.64143
6.5 6.5
6.5 6.57107
6.5 6.5
6.5 6.7111
6.5 7.5
6.5 6.78011
6.5 6.5
6.5 6.78011
6.5 6.5
6.5 6.5
6.5 6.5
6.5 6.64143
6.5 6.57107
6.5 6.64143
6.5 6.5
6.5 6.57107
6.5 6.57107
6.5 6.5
6.5 6.5
6.5 6.5
6.5 6.57107
6.5 6.57107
6.5 6.57107
6.5 6.57107
6.5 6.5
6.5 6.57107
6.5 6.5
6.5 6.5
6.5 6.5
6.5 7.18115
6.5 6.5
6.5 6.5
6.5 7.37401
6.5 6.5
6.5 9.54988
6.5 6.57107
6.5 6.57107
6.5 6.57107
6.5 6.84847
6.5 6.57107
6.5 6.57107
6.5 7.04983
6.5 6.5
6.5 6.5
6.5 6.7111
6.5 7.62404
6.5 6.5
6.5 6.5
6.5 6.5
6.5 7.56226
6.5 6.5
6.5 6.5
6.5 6.5
6.5 6.5
6.5 6.64143
6.5 6.5
6.5 6.5
6.5 6.57107
6.5 6.5
6.5 6.5
6.5 6.5
6.5 6.5
6.5 6.5
6.57107 6.57107
6.57107 6.78011
6.57107 6.64143
6.57107 6.57107
6.57107 6.57107
6.57107 6.84847
6.57107 6.7111
6.57107 6.57107
6.57107 6.7111
6.57107 6.57107
6.57107 6.64143
6.57107 6.57107
6.57107 6.57107
6.57107 6.57107
6.57107 6.57107
6.57107 6.64143
6.57107 6.57107
6.57107 6.57107
6.57107 10.9455
6.57107 6.57107
6.57107 6.7111
6.57107 6.57107
6.57107 6.57107
6.57107 7.56226
6.57107 6.57107
6.57107 6.57107
6.57107 6.64143
6.57107 6.57107
6.57107 6.57107
6.57107 6.57107
6.57107 6.84847
6.57107 6.78011
6.57107 6.78011
6.57107 6.57107
6.57107 6.78011
6.57107 6.78011
6.57107 6.57107
6.57107 7.04983
6.57107 6.57107
6.57107 6.64143
6.57107 6.57107
6.57107 6.78011
6.57107 6.7111
6.57107 7.98528
6.57107 6.57107
6.57107 6.78011
6.57107 9.54988
6.57107 11.5416
6.57107 6.57107
6.57107 8.10233
6.57107 6.84847
6.57107 6.64143
6.57107 6.64143
6.57107 6.78011
6.57107 6.57107
6.57107 6.57107
6.57107 6.64143
6.57107 6.7111
6.57107 6.64143
6.57107 6.57107
6.57107 6.57107
6.57107 6.57107
6.57107 6.64143
6.57107 6.84847
6.57107 6.57107
6.57107 6.7111
6.57107 6.57107
6.57107 6.57107
6.57107 6.57107
6.57107 6.57107
6.57107 6.64143
6.57107 6.57107
6.57107 8.55538
6.57107 6.98331
6.57107 6.64143
6.57107 6.57107
6.57107 6.57107
6.57107 6.57107
6.57107 6.57107
6.57107 6.64143
6.57107 6.57107
6.57107 6.57107
6.57107 6.57107
6.57107 6.57107
6.57107 6.57107
6.57107 6.57107
6.57107 6.64143
6.57107 6.57107
6.57107 6.64143
6.57107 6.57107
6.57107 6.64143
6.57107 6.57107
6.57107 6.57107
6.57107 6.78011
6.57107 6.7111
6.57107 6.57107
6.57107 6.7111
6.57107 6.57107
6.57107 6.64143
6.57107 6.64143
6.57107 7.11577
6.57107 6.64143
6.57107 6.78011
6.57107 6.57107
6.57107 6.64143
6.57107 6.78011
6.57107 6.7111
6.57107 7.74621
6.57107 6.98331
6.57107 6.84847
6.57107 6.64143
6.57107 6.57107
6.57107 6.57107
6.57107 6.57107
6.57107 6.57107
6.57107 6.64143
6.57107 7.31025
6.57107 7.8666
6.57107 7.5
6.57107 6.64143
6.57107 7.56226
6.57107 6.57107
6.57107 6.57107
6.57107 7.31025
6.57107 6.57107
6.57107 6.78011
6.57107 7.56226
6.64143 7.18115
6.64143 6.98331
6.64143 7.31025
6.64143 6.7111
6.64143 7.04983
6.64143 6.84847
6.64143 6.78011
6.64143 6.84847
6.64143 6.64143
6.64143 6.84847
6.64143 6.78011
6.64143 6.78011
6.64143 6.78011
6.64143 6.78011
6.64143 6.78011
6.64143 7.56226
6.64143 6.98331
6.64143 7.5
6.64143 9.3995
6.64143 6.64143
6.64143 6.78011
6.64143 6.78011
6.64143 6.64143
6.64143 6.64143
6.64143 6.64143
6.64143 6.64143
6.64143 6.84847
6.64143 7.62404
6.64143 6.64143
6.64143 7.37401
6.64143 6.7111
6.64143 6.7111
6.64143 6.84847
6.64143 8.044
6.64143 6.64143
6.64143 7.80662
6.64143 6.84847
6.7111 7.04983
6.7111 6.7111
6.7111 6.7111
6.7111 6.7111
6.7111 6.78011
6.7111 6.84847
6.7111 9.34886
6.7111 6.78011
6.7111 7.18115
6.7111 7.37401
6.7111 6.78011
6.7111 6.84847
6.7111 9.3995
6.7111 6.84847
6.7111 6.7111
6.7111 6.84847
6.7111 6.84847
6.7111 6.78011
6.7111 6.7111
6.7111 7.37401
6.7111 6.78011
6.7111 6.78011
6.7111 6.78011
6.7111 6.7111
6.7111 6.78011
6.7111 6.78011
6.7111 6.84847
6.7111 6.98331
6.7111 6.84847
6.7111 7.18115
6.7111 6.78011
6.78011 6.84847
6.78011 6.84847
6.78011 6.84847
6.78011 6.98331
6.78011 6.98331
6.78011 7.18115
6.78011 6.84847
6.78011 6.78011
6.78011 6.84847
6.78011 6.78011
6.78011 6.78011
6.78011 7.37401
6.78011 6.84847
6.78011 8.10233
6.78011 7.80662
6.78011 6.78011
6.78011 6.84847
6.78011 6.84847
6.78011 6.98331
6.78011 6.84847
6.78011 8.16025
6.78011 6.84847
6.78011 6.84847
6.78011 6.78011
6.78011 6.84847
6.78011 7.18115
6.78011 6.78011
6.78011 6.98331
6.78011 6.78011
6.78011 6.78011
6.78011 7.56226
6.78011 9.3995
6.78011 6.84847
6.78011 6.78011
6.78011 6.84847
6.78011 6.98331
6.78011 12.4615
6.78011 6.84847
6.78011 7.56226
6.78011 8.27496
6.78011 6.78011
6.78011 6.78011
6.78011 6.78011
6.78011 6.84847
6.78011 6.78011
6.78011 6.78011
6.78011 7.11577
6.78011 6.84847
6.78011 7.04983
6.78011 6.78011
6.78011 6.84847
6.78011 6.84847
6.78011 6.98331
6.78011 6.84847
6.78011 6.98331
6.78011 6.84847
6.78011 6.84847
6.78011 6.98331
6.78011 6.84847
6.78011 6.84847
6.78011 7.04983
6.78011 6.84847
6.84847 7.11577
6.84847 7.04983
6.84847 6.84847
6.84847 7.04983
6.84847 6.98331
6.84847 7.80662
6.84847 7.18115
6.84847 7.11577
6.84847 7.11577
6.84847 6.84847
6.84847 7.04983
6.84847 6.84847
6.84847 6.84847
6.84847 6.84847
6.84847 6.98331
6.84847 6.98331
6.84847 7.31025
6.84847 6.84847
6.84847 6.84847
6.84847 6.84847
6.84847 8.33176
6.84847 6.98331
6.84847 6.98331
6.84847 6.98331
6.84847 7.37401
6.84847 7.37401
6.84847 7.74621
6.84847 8.61043
6.84847 6.98331
6.84847 6.98331
6.84847 7.11577
6.84847 6.98331
6.84847 6.98331
6.84847 9.74695
6.84847 7.11577
6.84847 6.98331
6.84847 7.37401
6.84847 7.5
6.84847 7.31025
6.84847 7.37401
6.84847 6.84847
6.84847 8.2178
6.84847 7.11577
6.84847 6.98331
6.84847 6.84847
6.84847 7.31025
6.84847 6.98331
6.84847 7.62404
6.84847 6.98331
6.84847 6.84847
6.84847 7.04983
6.84847 6.84847
6.84847 7.04983
6.84847 6.98331
6.84847 9.84408
6.84847 6.98331
6.84847 6.84847
6.84847 7.04983
6.84847 6.84847
6.84847 7.04983
6.84847 7.04983
6.84847 7.11577
6.84847 7.04983
6.84847 7.56226
6.84847 6.98331
6.84847 6.84847
6.84847 6.84847
6.84847 7.11577
6.84847 6.98331
6.84847 7.56226
6.84847 6.84847
6.84847 7.11577
6.84847 6.84847
6.84847 6.98331
6.98331 7.8666
6.98331 7.80662
6.98331 7.62404
6.98331 7.18115
6.98331 6.98331
6.98331 7.04983
6.98331 7.04983
6.98331 6.98331
6.98331 6.98331
6.98331 7.5
6.98331 7.04983
6.98331 7.31025
6.98331 8.93398
6.98331 7.18115
6.98331 6.98331
6.98331 6.98331
6.98331 6.98331
6.98331 7.18115
6.98331 7.31025
6.98331 7.31025
6.98331 7.31025
6.98331 7.31025
6.98331 7.11577
6.98331 7.04983
6.98331 7.80662
6.98331 7.56226
6.98331 7.11577
6.98331 7.11577
6.98331 7.18115
6.98331 6.98331
6.98331 7.18115
7.04983 7.04983
7.04983 7.04983
7.04983 7.18115
7.04983 7.74621
7.04983 7.04983
7.04983 8.10233
7.04983 7.18115
7.04983 7.18115
7.04983 7.56226
7.04983 7.04983
7.04983 7.62404
7.04983 7.04983
7.04983 7.18115
7.04983 7.04983
7.04983 7.18115
7.04983 7.98528
7.04983 7.11577
7.04983 7.5
7.04983 7.31025
7.04983 7.04983
7.04983 7.18115
7.04983 7.04983
7.04983 7.04983
7.04983 7.04983
7.04983 7.31025
7.04983 7.04983
7.04983 7.11577
7.04983 7.11577
7.04983 7.04983
7.04983 7.04983
7.04983 7.04983
7.04983 7.62404
7.04983 7.18115
7.04983 7.04983
7.04983 7.04983
7.04983 7.11577
7.04983 7.37401
7.04983 7.18115
7.04983 7.18115
7.11577 7.11577
7.11577 7.18115
7.11577 7.18115
7.11577 7.11577
7.11577 7.31025
7.11577 7.56226
7.11577 7.18115
7.11577 8.66515
7.11577 7.18115
7.11577 7.18115
7.11577 7.18115
7.11577 7.18115
7.11577 7.11577
7.11577 7.37401
7.11577 7.11577
7.11577 7.18115
7.11577 7.31025
7.11577 7.18115
7.11577 7.11577
7.11577 7.18115
7.11577 7.11577
7.11577 7.18115
7.11577 7.18115
7.11577 7.56226
7.11577 7.18115
7.18115 7.18115
7.18115 7.37401
7.18115 12.1886
7.18115 7.18115
7.18115 7.18115
7.18115 7.31025
7.18115 7.37401
7.18115 7.37401
7.18115 7.80662
7.18115 7.37401
7.18115 7.31025
7.18115 8.16025
7.18115 7.56226
7.18115 7.31025
7.18115 7.31025
7.18115 7.37401
7.18115 7.37401
7.18115 7.31025
7.18115 7.31025
7.18115 8.55538
7.18115 7.18115
7.18115 7.31025
7.18115 7.18115
7.18115 7.37401
7.18115 8.10233
7.18115 7.37401
7.18115 7.31025
7.18115 7.31025
7.18115 7.37401
7.18115 7.31025
7.18115 7.18115
7.18115 7.37401
7.18115 7.31025
7.18115 7.37401
7.18115 7.37401
7.18115 7.5
7.18115 7.18115
7.18115 7.37401
7.18115 7.37401
7.31025 7.31025
7.31025 7.31025
7.31025 7.62404
7.31025 7.31025
7.31025 9.5
7.31025 7.37401
7.31025 7.56226
7.31025 7.56226
7.31025 10.1301
7.31025 7.31025
7.31025 7.31025
7.31025 7.37401
7.31025 7.31025
7.31025 7.56226
7.31025 7.31025
7.31025 7.37401
7.31025 7.31025
7.31025 7.37401
7.31025 7.37401
7.31025 7.31025
7.31025 7.37401
7.31025 7.31025
7.31025 7.31025
7.31025 7.31025
7.31025 7.31025
7.31025 7.37401
7.31025 7.31025
7.31025 7.37401
7.31025 8.2178
7.31025 7.56226
7.31025 8.61043
7.31025 7.31025
7.31025 7.31025
7.31025 7.31025
7.31025 7.98528
7.31025 7.31025
7.31025 7.31025
7.31025 7.31025
7.31025 7.31025
7.31025 7.31025
7.31025 7.37401
7.31025 7.31025
7.31025 7.37401
7.31025 7.31025
7.31025 7.31025
7.31025 7.31025
7.31025 7.31025
7.31025 7.37401
7.31025 7.37401
7.31025 7.56226
7.31025 7.31025
7.31025 7.31025
7.31025 7.31025
7.31025 8.61043
7.31025 7.31025
7.31025 7.31025
7.31025 7.37401
7.31025 7.37401
7.31025 7.31025
7.31025 7.31025
7.31025 7.31025
7.31025 7.31025
7.31025 7.31025
7.31025 7.31025
7.31025 7.37401
7.31025 7.31025
7.31025 7.31025
7.31025 7.31025
7.31025 7.31025
7.31025 7.31025
7.31025 7.31025
7.31025 7.37401
7.31025 7.31025
7.31025 7.37401
7.31025 7.31025
7.31025 7.37401
7.37401 7.37401
7.37401 8.10233
7.37401 7.37401
7.37401 7.37401
7.37401 7.68535
7.37401 7.56226
7.37401 7.56226
7.37401 7.5
7.37401 7.56226
7.37401 7.37401
7.37401 7.37401
7.37401 9.79563
7.37401 7.37401
7.37401 7.37401
7.37401 7.56226
7.37401 7.37401
7.37401 8.66515
7.37401 11.8288
7.37401 7.80662
7.37401 9.34886
7.37401 7.5
7.37401 7.56226
7.37401 7.56226
7.37401 7.37401
7.37401 7.56226
7.37401 8.10233
7.37401 7.56226
7.37401 7.56226
7.37401 7.56226
7.37401 7.56226
7.37401 7.56226
7.37401 7.37401
7.37401 7.56226
7.37401 7.56226
7.37401 7.62404
7.37401 7.74621
7.37401 7.37401
7.5 7.56226
7.5 8.16025
7.5 7.56226
7.5 7.5
7.5 7.56226
7.5 7.56226
7.5 7.56226
7.5 7.56226
7.5 7.5
7.5 7.80662
7.5 7.56226
7.5 7.62404
7.5 7.62404
7.56226 7.56226
7.56226 7.80662
7.56226 7.56226
7.56226 7.62404
7.56226 7.80662
7.56226 7.56226
7.56226 7.56226
7.56226 7.56226
7.56226 7.56226
7.56226 7.56226
7.56226 7.62404
7.56226 7.56226
7.56226 7.62404
7.56226 7.62404
7.56226 7.56226
7.56226 7.62404
7.56226 7.56226
7.56226 7.62404
7.56226 7.62404
7.56226 7.56226
7.56226 7.80662
7.56226 7.74621
7.56226 7.62404
7.56226 7.80662
7.56226 7.56226
7.56226 7.8666
7.56226 7.56226
7.56226 7.62404
7.56226 13.1015
7.56226 7.8666
7.56226 7.62404
7.56226 7.68535
7.56226 7.56226
7.56226 7.62404
7.56226 7.56226
7.56226 7.62404
7.56226 7.62404
7.56226 7.62404
7.56226 7.56226
7.56226 8.5
7.56226 7.62404
7.56226 7.62404
7.56226 7.68535
7.56226 7.98528
7.56226 7.98528
7.56226 7.62404
7.56226 7.62404
7.56226 7.62404
7.56226 8.044
7.56226 7.56226
7.56226 9.29796
7.56226 7.56226
7.56226 7.62404
7.56226 7.68535
7.56226 7.68535
7.56226 7.56226
7.56226 7.56226
7.56226 7.56226
7.56226 7.56226
7.56226 8.33176
7.56226 7.56226
7.56226 7.62404
7.56226 7.56226
7.56226 7.62404
7.56226 7.80662
7.56226 7.68535
7.56226 7.8666
7.62404 7.62404
7.62404 7.74621
7.62404 7.62404
7.62404 7.68535
7.62404 7.62404
7.62404 7.68535
7.62404 8.10233
7.62404 7.62404
7.62404 8.16025
7.62404 7.62404
7.62404 7.74621
7.62404 8.33176
7.62404 7.62404
7.62404 8.044
7.62404 7.80662
7.62404 7.62404
7.62404 9.34886
7.62404 10.9455
7.62404 8.5
7.62404 7.74621
7.62404 7.62404
7.62404 7.74621
7.62404 7.62404
7.62404 7.80662
7.62404 7.68535
7.62404 8.5
7.62404 7.80662
7.62404 7.62404
7.62404 7.62404
7.62404 8.044
7.62404 7.8666
7.68535 7.80662
7.68535 7.68535
7.68535 7.80662
7.68535 7.80662
7.68535 7.74621
7.68535 7.80662
7.68535 7.74621
7.68535 7.8666
7.68535 8.10233
7.68535 7.68535
7.68535 10.8578
7.74621 7.80662
7.74621 9.5
7.74621 8.10233
7.74621 9.34886
7.74621 9.14365
7.74621 10.725
7.74621 7.80662
7.74621 9.74695
7.74621 7.80662
7.74621 7.74621
7.74621 7.80662
7.74621 7.80662
7.74621 7.74621
7.74621 7.98528
7.74621 7.80662
7.74621 7.8666
7.74621 7.80662
7.74621 7.8666
7.74621 11.2047
7.74621 7.98528
7.74621 8.10233
7.74621 8.98683
7.74621 7.8666
7.74621 7.8666
7.74621 7.80662
7.80662 7.80662
7.80662 7.8666
7.80662 8.10233
7.80662 10.3167
7.80662 7.8666
7.80662 7.98528
7.80662 8.16025
7.80662 7.80662
7.80662 8.10233
7.80662 8.10233
7.80662 7.80662
7.80662 8.71954
7.80662 7.8666
7.80662 7.98528
7.80662 7.98528
7.80662 7.98528
7.80662 7.80662
7.80662 7.8666
7.80662 8.5
7.80662 8.10233
7.80662 7.8666
7.80662 7.80662
7.80662 7.8666
7.80662 8.044
7.80662 8.044
7.80662 7.98528
7.80662 7.8666
7.80662 8.044
7.80662 8.044
7.80662 8.044
7.80662 8.10233
7.80662 7.80662
7.8666 8.10233
7.8666 7.98528
7.8666 8.10233
7.8666 8.10233
7.8666 8.10233
7.8666 8.044
7.8666 8.16025
7.8666 8.10233
7.8666 8.10233
7.8666 8.27496
7.8666 7.8666
7.98528 8.27496
7.98528 9.29796
7.98528 8.5
7.98528 8.10233
7.98528 8.044
7.98528 8.044
7.98528 8.044
7.98528 8.27496
7.98528 8.10233
7.98528 9.98809
7.98528 7.98528
7.98528 8.044
7.98528 7.98528
7.98528 7.98528
7.98528 8.71954
7.98528 7.98528
7.98528 7.98528
7.98528 8.044
7.98528 8.16025
7.98528 8.10233
7.98528 7.98528
7.98528 10.5454
7.98528 7.98528
7.98528 8.10233
8.044 8.044
8.044 8.10233
8.044 8.5
8.044 8.10233
8.044 8.10233
8.044 8.10233
8.044 8.27496
8.044 10.8578
8.044 8.044
8.044 8.16025
8.044 9.19536
8.044 8.10233
8.044 8.88083
8.044 8.044
8.044 8.10233
8.044 8.10233
8.044 8.5
8.044 8.10233
8.044 8.044
8.044 8.27496
8.044 8.10233
8.044 8.71954
8.044 8.27496
8.044 8.044
8.044 8.10233
8.044 9.44987
8.044 8.10233
8.044 8.044
8.044 8.10233
8.044 8.10233
8.10233 8.10233
8.10233 11.0326
8.10233 8.27496
8.10233 8.5
8.10233 8.10233
8.10233 8.27496
8.10233 8.16025
8.10233 8.10233
8.10233 8.16025
8.10233 11.2898
8.10233 8.16025
8.10233 8.27496
8.10233 9.74695
8.10233 8.33176
8.10233 8.5
8.10233 8.27496
8.10233 8.16025
8.10233 8.16025
8.10233 8.27496
8.10233 8.61043
8.10233 8.2178
8.10233 8.16025
8.10233 8.44427
8.10233 8.10233
8.10233 8.61043
8.10233 8.2178
8.10233 8.66515
8.10233 8.55538
8.10233 8.16025
8.10233 8.2178
8.10233 8.27496
8.10233 8.2178
8.10233 8.27496
8.10233 15.9317
8.10233 8.16025
8.10233 8.16025
8.10233 10.5454
8.10233 8.10233
8.10233 9.14365
8.10233 8.27496
8.10233 8.27496
8.16025 8.27496
8.16025 8.27496
8.16025 8.27496
8.16025 11.3743
8.16025 8.2178
8.16025 8.71954
8.16025 8.93398
8.16025 8.27496
8.16025 8.16025
8.16025 10.6803
8.16025 8.16025
8.16025 8.27496
8.16025 8.16025
8.16025 8.2178
8.16025 8.16025
8.16025 10.3628
8.2178 8.27496
8.2178 8.27496
8.2178 8.27496
8.2178 8.44427
8.2178 8.27496
8.2178 8.27496
8.2178 8.27496
8.2178 8.27496
8.27496 8.55539
8.27496 8.27496
8.27496 8.27496
8.27496 8.44427
8.27496 8.71954
8.27496 8.27496
8.27496 8.33176
8.27496 8.5
8.27496 8.44427
8.27496 9.14365
8.27496 8.27496
8.27496 8.27496
8.27496 8.61043
8.27496 8.44427
8.27496 8.93398
8.27496 8.61043
8.27496 8.44427
8.27496 8.77362
8.27496 8.27496
8.27496 8.55538
8.27496 8.5
8.27496 10.8578
8.27496 8.27496
8.27496 8.33176
8.27496 8.33176
8.27496 8.5
8.27496 8.33176
8.33176 8.5
8.33176 8.33176
8.33176 8.5
8.33176 8.93398
8.33176 8.55538
8.33176 8.5
8.33176 8.5
8.33176 8.5
8.33176 8.5
8.33176 11.1619
8.33176 8.5
8.44427 8.5
8.44427 8.44427
8.44427 8.44427
8.44427 8.5
8.44427 8.5
8.44427 8.5
8.44427 8.98683
8.44427 8.44427
8.44427 9.19536
8.44427 8.5
8.44427 8.5
8.44427 8.5
8.44427 8.5
8.44427 8.5
8.44427 8.44427
8.44427 11.5416
8.44427 8.5
8.5 8.61043
8.5 8.55539
8.5 8.5
8.5 8.5
8.5 9.14365
8.5 8.5
8.5 8.55539
8.5 8.93398
8.5 8.93398
8.5 8.55538
8.5 8.55538
8.5 8.98683
8.5 8.71954
8.5 8.93398
8.5 8.5
8.5 8.55538
8.5 8.5
8.5 8.55539
8.5 9.19536
8.5 10.6803
8.5 8.5
8.5 8.5
8.5 8.55538
8.5 9.14365
8.5 8.5
8.5 10.3167
8.5 8.5
8.5 8.5
8.5 8.5
8.5 8.5
8.5 8.5
8.5 9.74695
8.5 8.61043
8.55538 10.725
8.55538 8.66515
8.55538 8.93398
8.55538 8.55539
8.55538 8.55538
8.55538 8.55538
8.55538 8.61043
8.55538 9.54988
8.55538 11.5416
8.55539 8.88083
8.55539 8.93398
8.55539 8.93398
8.55539 8.61043
8.55539 8.77362
8.55539 8.66515
8.55539 8.71954
8.55539 8.61043
8.55539 8.55539
8.55539 8.55539
8.55539 8.61043
8.55539 8.55539
8.55539 8.55539
8.55539 9.03939
8.55539 8.93398
8.61043 8.71954
8.61043 8.66515
8.61043 8.77362
8.61043 8.66515
8.61043 8.66515
8.61043 8.71954
8.61043 8.71954
8.61043 8.66515
8.61043 8.77362
8.61043 8.61043
8.61043 8.66515
8.61043 8.61043
8.61043 10.3167
8.61043 8.61043
8.61043 8.61043
8.61043 8.77362
8.61043 8.71954
8.61043 9.29796
8.61043 8.61043
8.66515 8.77362
8.66515 8.93398
8.66515 8.77362
8.66515 8.71954
8.66515 8.71954
8.66515 8.93398
8.66515 8.71954
8.71954 8.71954
8.71954 8.77362
8.71954 9.54988
8.71954 8.77362
8.71954 12.5384
8.71954 10.1771
8.71954 8.77362
8.71954 8.93398
8.71954 8.71954
8.71954 8.77362
8.71954 8.77362
8.71954 8.71954
8.71954 8.71954
8.71954 8.71954
8.71954 8.93398
8.71954 8.71954
8.71954 10.3167
8.71954 8.71954
8.71954 8.88083
8.71954 9.03939
8.71954 8.93398
8.71954 8.93398
8.71954 8.88083
8.71954 8.77362
8.71954 8.77362
8.71954 8.98683
8.71954 8.71954
8.71954 8.77362
8.71954 8.77362
8.77362 8.93398
8.77362 8.93398
8.77362 8.77362
8.77362 9.14365
8.77362 8.88083
8.77362 9.03939
8.77362 8.93398
8.77362 9.94031
8.77362 8.93398
8.77362 8.98683
8.77362 8.93398
8.77362 8.93398
8.77362 8.77362
8.77362 8.77362
8.77362 8.77362
8.77362 8.77362
8.77362 9.19536
8.77362 8.93398
8.77362 10.1771
8.77362 9.19536
8.77362 8.93398
8.77362 8.93398
8.77362 8.77362
8.77362 8.77362
8.77362 8.77362
8.88083 8.93398
8.88083 8.93398
8.88083 8.88083
8.88083 8.88083
8.88083 8.98683
8.88083 8.88083
8.88083 8.93398
8.93398 8.93398
8.93398 8.93398
8.93398 8.98683
8.93398 9.59951
8.93398 9.34886
8.93398 9.03939
8.93398 8.93398
8.93398 8.93398
8.93398 8.93398
8.93398 8.93398
8.93398 8.98683
8.93398 8.98683
8.93398 8.98683
8.93398 9.29796
8.93398 8.98683
8.93398 9.19536
8.93398 8.98683
8.93398 8.98683
8.93398 9.94031
8.93398 8.98683
8.93398 8.93398
8.93398 8.93398
8.93398 8.93398
8.93398 8.93398
8.93398 10.6803
8.93398 9.34886
8.93398 8.93398
8.93398 9.8923
8.93398 8.93398
8.93398 9.79563
8.93398 9.74695
8.93398 8.98683
8.93398 10.2238
8.93398 9.14365
8.93398 8.93398
8.93398 8.98683
8.93398 8.93398
8.93398 9.14365
8.93398 12.8417
8.93398 8.93398
8.93398 8.93398
8.93398 9.3995
8.93398 8.93398
8.98683 9.03939
8.98683 8.98683
8.98683 9.3995
8.98683 9.14365
8.98683 8.98683
8.98683 9.14365
8.98683 9.29796
8.98683 8.98683
8.98683 9.44987
8.98683 8.98683
8.98683 8.98683
9.03939 9.14365
9.03939 9.19536
9.14365 9.34886
9.14365 9.3995
9.14365 9.34886
9.14365 9.3995
9.14365 9.19536
9.14365 9.19536
9.14365 9.69804
9.14365 9.3995
9.19536 9.44987
9.19536 9.19536
9.19536 9.19536
9.19536 9.3995
9.19536 9.19536
9.19536 9.54988
9.19536 9.19536
9.19536 9.54988
9.19536 9.54988
9.19536 9.34886
9.19536 9.29796
9.19536 9.3995
9.19536 9.84408
9.19536 9.29796
9.19536 9.3995
9.19536 9.3995
9.29796 9.3995
9.29796 9.3995
9.29796 9.3995
9.29796 9.3995
9.29796 9.44987
9.29796 9.29796
9.29796 9.3995
9.29796 9.54988
9.29796 9.34886
9.34886 9.34886
9.34886 9.54988
9.34886 9.98809
9.34886 9.34886
9.34886 9.3995
9.34886 9.34886
9.34886 9.5
9.34886 9.34886
9.34886 9.34886
9.34886 9.34886
9.34886 9.3995
9.34886 9.3995
9.34886 9.3995
9.34886 9.3995
9.3995 11.2047
9.3995 10.5
9.3995 9.44987
9.3995 9.44987
9.3995 9.5
9.3995 9.44987
9.3995 9.74695
9.3995 9.44987
9.3995 9.3995
9.3995 9.44987
9.3995 9.69804
9.3995 9.54988
9.3995 9.3995
9.3995 9.54988
9.3995 9.44987
9.3995 9.44987
9.3995 10.1301
9.3995 9.44987
9.3995 9.54988
9.3995 9.44987
9.3995 10.5
9.3995 9.54988
9.3995 9.54988
9.44987 9.54988
9.44987 9.98809
9.44987 9.69804
9.44987 9.5
9.44987 9.79563
9.44987 9.5
9.44987 9.54988
9.44987 10.2703
9.5 9.5
9.5 9.54988
9.5 9.54988
9.5 9.69804
9.5 9.54988
9.5 9.69804
9.5 9.54988
9.5 9.54988
9.5 9.5
9.5 9.54988
9.5 9.69804
9.5 9.5
9.5 9.74695
9.5 9.5
9.5 9.5
9.54988 9.5995
9.54988 9.54988
9.54988 10.5454
9.54988 10.1301
9.54988 9.54988
9.54988 9.69804
9.54988 9.54988
9.54988 9.8923
9.54988 9.74695
9.54988 9.69804
9.54988 10.1301
9.54988 9.84408
9.5995 9.94031
9.5995 9.98809
9.5995 11.3743
9.59951 9.69804
9.69804 9.74695
9.69804 10.2238
9.69804 9.69804
9.69804 9.69804
9.69804 9.69804
9.69804 9.98809
9.69804 9.74695
9.69804 9.98809
9.69804 9.74695
9.74695 9.74695
9.74695 9.74695
9.74695 9.79563
9.74695 9.8923
9.74695 9.79563
9.74695 10.2238
9.74695 9.94031
9.74695 11.7066
9.79563 10.2238
9.79563 9.79563
9.79563 9.8923
9.79563 10.5
9.79563 9.94031
9.79563 10.6803
9.79563 9.79563
9.84408 9.98809
9.84408 9.98809
9.84408 9.84408
9.84408 10.3628
9.8923 10.9455
9.8923 9.98809
9.8923 10.3628
9.8923 9.98809
9.94031 9.98809
9.94031 10.1301
9.94031 10.5454
9.94031 11.3743
9.94031 10.1301
9.94031 9.94031
9.94031 9.94031
9.94031 9.98809
9.94031 10.1301
9.94031 10.1301
9.98809 10.1301
9.98809 10.1301
9.98809 10.1771
9.98809 9.98809
9.98809 10.1301
9.98809 9.98809
9.98809 10.1301
9.98809 10.6803
9.98809 10.1301
9.98809 10.1301
10.1301 10.1301
10.1301 10.1771
10.1301 10.1301
10.1301 10.3628
10.1301 10.1301
10.1301 10.1301
10.1301 11.583
10.1301 10.4545
10.1301 10.2703
10.1301 10.1771
10.1301 10.1301
10.1771 10.2703
10.1771 10.3167
10.1771 10.6803
10.1771 10.2703
10.1771 10.2703
10.1771 10.1771
10.1771 10.3628
10.1771 10.1771
10.1771 10.1771
10.1771 10.3167
10.1771 10.3628
10.1771 10.2703
10.1771 10.2703
10.2238 10.5
10.2238 10.3167
10.2238 10.8137
10.2703 10.3167
10.2703 10.5454
10.2703 10.5
10.2703 10.4545
10.2703 10.3167
10.2703 10.5454
10.2703 10.3167
10.3167 10.3167
10.3167 10.725
10.3167 10.9018
10.3167 10.3167
10.3167 10.3628
10.3167 10.3628
10.3628 10.725
10.3628 10.4545
10.3628 10.3628
10.4545 10.5
10.5 10.6803
10.5 10.5454
10.5 10.5
10.5 10.6803
10.5 10.5905
10.5 10.9455
10.5454 11.6655
10.5454 10.5454
10.5454 10.6803
10.5454 10.6803
10.5454 11.2473
10.5454 10.5454
10.5905 10.5905
10.5905 10.5905
10.5905 10.6803
10.6803 11.0758
10.6803 10.8578
10.6803 10.725
10.6803 10.6803
10.6803 10.8578
10.725 10.8137
10.725 10.725
10.8137 10.8578
10.8137 10.8578
10.8137 10.8137
10.8137 10.8137
10.8137 10.8137
10.8137 10.8137
10.8578 10.9455
10.8578 10.8578
10.8578 11.2473
10.8578 10.9891
10.9018 11.2898
10.9455 10.9455
10.9455 11.0758
10.9455 10.9891
10.9455 11.0758
10.9455 11.2047
11.0758 11.7066
11.0758 11.2047
11.0758 11.2047
11.0758 11.0758
11.0758 11.2047
11.1619 11.2047
11.1619 11.3322
11.1619 11.2047
11.1619 11.2047
11.1619 11.6655
11.2047 11.3743
11.2047 11.2473
11.2047 11.5416
11.2473 11.2473
11.2473 11.4164
11.2898 11.4164
11.3743 11.583
11.5 11.7474
11.5 11.5
11.5 11.5416
11.5416 11.5416
11.5416 11.6244
11.5416 11.583
11.5416 11.6655
11.5416 11.5416
11.5416 11.583
11.5416 11.5416
11.583 11.583
11.583 11.8288
11.583 11.7066
11.583 11.7066
11.7066 11.9097
11.7066 11.8288
11.7066 11.7066
11.7066 11.8288
11.7474 11.8288
11.8288 11.8693
11.8693 11.9097
11.9097 11.9499
11.9499 12.1886
12.03 12.0698
12.03 12.0698
12.03 12.1886
12.03 12.0698
12.1886 12.3062
12.2279 12.6909
12.4615 12.4615
12.5 12.5
12.8791 13.1015
13.9914 14.2309
14.1969 14.3661
14.2986 15.6555
14.7643 14.7643
15.5624 15.6245
15.5935 15.9012
15.8095 15.9012
