-3.63481 0.49849
-2.50799 1.23199
-2.50651 0.4983
-2.33518 0.4983
-2.33512 0.498784
-2.33482 0.498458
-1.95525 0.49786
-1.74191 0.498018
-1.74126 1.5
-1.74104 0.497577
-1.50503 0.498409
-1.50419 0.913798
-1.50418 0.49907
-1.50406 0.913857
-1.50374 0.913857
-0.918119 0.49786
-0.917984 0.498018
-0.917443 0.913976
-0.917222 1.23199
-0.502181 0.913798
-0.501898 0.497751
-0.501474 0.498675
0.498517 0.498685
0.498675 0.498724
0.498675 0.498902
0.499011 0.499119
0.499179 0.499179
0.499298 0.913976
0.499525 0.913738
0.913857 1.23193
1.5 1.73607
1.5 1.5
1.73607 1.94949
1.73607 1.73607
1.73607 1.94949
1.73607 1.73607
1.73607 1.73607
1.73607 1.94949
1.73607 1.73607
1.73607 2.32843
1.73607 1.73607
1.73607 1.73607
1.94949 2.32843
1.94949 2.32843
1.94949 2.32843
1.94949 1.94949
2.32843 2.5
2.32843 2.32843
2.32843 2.5
2.32843 2.32843
2.32843 2.32843
2.32843 2.32843
2.32843 2.5
2.32843 2.32843
2.32843 2.32843
2.32843 2.5
2.32843 2.32843
2.32843 2.32843
2.32843 2.32843
2.32843 2.5
2.32843 2.5
2.32843 2.5
2.5 2.5
2.5 2.5
2.5 2.5
2.5 2.66228
2.5 2.5
2.5 2.5
2.5 2.5
2.5 2.66228
2.5 2.5
2.5 2.5
2.5 2.5
2.5 2.5
2.5 2.5
2.5 2.66228
2.5 2.5
2.5 2.5
2.5 2.5
2.5 2.5
2.5 2.5
2.5 2.5
2.5 2.66228
2.5 2.66228
2.5 2.5
2.5 2.5
2.5 2.5
2.5 2.5
2.5 2.5
2.5 2.66228
2.5 2.5
2.5 2.5
2.5 2.5
2.5 2.5
2.5 2.5
2.5 2.66228
2.5 2.5
2.5 2.5
2.5 2.5
2.5 2.66228
2.5 2.5
2.5 2.5
2.66228 2.66228
2.66228 2.66228
2.66228 2.66228
2.66228 2.66228
2.66228 2.66228
2.66228 2.66228
2.66228 2.66228
2.66228 3.24166
2.66228 2.66228
2.66228 2.66228
2.66228 2.66228
2.66228 2.66228
2.66228 2.66228
2.66228 2.66228
2.66228 2.66228
2.66228 2.66228
2.66228 2.66228
2.66228 2.66228
2.66228 2.66228
2.66228 2.81662
2.66228 2.66228
2.66228 2.66228
2.66228 2.81662
2.66228 2.81662
2.66228 2.66228
2.66228 2.66228
2.81662 2.9641
2.81662 2.9641
2.81662 3.24166
2.81662 3.10555
2.81662 2.81662
2.81662 3.10555
2.9641 4.08258
2.9641 2.9641
2.9641 2.9641
2.9641 4.39898
2.9641 2.9641
2.9641 2.9641
2.9641 3.10555
2.9641 2.9641
2.9641 3.10555
2.9641 3.24166
3.10555 3.10555
3.10555 3.10555
3.10555 3.10555
3.10555 3.10555
3.10555 3.10555
3.10555 3.24166
3.10555 3.10555
3.10555 3.10555
3.10555 3.10555
3.10555 3.10555
3.10555 3.10555
3.10555 3.24166
3.10555 3.10555
3.10555 3.10555
3.10555 3.10555
3.10555 3.62311
3.10555 3.10555
3.10555 3.10555
3.10555 3.24166
3.10555 3.10555
3.10555 3.10555
3.10555 3.24166
3.10555 3.10555
3.10555 3.10555
3.24166 3.24166
3.24166 3.24166
3.24166 3.5
3.24166 3.24166
3.24166 3.24166
3.24166 3.24166
3.24166 3.24166
3.24166 3.24166
3.24166 3.62311
3.24166 3.24166
3.24166 3.24166
3.24166 3.24166
3.24166 3.24166
3.24166 3.62311
3.24166 3.8589
3.24166 3.24166
3.24166 3.62311
3.24166 3.5
3.24166 3.62311
3.24166 3.24166
3.24166 3.24166
3.24166 3.24166
3.24166 3.62311
3.24166 3.24166
3.24166 3.24166
3.24166 3.24166
3.24166 3.24166
3.24166 3.62311
3.24166 3.24166
3.5 3.5
3.5 3.5
3.5 3.5
3.5 3.62311
3.5 3.5
3.5 3.5
3.5 3.5
3.5 3.5
3.5 3.62311
3.5 3.5
3.5 3.62311
3.5 3.5
3.5 3.62311
3.5 3.5
3.5 3.5
3.5 3.5
3.5 3.5
3.5 3.62311
3.5 3.5
3.5 3.5
3.5 3.5
3.5 3.62311
3.5 3.5
3.5 3.5
3.5 3.62311
3.5 3.62311
3.5 4.59902
3.5 3.62311
3.5 3.62311
3.5 3.62311
3.5 3.5
3.62311 3.74264
3.62311 3.74264
3.62311 3.74264
3.62311 3.74264
3.62311 3.74264
3.62311 3.62311
3.62311 3.62311
3.62311 3.62311
3.62311 3.74264
3.62311 3.74264
3.62311 3.62311
3.62311 3.62311
3.62311 3.62311
3.62311 3.62311
3.62311 3.62311
3.62311 3.62311
3.62311 3.62311
3.62311 3.74264
3.62311 3.62311
3.62311 3.62311
3.62311 3.62311
3.62311 3.62311
3.62311 3.62311
3.62311 3.62311
3.62311 3.62311
3.62311 3.62311
3.62311 3.62311
3.62311 3.62311
3.62311 3.62311
3.62311 3.62311
3.62311 3.74264
3.62311 3.62311
3.62311 3.74264
3.62311 3.62311
3.62311 3.62311
3.62311 3.97214
3.62311 3.74264
3.62311 3.74264
3.62311 3.62311
3.62311 3.74264
3.62311 3.62311
3.62311 3.74264
3.62311 3.74264
3.62311 3.62311
3.62311 3.62311
3.62311 3.62311
3.62311 3.62311
3.62311 3.62311
3.62311 3.62311
3.62311 3.74264
3.62311 3.62311
3.62311 3.62311
3.62311 3.74264
3.62311 3.74264
3.62311 3.74264
3.62311 3.74264
3.62311 3.62311
3.62311 4.08258
3.62311 3.62311
3.62311 3.8589
3.62311 3.62311
3.62311 3.62311
3.62311 3.97214
3.62311 3.62311
3.62311 3.74264
3.62311 3.62311
3.62311 3.8589
3.62311 3.62311
3.62311 3.62311
3.62311 3.62311
3.62311 3.62311
3.62311 3.62311
3.62311 3.74264
3.62311 3.62311
3.62311 3.62311
3.62311 3.8589
3.62311 3.74264
3.62311 3.62311
3.62311 3.62311
3.62311 3.74264
3.62311 3.74264
3.62311 3.62311
3.62311 5.15685
3.62311 3.62311
3.62311 3.62311
3.62311 3.62311
3.62311 3.62311
3.62311 3.74264
3.62311 3.62311
3.62311 3.74264
3.62311 4.5
3.62311 3.62311
3.62311 3.62311
3.62311 3.74264
3.62311 3.62311
3.62311 3.62311
3.62311 3.62311
3.62311 3.74264
3.62311 3.62311
3.62311 3.62311
3.62311 3.62311
3.62311 3.62311
3.62311 3.74264
3.62311 3.62311
3.62311 3.62311
3.62311 3.74264
3.62311 3.62311
3.62311 3.62311
3.62311 3.62311
3.62311 3.62311
3.62311 3.62311
3.62311 3.62311
3.62311 3.62311
3.62311 3.62311
3.62311 3.74264
3.62311 3.62311
3.62311 3.62311
3.62311 3.62311
3.74264 3.74264
3.74264 3.97214
3.74264 3.74264
3.74264 3.8589
3.74264 3.74264
3.74264 3.74264
3.74264 3.74264
3.74264 3.8589
3.74264 3.74264
3.74264 3.8589
3.74264 3.8589
3.74264 3.74264
3.74264 3.8589
3.74264 3.74264
3.74264 3.74264
3.74264 3.74264
3.74264 4.59902
3.74264 4.08258
3.74264 3.8589
3.74264 3.74264
3.74264 5.24456
3.74264 3.74264
3.74264 3.97214
3.74264 3.74264
3.74264 4.5
3.74264 3.97214
3.74264 3.74264
3.74264 3.97214
3.74264 3.8589
3.74264 3.97214
3.74264 3.74264
3.74264 3.74264
3.74264 4.69615
3.74264 3.8589
3.74264 3.74264
3.74264 4.19042
3.74264 3.8589
3.74264 3.74264
3.74264 3.97214
3.74264 3.74264
3.74264 3.74264
3.74264 3.8589
3.74264 3.8589
3.74264 4.19042
3.74264 3.74264
3.74264 3.8589
3.74264 3.97214
3.74264 4.08258
3.74264 3.74264
3.74264 4.08258
3.74264 3.8589
3.74264 3.8589
3.74264 3.74264
3.74264 3.97214
3.74264 3.97214
3.74264 3.74264
3.74264 3.97214
3.74264 3.74264
3.74264 4.08258
3.74264 4.19042
3.74264 3.74264
3.74264 3.74264
3.74264 3.74264
3.74264 3.74264
3.74264 3.8589
3.74264 3.97214
3.74264 3.74264
3.74264 3.74264
3.74264 4.59902
3.74264 4.08258
3.74264 3.8589
3.74264 3.8589
3.74264 3.74264
3.74264 3.97214
3.74264 3.74264
3.74264 3.97214
3.74264 3.8589
3.74264 3.97214
3.74264 3.8589
3.8589 3.97214
3.8589 4.08258
3.8589 3.8589
3.8589 3.8589
3.8589 4.39898
3.8589 3.8589
3.8589 4.19042
3.8589 3.8589
3.8589 3.8589
3.8589 3.8589
3.8589 3.8589
3.8589 3.8589
3.8589 3.8589
3.8589 3.97214
3.8589 3.8589
3.8589 3.97214
3.8589 3.8589
3.8589 4.5
3.8589 3.8589
3.8589 4.5
3.8589 4.08258
3.8589 3.97214
3.8589 3.8589
3.8589 3.97214
3.8589 3.8589
3.8589 3.8589
3.8589 3.8589
3.8589 3.97214
3.8589 3.97214
3.8589 3.97214
3.8589 3.8589
3.8589 3.97214
3.8589 3.8589
3.8589 4.08258
3.8589 3.8589
3.8589 4.08258
3.8589 3.8589
3.8589 3.8589
3.8589 4.19042
3.8589 3.8589
3.8589 4.08258
3.8589 4.08258
3.97214 5.90312
3.97214 4.08258
3.97214 3.97214
3.97214 4.08258
3.97214 3.97214
3.97214 3.97214
3.97214 4.08258
3.97214 4.08258
3.97214 3.97214
3.97214 3.97214
3.97214 3.97214
3.97214 3.97214
3.97214 3.97214
3.97214 4.08258
3.97214 4.08258
3.97214 4.08258
3.97214 3.97214
3.97214 3.97214
3.97214 4.08258
3.97214 3.97214
3.97214 3.97214
3.97214 3.97214
3.97214 3.97214
3.97214 4.08258
3.97214 3.97214
3.97214 4.08258
3.97214 3.97214
3.97214 4.08258
3.97214 4.08258
3.97214 4.19042
3.97214 4.39898
3.97214 6.5
3.97214 4.08258
3.97214 3.97214
3.97214 4.08258
3.97214 4.08258
3.97214 3.97214
3.97214 3.97214
3.97214 4.08258
3.97214 3.97214
3.97214 4.08258
3.97214 3.97214
3.97214 3.97214
3.97214 3.97214
3.97214 5.15685
3.97214 4.08258
3.97214 3.97214
3.97214 3.97214
3.97214 4.08258
3.97214 3.97214
3.97214 4.08258
3.97214 4.08258
4.08258 4.08258
4.08258 4.39898
4.08258 4.08258
4.08258 6.2082
4.08258 4.08258
4.08258 4.08258
4.08258 4.39898
4.08258 4.08258
4.08258 4.39898
4.08258 4.19042
4.08258 4.08258
4.08258 4.08258
4.08258 4.39898
4.08258 4.08258
4.08258 4.08258
4.08258 4.08258
4.08258 4.08258
4.08258 4.08258
4.08258 4.5
4.08258 4.08258
4.08258 4.08258
4.08258 4.08258
4.08258 4.19042
4.08258 4.08258
4.08258 4.08258
4.08258 4.39898
4.08258 4.08258
4.08258 4.08258
4.08258 4.08258
4.08258 4.19042
4.08258 4.19042
4.08258 4.08258
4.08258 4.08258
4.08258 4.19042
4.08258 4.39898
4.08258 4.39898
4.08258 4.08258
4.08258 4.5
4.08258 4.19042
4.08258 4.08258
4.08258 4.08258
4.08258 4.39898
4.08258 4.39898
4.08258 4.08258
4.08258 4.08258
4.08258 4.19042
4.08258 4.59902
4.08258 4.5
4.08258 4.5
4.08258 4.39898
4.08258 4.19042
4.08258 4.59902
4.08258 4.08258
4.08258 4.19042
4.08258 4.08258
4.08258 4.08258
4.08258 4.08258
4.08258 4.08258
4.08258 4.88516
4.08258 4.19042
4.08258 4.08258
4.19042 4.39898
4.19042 4.39898
4.19042 5.66441
4.19042 4.39898
4.19042 4.19042
4.19042 4.39898
4.19042 4.39898
4.19042 4.19042
4.19042 4.39898
4.19042 4.19042
4.19042 4.19042
4.19042 4.5
4.19042 4.39898
4.19042 4.19042
4.19042 4.19042
4.19042 4.19042
4.19042 4.19042
4.19042 4.19042
4.19042 4.19042
4.19042 7.18115
4.19042 4.19042
4.19042 4.39898
4.19042 4.59902
4.19042 4.19042
4.19042 4.39898
4.19042 4.39898
4.19042 4.39898
4.19042 4.39898
4.19042 4.5
4.19042 4.19042
4.19042 4.39898
4.19042 4.19042
4.19042 4.5
4.19042 4.5
4.19042 4.19042
4.19042 4.19042
4.39898 4.88516
4.39898 4.69615
4.39898 4.5
4.39898 4.39898
4.39898 4.5
4.39898 4.39898
4.39898 4.5
4.39898 4.59902
4.39898 4.39898
4.39898 7.11577
4.39898 4.59902
4.39898 4.59902
4.39898 4.59902
4.39898 4.5
4.39898 4.39898
4.39898 4.5
4.39898 4.39898
4.39898 4.39898
4.39898 4.39898
4.39898 4.39898
4.39898 4.39898
4.39898 4.39898
4.39898 4.97723
4.39898 4.39898
4.39898 4.5
4.39898 4.5
4.39898 4.5
4.39898 4.39898
4.39898 4.59902
4.39898 4.59902
4.39898 4.39898
4.39898 6.64143
4.39898 4.5
4.39898 4.5
4.39898 5.24456
4.39898 4.59902
4.39898 4.39898
4.39898 6.98331
4.39898 4.59902
4.39898 4.39898
4.39898 4.88516
4.39898 4.39898
4.39898 4.39898
4.39898 4.5
4.39898 4.39898
4.39898 4.39898
4.5 4.5
4.5 4.5
4.5 4.5
4.5 4.59902
4.5 4.59902
4.5 4.5
4.5 4.5
4.5 4.5
4.5 4.88516
4.5 4.59902
4.5 4.5
4.5 4.59902
4.5 5.24456
4.5 4.59902
4.5 4.88516
4.5 4.59902
4.5 4.5
4.5 4.5
4.5 4.59902
4.5 5.24456
4.5 5.90312
4.5 4.59902
4.5 4.59902
4.5 4.5
4.5 4.5
4.5 4.59902
4.5 4.5
4.5 4.59902
4.5 4.5
4.5 4.97723
4.5 4.5
4.5 4.5
4.5 4.5
4.5 4.5
4.5 4.5
4.5 4.5
4.5 4.5
4.5 4.5
4.5 4.59902
4.5 4.5
4.5 4.5
4.5 4.59902
4.5 4.5
4.5 5.90312
4.5 4.5
4.5 4.5
4.5 4.59902
4.5 4.5
4.5 4.5
4.5 4.59902
4.5 4.5
4.5 4.59902
4.5 4.88516
4.5 4.5
4.5 4.69615
4.5 4.59902
4.5 4.59902
4.5 4.59902
4.5 4.5
4.5 4.5
4.5 4.5
4.5 7.62404
4.5 4.59902
4.5 4.5
4.5 4.5
4.5 4.69615
4.5 4.5
4.5 4.5
4.5 4.5
4.5 4.88516
4.5 4.5
4.5 4.5
4.5 4.5
4.5 5.90312
4.5 4.59902
4.5 4.69615
4.5 4.59902
4.5 4.88516
4.5 4.5
4.5 4.5
4.5 4.5
4.5 4.59902
4.5 5.66441
4.5 4.5
4.5 5.41608
4.5 4.59902
4.5 4.59902
4.5 4.59902
4.5 4.5
4.5 4.5
4.5 4.59902
4.5 4.59902
4.5 4.59902
4.5 4.5
4.5 6.5
4.5 4.69615
4.5 4.59902
4.5 4.5
4.5 4.5
4.5 4.5
4.5 4.59902
4.5 4.5
4.5 4.5
4.5 4.5
4.5 4.5
4.5 4.59902
4.5 5.33095
4.5 4.5
4.5 4.5
4.5 4.5
4.5 4.59902
4.5 4.5
4.5 4.5
4.5 4.5
4.5 4.59902
4.5 4.59902
4.5 4.5
4.5 4.59902
4.5 4.5
4.5 4.5
4.5 4.5
4.5 4.5
4.5 4.59902
4.5 4.59902
4.5 4.59902
4.5 4.5
4.5 4.5
4.5 4.5
4.5 4.5
4.5 4.5
4.5 4.59902
4.5 4.59902
4.5 4.5
4.5 4.59902
4.5 4.59902
4.5 4.88516
4.5 4.5
4.5 4.5
4.5 4.59902
4.5 4.5
4.5 4.5
4.5 4.5
4.5 4.5
4.5 4.59902
4.5 4.59902
4.5 4.5
4.5 4.5
4.5 4.5
4.5 4.88516
4.5 4.59902
4.5 4.5
4.5 4.5
4.5 4.5
4.5 4.5
4.5 6.4282
4.5 4.59902
4.5 4.59902
4.59902 4.59902
4.59902 4.59902
4.59902 4.59902
4.59902 4.59902
4.59902 4.59902
4.59902 4.59902
4.59902 4.59902
4.59902 4.59902
4.59902 4.59902
4.59902 4.88516
4.59902 4.69615
4.59902 5.24456
4.59902 4.69615
4.59902 4.88516
4.59902 4.88516
4.59902 4.69615
4.59902 4.59902
4.59902 4.59902
4.59902 4.59902
4.59902 4.88516
4.59902 4.88516
4.59902 4.59902
4.59902 4.69615
4.59902 4.59902
4.59902 4.69615
4.59902 4.59902
4.59902 4.69615
4.59902 4.59902
4.59902 4.59902
4.59902 5.24456
4.59902 4.59902
4.59902 4.59902
4.59902 4.59902
4.59902 4.59902
4.59902 4.88516
4.59902 4.59902
4.59902 5.66441
4.59902 4.69615
4.59902 4.69615
4.59902 4.59902
4.59902 4.69615
4.59902 4.88516
4.59902 4.69615
4.59902 4.59902
4.59902 4.59902
4.59902 4.59902
4.59902 4.59902
4.59902 4.59902
4.59902 4.59902
4.59902 5.33095
4.59902 4.59902
4.59902 4.69615
4.59902 4.59902
4.59902 4.69615
4.59902 4.59902
4.59902 4.59902
4.59902 4.69615
4.59902 5.24456
4.59902 6.98331
4.59902 6.78011
4.59902 4.69615
4.59902 4.59902
4.59902 4.59902
4.59902 4.69615
4.59902 4.59902
4.59902 4.59902
4.59902 4.88516
4.59902 4.59902
4.59902 4.59902
4.59902 4.59902
4.59902 4.59902
4.59902 4.59902
4.59902 4.59902
4.59902 4.88516
4.59902 5.90312
4.59902 4.69615
4.59902 4.59902
4.59902 4.59902
4.59902 6.5
4.59902 4.69615
4.59902 4.59902
4.59902 5.90312
4.59902 4.59902
4.59902 5.58276
4.59902 4.59902
4.59902 4.59902
4.59902 5.15685
4.59902 4.69615
4.59902 4.69615
4.59902 4.88516
4.59902 5.58276
4.59902 4.69615
4.59902 4.69615
4.59902 4.97723
4.59902 4.59902
4.59902 4.59902
4.59902 4.59902
4.59902 4.59902
4.59902 6.78011
4.59902 4.69615
4.59902 4.88516
4.59902 4.88516
4.59902 4.59902
4.59902 4.59902
4.59902 4.88516
4.59902 5.24456
4.59902 4.59902
4.59902 4.59902
4.59902 6.84847
4.59902 4.69615
4.59902 4.59902
4.59902 4.59902
4.59902 4.59902
4.59902 4.59902
4.59902 4.59902
4.59902 4.59902
4.59902 4.69615
4.59902 4.59902
4.59902 4.59902
4.59902 4.69615
4.59902 4.59902
4.59902 4.59902
4.59902 4.69615
4.59902 4.59902
4.59902 4.59902
4.59902 4.69615
4.69615 4.88516
4.69615 4.88516
4.69615 4.69615
4.69615 4.97723
4.69615 4.69615
4.69615 5.24456
4.69615 4.88516
4.69615 4.88516
4.69615 4.88516
4.69615 4.69615
4.69615 5.58276
4.69615 4.69615
4.69615 4.97723
4.69615 4.88516
4.69615 7.18115
4.69615 5.33095
4.69615 4.69615
4.69615 4.69615
4.69615 5.66441
4.69615 4.69615
4.69615 5.24456
4.69615 4.88516
4.69615 4.88516
4.69615 7.18115
4.69615 4.88516
4.69615 4.69615
4.69615 5.33095
4.69615 4.69615
4.69615 4.88516
4.69615 5.90312
4.69615 4.88516
4.69615 4.88516
4.69615 4.88516
4.69615 4.88516
4.69615 4.88516
4.69615 5.41608
4.88516 4.88516
4.88516 4.97723
4.88516 4.97723
4.88516 5.15685
4.88516 4.88516
4.88516 4.97723
4.88516 4.97723
4.88516 4.88516
4.88516 4.88516
4.88516 4.88516
4.88516 4.88516
4.88516 4.88516
4.88516 4.88516
4.88516 4.88516
4.88516 5.24456
4.88516 4.97723
4.88516 4.97723
4.88516 4.88516
4.88516 4.97723
4.88516 4.88516
4.88516 4.88516
4.88516 4.88516
4.88516 5.66441
4.88516 4.88516
4.88516 4.88516
4.88516 4.88516
4.88516 4.88516
4.88516 5.15685
4.88516 4.88516
4.88516 4.88516
4.88516 6.7111
4.88516 4.97723
4.88516 4.88516
4.88516 4.88516
4.88516 4.88516
4.88516 4.97723
4.88516 4.97723
4.88516 4.97723
4.88516 4.88516
4.88516 4.88516
4.88516 4.88516
4.88516 5.24456
4.88516 4.88516
4.88516 4.88516
4.88516 4.88516
4.88516 5.24456
4.88516 4.88516
4.88516 4.97723
4.88516 4.88516
4.88516 4.97723
4.88516 4.88516
4.88516 5.15685
4.88516 5.90312
4.88516 4.97723
4.88516 4.88516
4.88516 4.97723
4.88516 4.88516
4.88516 4.97723
4.88516 4.88516
4.88516 4.97723
4.88516 4.88516
4.88516 4.88516
4.88516 5.15685
4.88516 4.88516
4.88516 5.66441
4.88516 4.88516
4.88516 4.88516
4.88516 7.62404
4.88516 4.88516
4.88516 4.88516
4.88516 4.97723
4.88516 5.15685
4.88516 4.88516
4.88516 4.97723
4.88516 4.88516
4.88516 4.97723
4.88516 4.88516
4.88516 5.33095
4.88516 4.88516
4.88516 4.88516
4.88516 4.88516
4.88516 4.88516
4.88516 4.88516
4.88516 4.88516
4.88516 4.88516
4.88516 5.15685
4.88516 4.97723
4.88516 4.88516
4.88516 5.5
4.88516 5.15685
4.88516 4.88516
4.88516 4.88516
4.88516 5.66441
4.88516 4.88516
4.88516 5.24456
4.88516 4.88516
4.88516 5.24456
4.88516 4.88516
4.88516 4.97723
4.88516 4.88516
4.88516 4.97723
4.88516 4.88516
4.88516 4.88516
4.88516 4.97723
4.88516 4.88516
4.88516 6.05744
4.88516 5.5
4.88516 4.88516
4.88516 5.24456
4.88516 5.33095
4.88516 4.88516
4.88516 4.88516
4.88516 5.15685
4.88516 4.97723
4.88516 4.88516
4.88516 4.88516
4.88516 4.88516
4.88516 4.88516
4.88516 4.88516
4.88516 4.88516
4.88516 5.66441
4.88516 4.97723
4.88516 4.88516
4.88516 4.88516
4.88516 4.88516
4.88516 5.41608
4.88516 4.97723
4.88516 4.88516
4.88516 4.97723
4.88516 4.88516
4.88516 7.31025
4.88516 4.97723
4.88516 4.88516
4.88516 8.88083
4.88516 4.97723
4.88516 4.97723
4.88516 4.88516
4.88516 5.24456
4.88516 5.15685
4.88516 4.88516
4.88516 4.97723
4.88516 7.04983
4.88516 4.88516
4.88516 4.97723
4.88516 4.88516
4.88516 4.88516
4.88516 4.88516
4.88516 4.88516
4.88516 4.88516
4.88516 4.88516
4.88516 7.74621
4.88516 4.88516
4.88516 4.97723
4.88516 4.88516
4.88516 4.88516
4.88516 4.88516
4.88516 4.88516
4.88516 5.24456
4.88516 4.88516
4.88516 4.88516
4.88516 4.88516
4.88516 4.88516
4.88516 4.88516
4.88516 4.88516
4.88516 4.88516
4.88516 4.97723
4.97723 4.97723
4.97723 4.97723
4.97723 4.97723
4.97723 4.97723
4.97723 5.24456
4.97723 4.97723
4.97723 5.24456
4.97723 4.97723
4.97723 4.97723
4.97723 5.15685
4.97723 5.24456
4.97723 5.24456
4.97723 4.97723
4.97723 4.97723
4.97723 4.97723
4.97723 4.97723
4.97723 5.24456
4.97723 5.90312
4.97723 5.24456
4.97723 7.98528
4.97723 5.33095
4.97723 4.97723
4.97723 4.97723
4.97723 4.97723
4.97723 5.41608
4.97723 5.24456
4.97723 5.5
4.97723 5.33095
4.97723 4.97723
4.97723 4.97723
4.97723 5.24456
4.97723 5.24456
4.97723 4.97723
4.97723 5.24456
4.97723 5.15685
4.97723 5.15685
4.97723 5.5
4.97723 5.90312
4.97723 5.24456
4.97723 5.24456
4.97723 5.24456
4.97723 4.97723
4.97723 5.24456
4.97723 5.24456
4.97723 5.24456
4.97723 4.97723
4.97723 8.044
4.97723 5.5
4.97723 5.24456
4.97723 7.62404
4.97723 5.24456
5.15685 5.15685
5.15685 5.15685
5.15685 5.24456
5.15685 5.15685
5.15685 5.24456
5.15685 5.15685
5.15685 5.24456
5.15685 5.90312
5.15685 5.15685
5.15685 5.5
5.15685 5.15685
5.15685 5.15685
5.15685 5.24456
5.15685 7.04983
5.15685 5.15685
5.15685 5.24456
5.15685 5.15685
5.15685 5.33095
5.15685 5.15685
5.15685 5.15685
5.15685 5.33095
5.15685 5.5
5.15685 5.15685
5.15685 5.24456
5.15685 5.33095
5.15685 5.24456
5.15685 5.24456
5.15685 5.24456
5.15685 5.24456
5.15685 5.24456
5.15685 5.15685
5.15685 5.15685
5.15685 5.15685
5.15685 5.24456
5.15685 5.24456
5.15685 5.24456
5.15685 5.15685
5.15685 5.15685
5.15685 5.33095
5.15685 5.24456
5.15685 5.15685
5.15685 5.24456
5.15685 5.15685
5.15685 5.15685
5.15685 5.33095
5.15685 5.24456
5.15685 5.24456
5.15685 5.33095
5.15685 5.24456
5.15685 5.15685
5.24456 6.2082
5.24456 5.33095
5.24456 5.24456
5.24456 5.66441
5.24456 5.66441
5.24456 5.33095
5.24456 5.41608
5.24456 5.33095
5.24456 5.24456
5.24456 5.24456
5.24456 5.41608
5.24456 5.41608
5.24456 5.33095
5.24456 5.24456
5.24456 5.24456
5.24456 5.33095
5.24456 5.24456
5.24456 5.24456
5.24456 5.33095
5.24456 5.24456
5.24456 5.24456
5.24456 5.24456
5.24456 5.66441
5.24456 5.33095
5.24456 5.24456
5.24456 5.33095
5.24456 5.33095
5.24456 5.33095
5.24456 5.33095
5.24456 6.57107
5.24456 5.33095
5.24456 6.13325
5.24456 5.24456
5.24456 5.24456
5.24456 5.33095
5.24456 5.33095
5.24456 5.24456
5.24456 6.7111
5.24456 5.24456
5.24456 5.33095
5.24456 5.33095
5.24456 5.24456
5.24456 5.24456
5.24456 5.33095
5.24456 5.41608
5.24456 5.33095
5.24456 5.24456
5.24456 5.24456
5.24456 5.5
5.24456 5.33095
5.24456 5.24456
5.24456 5.98074
5.24456 5.41608
5.24456 5.24456
5.24456 5.33095
5.24456 5.66441
5.24456 5.41608
5.24456 5.33095
5.24456 5.24456
5.24456 5.24456
5.24456 5.33095
5.24456 5.33095
5.24456 5.24456
5.24456 5.33095
5.24456 5.33095
5.24456 5.90312
5.24456 5.24456
5.24456 5.24456
5.24456 5.41608
5.24456 5.24456
5.24456 5.5
5.24456 5.24456
5.24456 5.33095
5.24456 6.2082
5.24456 5.24456
5.24456 5.5
5.24456 5.66441
5.24456 5.24456
5.24456 5.41608
5.24456 5.33095
5.24456 5.5
5.24456 5.33095
5.24456 5.24456
5.24456 5.66441
5.24456 5.24456
5.24456 5.41608
5.24456 5.41608
5.24456 5.24456
5.24456 5.66441
5.24456 5.33095
5.24456 5.24456
5.24456 5.24456
5.24456 5.24456
5.24456 5.41608
5.24456 5.33095
5.24456 5.33095
5.24456 5.41608
5.24456 5.33095
5.24456 5.33095
5.24456 5.24456
5.24456 5.33095
5.24456 5.90312
5.24456 5.24456
5.24456 5.24456
5.24456 5.24456
5.24456 5.24456
5.24456 5.41608
5.24456 6.2082
5.24456 5.33095
5.24456 5.82456
5.24456 5.33095
5.24456 5.24456
5.24456 5.24456
5.24456 5.24456
5.24456 5.58276
5.24456 5.41608
5.24456 5.41608
5.24456 5.41608
5.24456 5.33095
5.24456 5.24456
5.33095 5.90312
5.33095 5.41608
5.33095 5.41608
5.33095 5.66441
5.33095 5.5
5.33095 5.58276
5.33095 5.33095
5.33095 5.33095
5.33095 6.5
5.33095 5.33095
5.33095 5.33095
5.33095 5.33095
5.33095 5.58276
5.33095 5.41608
5.33095 6.78011
5.33095 5.66441
5.33095 5.33095
5.33095 5.41608
5.33095 5.33095
5.33095 5.33095
5.33095 5.33095
5.33095 5.33095
5.33095 5.41608
5.33095 5.66441
5.33095 5.33095
5.33095 5.33095
5.33095 5.33095
5.33095 5.33095
5.33095 5.66441
5.33095 5.41608
5.33095 5.66441
5.33095 5.5
5.33095 5.41608
5.33095 8.27496
5.33095 5.5
5.33095 5.33095
5.33095 7.56226
5.33095 5.33095
5.33095 8.27496
5.33095 5.41608
5.33095 5.33095
5.33095 5.5
5.33095 9.3995
5.33095 5.41608
5.33095 7.18115
5.33095 5.33095
5.33095 5.5
5.33095 5.33095
5.33095 5.5
5.33095 5.5
5.33095 6.13325
5.33095 6.84847
5.33095 5.5
5.33095 7.80662
5.33095 5.33095
5.33095 7.98528
5.33095 7.68535
5.33095 5.5
5.33095 5.33095
5.33095 7.56226
5.33095 5.33095
5.33095 5.41608
5.33095 5.5
5.33095 5.41608
5.33095 5.33095
5.33095 5.58276
5.33095 5.33095
5.33095 5.90312
5.33095 6.78011
5.33095 5.41608
5.33095 5.41608
5.33095 5.90312
5.33095 5.33095
5.33095 5.41608
5.33095 5.33095
5.33095 5.33095
5.33095 5.33095
5.33095 5.41608
5.33095 5.33095
5.33095 5.33095
5.33095 5.33095
5.33095 5.41608
5.33095 5.33095
5.33095 5.90312
5.33095 5.41608
5.41608 5.66441
5.41608 5.41608
5.41608 5.41608
5.41608 5.5
5.41608 5.66441
5.41608 10.6803
5.41608 5.41608
5.41608 5.41608
5.41608 5.41608
5.41608 6.2082
5.41608 5.41608
5.41608 5.41608
5.41608 5.5
5.41608 5.41608
5.41608 5.5
5.41608 5.5
5.41608 5.66441
5.41608 5.58276
5.41608 5.66441
5.41608 5.41608
5.41608 5.58276
5.41608 5.90312
5.41608 5.90312
5.41608 5.5
5.41608 6.5
5.41608 5.5
5.41608 5.66441
5.41608 5.66441
5.41608 5.41608
5.41608 5.58276
5.41608 5.5
5.41608 5.5
5.41608 5.66441
5.41608 6.57107
5.41608 5.5
5.41608 5.82456
5.41608 5.41608
5.41608 7.18115
5.41608 5.5
5.41608 5.5
5.41608 5.41608
5.41608 6.57107
5.41608 5.41608
5.41608 6.05744
5.41608 5.66441
5.41608 5.66441
5.41608 5.5
5.41608 5.66441
5.41608 5.41608
5.41608 5.41608
5.41608 5.5
5.41608 5.66441
5.41608 5.41608
5.41608 5.58276
5.41608 5.90312
5.41608 5.58276
5.5 5.58276
5.5 5.90312
5.5 5.82456
5.5 5.5
5.5 5.66441
5.5 5.5
5.5 5.66441
5.5 6.28233
5.5 5.58276
5.5 5.58276
5.5 5.58276
5.5 5.58276
5.5 6.2082
5.5 5.5
5.5 5.5
5.5 5.66441
5.5 5.58276
5.5 5.66441
5.5 5.58276
5.5 5.5
5.5 5.5
5.5 5.58276
5.5 5.5
5.5 5.5
5.5 5.5
5.5 5.90312
5.5 5.58276
5.5 5.66441
5.5 5.58276
5.5 5.5
5.5 5.58276
5.5 5.82456
5.5 7.62404
5.5 5.5
5.5 5.58276
5.5 5.5
5.5 5.58276
5.5 5.5
5.5 5.66441
5.5 5.5
5.5 5.90312
5.5 6.5
5.5 5.5
5.5 5.58276
5.5 5.82456
5.5 5.5
5.5 5.5
5.5 5.5
5.5 5.5
5.5 5.5
5.5 5.66441
5.5 5.5
5.5 5.66441
5.5 5.66441
5.5 5.58276
5.5 5.90312
5.5 5.5
5.5 5.5
5.58276 5.82456
5.58276 5.58276
5.58276 5.66441
5.58276 5.66441
5.58276 5.66441
5.58276 6.98331
5.58276 5.66441
5.58276 5.90312
5.58276 5.58276
5.58276 5.66441
5.58276 5.90312
5.58276 5.58276
5.58276 5.58276
5.58276 5.82456
5.58276 5.58276
5.58276 5.66441
5.58276 5.58276
5.58276 5.66441
5.58276 5.58276
5.58276 6.2082
5.58276 5.66441
5.58276 5.58276
5.58276 5.58276
5.58276 5.66441
5.58276 5.58276
5.58276 5.66441
5.58276 5.66441
5.58276 5.66441
5.58276 7.80662
5.58276 5.66441
5.58276 5.66441
5.58276 5.58276
5.58276 5.58276
5.58276 5.66441
5.58276 6.2082
5.58276 5.66441
5.58276 5.58276
5.58276 5.66441
5.58276 5.90312
5.58276 5.66441
5.58276 8.71954
5.58276 5.82456
5.58276 8.93398
5.66441 5.82456
5.66441 5.66441
5.66441 5.82456
5.66441 5.66441
5.66441 5.98074
5.66441 5.82456
5.66441 5.66441
5.66441 5.66441
5.66441 5.90312
5.66441 5.82456
5.66441 5.82456
5.66441 5.66441
5.66441 5.66441
5.66441 7.37401
5.66441 5.66441
5.66441 5.98074
5.66441 5.66441
5.66441 5.82456
5.66441 5.82456
5.66441 5.90312
5.66441 5.90312
5.66441 5.66441
5.66441 6.2082
5.66441 6.78011
5.66441 5.90312
5.66441 5.90312
5.66441 6.2082
5.66441 5.98074
5.66441 5.66441
5.66441 6.78011
5.66441 5.82456
5.66441 5.82456
5.66441 5.66441
5.66441 7.04983
5.66441 5.66441
5.66441 5.66441
5.66441 6.05744
5.66441 5.82456
5.66441 5.66441
5.66441 5.98074
5.66441 5.66441
5.66441 5.66441
5.66441 6.05744
5.66441 7.31025
5.66441 5.82456
5.66441 5.66441
5.66441 6.64143
5.66441 5.66441
5.66441 5.66441
5.66441 5.90312
5.66441 5.66441
5.66441 6.2082
5.66441 5.82456
5.66441 5.66441
5.66441 5.90312
5.66441 5.90312
5.66441 5.90312
5.66441 5.66441
5.66441 5.90312
5.66441 5.66441
5.66441 5.66441
5.66441 5.82456
5.66441 5.90312
5.66441 5.66441
5.66441 6.28233
5.66441 5.66441
5.66441 5.66441
5.66441 5.66441
5.66441 5.82456
5.66441 5.90312
5.66441 8.10233
5.66441 5.66441
5.66441 5.82456
5.66441 5.90312
5.66441 5.66441
5.66441 5.66441
5.66441 5.66441
5.66441 5.90312
5.66441 5.82456
5.66441 5.90312
5.66441 5.98074
5.66441 5.66441
5.66441 5.82456
5.66441 5.90312
5.66441 5.90312
5.66441 5.82456
5.66441 5.82456
5.66441 5.82456
5.66441 5.82456
5.66441 5.90312
5.66441 5.90312
5.66441 5.66441
5.66441 5.82456
5.66441 8.93398
5.66441 5.82456
5.66441 7.04983
5.82456 5.90312
5.82456 5.90312
5.82456 5.90312
5.82456 5.90312
5.82456 6.98331
5.82456 7.11577
5.82456 5.90312
5.82456 5.90312
5.82456 5.90312
5.82456 6.13325
5.82456 5.90312
5.82456 6.57107
5.82456 5.90312
5.82456 5.82456
5.82456 5.90312
5.82456 5.90312
5.82456 6.2082
5.82456 5.90312
5.82456 7.56226
5.82456 5.90312
5.82456 8.10233
5.82456 5.90312
5.82456 5.90312
5.82456 5.82456
5.82456 5.82456
5.82456 5.90312
5.82456 5.82456
5.82456 6.7111
5.82456 5.90312
5.82456 5.98074
5.82456 5.82456
5.82456 5.90312
5.82456 5.82456
5.82456 5.90312
5.82456 5.82456
5.82456 6.2082
5.82456 5.82456
5.82456 5.90312
5.82456 6.13325
5.82456 6.84847
5.82456 5.90312
5.82456 5.90312
5.82456 5.90312
5.82456 5.82456
5.82456 5.90312
5.82456 5.82456
5.82456 5.90312
5.90312 5.90312
5.90312 5.90312
5.90312 6.84847
5.90312 9.79563
5.90312 6.05744
5.90312 6.4282
5.90312 5.90312
5.90312 5.90312
5.90312 5.90312
5.90312 6.57107
5.90312 6.2082
5.90312 5.90312
5.90312 5.90312
5.90312 5.90312
5.90312 6.5
5.90312 5.90312
5.90312 8.98683
5.90312 5.90312
5.90312 6.13325
5.90312 5.90312
5.90312 5.90312
5.90312 7.31025
5.90312 10.1771
5.90312 5.90312
5.90312 5.90312
5.90312 5.98074
5.90312 6.2082
5.90312 6.05744
5.90312 5.90312
5.90312 6.98331
5.90312 5.90312
5.90312 5.90312
5.90312 5.90312
5.90312 5.98074
5.90312 6.2082
5.90312 7.18115
5.90312 5.90312
5.90312 6.05744
5.90312 6.2082
5.90312 5.90312
5.90312 7.37401
5.90312 5.90312
5.90312 5.90312
5.90312 5.90312
5.90312 5.90312
5.90312 6.2082
5.90312 5.90312
5.90312 6.84847
5.90312 5.98074
5.90312 5.90312
5.90312 5.90312
5.90312 5.90312
5.90312 5.98074
5.90312 5.90312
5.90312 6.57107
5.90312 5.98074
5.90312 5.98074
5.90312 5.90312
5.90312 5.90312
5.90312 6.98331
5.90312 9.3995
5.90312 5.90312
5.90312 5.90312
5.90312 5.90312
5.90312 5.90312
5.90312 9.19536
5.90312 5.90312
5.90312 5.90312
5.90312 6.2082
5.90312 5.90312
5.90312 5.98074
5.90312 5.90312
5.90312 6.13325
5.90312 5.90312
5.90312 6.13325
5.90312 5.90312
5.90312 5.90312
5.90312 6.05744
5.90312 6.05744
5.90312 5.90312
5.90312 9.14365
5.90312 7.18115
5.90312 6.13325
5.90312 6.13325
5.90312 5.98074
5.90312 6.05744
5.90312 5.98074
5.90312 5.90312
5.90312 6.05744
5.90312 6.05744
5.90312 5.98074
5.90312 5.90312
5.90312 6.13325
5.90312 5.90312
5.90312 5.90312
5.90312 8.88083
5.90312 6.2082
5.90312 5.90312
5.90312 5.98074
5.90312 5.90312
5.90312 5.90312
5.90312 5.90312
5.90312 5.98074
5.90312 7.31025
5.90312 6.57107
5.90312 5.90312
5.90312 5.90312
5.90312 5.98074
5.90312 6.2082
5.90312 6.13325
5.90312 5.90312
5.90312 6.5
5.90312 5.90312
5.90312 6.13325
5.90312 5.90312
5.90312 5.90312
5.90312 6.13325
5.90312 5.90312
5.90312 5.90312
5.90312 5.90312
5.90312 5.90312
5.90312 5.98074
5.90312 6.13325
5.90312 5.98074
5.90312 5.90312
5.90312 5.90312
5.90312 5.98074
5.90312 5.90312
5.90312 6.4282
5.90312 6.2082
5.90312 5.98074
5.90312 5.90312
5.90312 5.98074
5.90312 6.05744
5.90312 6.05744
5.90312 5.90312
5.90312 5.90312
5.90312 6.64143
5.90312 6.5
5.90312 6.05744
5.90312 5.90312
5.90312 5.98074
5.90312 5.90312
5.90312 5.90312
5.90312 6.05744
5.90312 5.90312
5.90312 7.31025
5.90312 6.13325
5.90312 5.98074
5.90312 6.28233
5.90312 6.13325
5.98074 5.98074
5.98074 6.2082
5.98074 6.2082
5.98074 5.98074
5.98074 6.2082
5.98074 6.05744
5.98074 6.2082
5.98074 6.2082
5.98074 6.57107
5.98074 6.05744
5.98074 6.13325
5.98074 6.13325
5.98074 6.2082
5.98074 5.98074
5.98074 6.13325
5.98074 6.28233
5.98074 6.2082
5.98074 6.98331
5.98074 6.05744
5.98074 6.13325
5.98074 6.5
5.98074 5.98074
5.98074 5.98074
5.98074 6.5
5.98074 6.13325
5.98074 6.57107
5.98074 6.2082
5.98074 6.2082
5.98074 6.13325
6.05744 6.2082
6.05744 6.2082
6.05744 6.2082
6.05744 6.2082
6.05744 6.2082
6.05744 6.05744
6.05744 6.13325
6.05744 6.13325
6.05744 6.2082
6.05744 6.2082
6.05744 6.84847
6.05744 6.4282
6.05744 6.13325
6.05744 7.8666
6.05744 6.05744
6.05744 6.13325
6.05744 6.05744
6.05744 6.5
6.05744 6.57107
6.05744 6.5
6.05744 6.13325
6.05744 6.13325
6.05744 9.14365
6.05744 6.2082
6.05744 6.05744
6.05744 6.57107
6.05744 6.13325
6.05744 6.2082
6.05744 6.05744
6.05744 6.13325
6.05744 6.13325
6.05744 8.044
6.05744 6.2082
6.05744 6.13325
6.05744 6.05744
6.05744 6.2082
6.05744 6.05744
6.05744 6.05744
6.05744 6.28233
6.05744 6.2082
6.05744 6.28233
6.05744 6.13325
6.13325 6.28233
6.13325 6.13325
6.13325 6.84847
6.13325 6.2082
6.13325 6.2082
6.13325 6.13325
6.13325 6.28233
6.13325 6.2082
6.13325 6.2082
6.13325 6.13325
6.13325 6.13325
6.13325 6.2082
6.13325 6.2082
6.13325 6.5
6.13325 6.2082
6.13325 6.28233
6.13325 6.13325
6.13325 6.28233
6.13325 6.2082
6.13325 6.2082
6.13325 6.13325
6.13325 6.28233
6.13325 6.28233
6.13325 7.18115
6.13325 6.5
6.13325 8.44427
6.13325 6.2082
6.13325 7.18115
6.2082 6.28233
6.2082 7.37401
6.2082 6.28233
6.2082 6.2082
6.2082 6.28233
6.2082 6.28233
6.2082 6.28233
6.2082 6.28233
6.2082 6.57107
6.2082 6.57107
6.2082 6.2082
6.2082 6.2082
6.2082 6.2082
6.2082 6.78011
6.2082 6.64143
6.2082 6.28233
6.2082 6.64143
6.2082 6.5
6.2082 6.5
6.2082 6.2082
6.2082 6.5
6.2082 6.2082
6.2082 6.84847
6.2082 6.28233
6.2082 7.31025
6.2082 6.5
6.2082 6.2082
6.2082 6.2082
6.2082 6.28233
6.2082 6.2082
6.2082 6.28233
6.2082 11.0326
6.2082 6.57107
6.2082 6.28233
6.2082 6.5
6.2082 6.2082
6.2082 6.28233
6.2082 6.28233
6.2082 6.2082
6.2082 6.28233
6.2082 6.5
6.2082 6.2082
6.2082 6.28233
6.2082 6.28233
6.2082 6.57107
6.2082 6.2082
6.2082 8.5
6.2082 6.2082
6.2082 6.28233
6.2082 6.28233
6.2082 6.28233
6.2082 6.2082
6.2082 6.28233
6.2082 6.28233
6.2082 6.28233
6.2082 6.57107
6.2082 6.2082
6.2082 6.2082
6.2082 6.2082
6.2082 6.28233
6.2082 6.5
6.2082 7.56226
6.2082 6.2082
6.2082 6.2082
6.2082 6.2082
6.2082 8.5
6.2082 6.64143
6.2082 6.5
6.2082 6.2082
6.2082 6.2082
6.2082 6.5
6.2082 6.57107
6.2082 6.2082
6.2082 6.5
6.2082 6.2082
6.2082 6.2082
6.2082 6.5
6.2082 6.2082
6.2082 6.78011
6.2082 6.84847
6.2082 6.2082
6.2082 6.28233
6.28233 6.5
6.28233 6.5
6.28233 6.28233
6.28233 7.31025
6.28233 6.57107
6.28233 6.28233
6.28233 6.5
6.28233 6.7111
6.28233 8.044
6.28233 6.5
6.28233 6.57107
6.28233 6.5
6.28233 6.5
6.28233 6.57107
6.28233 6.84847
6.28233 6.5
6.28233 6.5
6.28233 6.4282
6.28233 7.04983
6.28233 6.5
6.28233 6.28233
6.28233 6.57107
6.28233 6.5
6.28233 6.5
6.4282 6.5
6.4282 6.57107
6.4282 6.5
6.4282 6.57107
6.4282 6.4282
6.4282 6.4282
6.4282 6.84847
6.4282 6.4282
6.4282 6.57107
6.4282 6.5
6.4282 6.5
6.4282 6.57107
6.4282 7.31025
6.4282 6.5
6.4282 6.57107
6.4282 6.5
6.4282 6.5
6.4282 6.4282
6.4282 6.57107
6.4282 6.57107
6.4282 10.1301
6.4282 6.78011
6.4282 6.5
6.4282 6.57107
6.5 7.31025
6.5 6.5
6.5 6.5
6.5 6.5
6.5 6.57107
6.5 7.04983
6.5 6.5
6.5 6.57107
6.5 6.5
6.5 7.56226
6.5 6.5
6.5 6.5
6.5 6.5
6.5 6.57107
6.5 6.7111
6.5 7.18115
6.5 6.5
6.5 6.7111
6.5 6.5
6.5 6.5
6.5 6.64143
6.5 6.57107
6.5 6.5
6.5 6.57107
6.5 6.5
6.5 6.5
6.5 6.57107
6.5 6.5
6.5 6.5
6.5 7.5
6.5 6.57107
6.5 6.57107
6.5 6.78011
6.5 6.57107
6.5 6.57107
6.5 6.5
6.5 8.93398
6.5 6.57107
6.5 7.04983
6.5 6.5
6.5 6.5
6.5 9.14365
6.5 6.57107
6.5 7.04983
6.5 6.64143
6.5 6.5
6.5 9.54988
6.5 6.57107
6.5 8.93398
6.5 6.5
6.5 6.57107
6.5 6.57107
6.5 6.84847
6.5 10.1301
6.5 6.5
6.5 6.64143
6.5 6.84847
6.5 6.57107
6.5 7.31025
6.5 6.5
6.5 6.5
6.5 6.57107
6.5 6.5
6.5 6.78011
6.5 9.14365
6.5 6.57107
6.5 6.78011
6.5 6.84847
6.5 6.5
6.5 6.5
6.5 6.84847
6.5 6.5
6.5 6.5
6.5 6.57107
6.5 6.5
6.5 6.57107
6.5 6.57107
6.5 6.5
6.5 6.57107
6.5 6.57107
6.5 6.84847
6.5 6.5
6.5 6.57107
6.5 6.78011
6.5 6.57107
6.5 6.57107
6.5 6.5
6.5 6.5
6.5 7.11577
6.5 6.5
6.5 6.64143
6.5 6.57107
6.5 6.57107
6.5 6.5
6.5 6.57107
6.5 6.5
6.5 6.64143
6.5 6.5
6.5 6.5
6.5 6.64143
6.5 6.57107
6.5 6.64143
6.5 6.57107
6.5 6.5
6.57107 6.57107
6.57107 6.64143
6.57107 6.57107
6.57107 6.57107
6.57107 7.04983
6.57107 6.57107
6.57107 6.57107
6.57107 6.64143
6.57107 6.84847
6.57107 6.64143
6.57107 6.57107
6.57107 6.7111
6.57107 6.57107
6.57107 6.57107
6.57107 6.7111
6.57107 6.78011
6.57107 7.31025
6.57107 6.78011
6.57107 6.57107
6.57107 6.64143
6.57107 9.3995
6.57107 7.04983
6.57107 6.78011
6.57107 6.57107
6.57107 6.84847
6.57107 6.64143
6.57107 6.57107
6.57107 6.57107
6.57107 6.57107
6.57107 6.7111
6.57107 6.64143
6.57107 6.57107
6.57107 7.31025
6.57107 6.7111
6.57107 7.98528
6.57107 6.78011
6.57107 6.57107
6.57107 6.64143
6.57107 6.57107
6.57107 9.74695
6.57107 6.57107
6.57107 6.57107
6.57107 6.57107
6.57107 6.7111
6.57107 6.57107
6.57107 8.93398
6.57107 7.56226
6.57107 6.57107
6.57107 10.8578
6.57107 6.78011
6.57107 6.64143
6.57107 6.64143
6.57107 6.57107
6.57107 6.64143
6.57107 6.57107
6.57107 7.18115
6.57107 6.7111
6.57107 6.57107
6.57107 6.57107
6.57107 6.78011
6.57107 6.78011
6.57107 6.64143
6.57107 6.57107
6.57107 6.57107
6.57107 6.57107
6.57107 6.64143
6.57107 6.57107
6.57107 6.57107
6.57107 6.78011
6.57107 7.04983
6.57107 6.57107
6.57107 6.64143
6.57107 6.7111
6.57107 8.98683
6.57107 6.57107
6.57107 6.57107
6.57107 7.11577
6.57107 6.64143
6.57107 6.57107
6.57107 8.27496
6.57107 6.98331
6.57107 6.64143
6.57107 6.57107
6.57107 6.57107
6.57107 6.64143
6.57107 6.64143
6.57107 6.64143
6.57107 7.56226
6.57107 6.64143
6.57107 6.57107
6.57107 6.57107
6.57107 6.78011
6.57107 6.57107
6.57107 6.57107
6.57107 9.54988
6.57107 6.84847
6.57107 7.04983
6.57107 6.84847
6.57107 6.78011
6.57107 6.57107
6.57107 7.8666
6.57107 6.57107
6.57107 7.5
6.57107 6.64143
6.57107 6.57107
6.57107 6.78011
6.57107 6.57107
6.57107 6.7111
6.57107 6.64143
6.57107 6.57107
6.57107 7.62404
6.57107 6.64143
6.57107 6.57107
6.57107 7.56226
6.64143 6.7111
6.64143 6.78011
6.64143 11.7474
6.64143 6.78011
6.64143 6.84847
6.64143 6.78011
6.64143 6.78011
6.64143 6.7111
6.64143 7.04983
6.64143 6.78011
6.64143 6.84847
6.64143 6.7111
6.64143 9.29796
6.64143 6.78011
6.64143 6.7111
6.64143 6.78011
6.64143 6.7111
6.64143 6.84847
6.64143 6.7111
6.64143 6.64143
6.64143 6.78011
6.64143 6.64143
6.64143 6.78011
6.64143 6.64143
6.64143 6.7111
6.64143 6.7111
6.64143 6.7111
6.64143 6.84847
6.64143 7.04983
6.64143 6.78011
6.64143 6.64143
6.64143 7.80662
6.64143 6.7111
6.64143 6.84847
6.64143 6.78011
6.7111 6.7111
6.7111 6.78011
6.7111 6.78011
6.7111 6.78011
6.7111 6.78011
6.7111 6.7111
6.7111 6.78011
6.7111 6.7111
6.7111 6.78011
6.7111 6.7111
6.7111 6.78011
6.7111 7.37401
6.7111 6.78011
6.7111 6.78011
6.7111 6.7111
6.7111 6.84847
6.7111 8.61043
6.7111 6.84847
6.7111 6.84847
6.7111 6.84847
6.7111 6.7111
6.7111 6.84847
6.7111 6.78011
6.7111 6.78011
6.7111 6.84847
6.7111 7.62404
6.7111 6.78011
6.7111 6.84847
6.7111 7.74621
6.7111 7.18115
6.7111 6.78011
6.7111 6.78011
6.7111 6.78011
6.78011 7.62404
6.78011 6.84847
6.78011 7.62404
6.78011 6.78011
6.78011 6.78011
6.78011 6.84847
6.78011 8.33176
6.78011 6.98331
6.78011 6.84847
6.78011 6.84847
6.78011 6.98331
6.78011 7.18115
6.78011 6.78011
6.78011 7.5
6.78011 6.84847
6.78011 7.11577
6.78011 6.84847
6.78011 6.84847
6.78011 6.84847
6.78011 7.80662
6.78011 6.84847
6.78011 6.78011
6.78011 6.84847
6.78011 6.84847
6.78011 6.84847
6.78011 6.84847
6.78011 6.84847
6.78011 6.98331
6.78011 6.78011
6.78011 6.78011
6.78011 6.78011
6.78011 8.93398
6.78011 6.84847
6.78011 6.84847
6.78011 6.78011
6.78011 6.78011
6.78011 6.84847
6.78011 6.84847
6.78011 6.98331
6.78011 6.84847
6.78011 7.56226
6.78011 6.78011
6.78011 6.98331
6.78011 6.78011
6.78011 6.84847
6.78011 6.84847
6.78011 6.78011
6.78011 7.18115
6.78011 7.80662
6.78011 6.98331
6.78011 6.84847
6.78011 6.84847
6.78011 6.84847
6.78011 6.78011
6.78011 11.583
6.78011 6.84847
6.78011 7.18115
6.78011 6.84847
6.78011 6.78011
6.78011 6.84847
6.78011 7.37401
6.84847 6.98331
6.84847 7.04983
6.84847 7.04983
6.84847 6.98331
6.84847 6.84847
6.84847 6.98331
6.84847 11.7066
6.84847 6.98331
6.84847 7.11577
6.84847 6.84847
6.84847 7.18115
6.84847 6.84847
6.84847 7.62404
6.84847 6.84847
6.84847 6.84847
6.84847 7.04983
6.84847 6.98331
6.84847 6.98331
6.84847 7.04983
6.84847 7.37401
6.84847 6.98331
6.84847 6.84847
6.84847 6.84847
6.84847 6.98331
6.84847 7.5
6.84847 6.84847
6.84847 6.84847
6.84847 6.84847
6.84847 6.84847
6.84847 8.5
6.84847 6.84847
6.84847 6.98331
6.84847 7.31025
6.84847 7.5
6.84847 7.37401
6.84847 7.74621
6.84847 8.2178
6.84847 7.11577
6.84847 7.11577
6.84847 7.31025
6.84847 7.18115
6.84847 6.84847
6.84847 8.66515
6.84847 6.98331
6.84847 6.84847
6.84847 6.84847
6.84847 9.8923
6.84847 6.98331
6.84847 6.84847
6.84847 7.56226
6.84847 7.04983
6.84847 8.77362
6.84847 7.04983
6.84847 11.0758
6.84847 7.04983
6.84847 7.04983
6.84847 7.31025
6.84847 6.84847
6.84847 9.54988
6.84847 6.98331
6.84847 6.84847
6.84847 6.98331
6.84847 7.04983
6.84847 6.98331
6.84847 6.98331
6.84847 6.98331
6.84847 10.5454
6.84847 7.04983
6.84847 6.84847
6.84847 7.04983
6.84847 6.98331
6.84847 6.84847
6.84847 6.84847
6.84847 6.84847
6.84847 6.98331
6.98331 6.98331
6.98331 10.1301
6.98331 7.04983
6.98331 7.04983
6.98331 7.62404
6.98331 7.18115
6.98331 6.98331
6.98331 7.62404
6.98331 7.31025
6.98331 7.11577
6.98331 6.98331
6.98331 7.31025
6.98331 7.11577
6.98331 7.31025
6.98331 6.98331
6.98331 7.11577
6.98331 7.18115
6.98331 7.31025
6.98331 7.04983
6.98331 8.27496
6.98331 7.31025
6.98331 7.04983
6.98331 6.98331
6.98331 7.04983
6.98331 7.04983
6.98331 7.18115
6.98331 7.18115
6.98331 6.98331
6.98331 7.18115
7.04983 7.04983
7.04983 7.04983
7.04983 7.04983
7.04983 7.04983
7.04983 7.18115
7.04983 9.29796
7.04983 7.31025
7.04983 7.74621
7.04983 7.04983
7.04983 7.11577
7.04983 7.04983
7.04983 8.16025
7.04983 7.18115
7.04983 7.04983
7.04983 7.04983
7.04983 8.61043
7.04983 7.98528
7.04983 7.11577
7.04983 7.31025
7.04983 7.11577
7.04983 7.5
7.04983 7.04983
7.04983 7.04983
7.04983 7.04983
7.04983 9.5
7.04983 7.18115
7.04983 7.04983
7.04983 7.18115
7.04983 10.1301
7.04983 7.11577
7.04983 7.11577
7.04983 7.04983
7.04983 11.8288
7.04983 7.18115
7.04983 7.18115
7.04983 7.18115
7.04983 8.10233
7.04983 7.04983
7.04983 7.80662
7.04983 7.18115
7.04983 7.04983
7.04983 7.04983
7.04983 7.04983
7.04983 7.04983
7.04983 7.18115
7.04983 7.11577
7.04983 7.37401
7.04983 7.31025
7.04983 8.27496
7.04983 7.11577
7.04983 7.11577
7.11577 7.37401
7.11577 7.31025
7.11577 8.77362
7.11577 7.18115
7.11577 7.18115
7.11577 7.31025
7.11577 7.18115
7.11577 7.11577
7.11577 7.11577
7.11577 7.18115
7.11577 7.31025
7.11577 7.11577
7.11577 7.11577
7.11577 7.18115
7.11577 7.18115
7.11577 7.18115
7.11577 7.18115
7.11577 8.10233
7.11577 7.18115
7.11577 7.37401
7.11577 7.37401
7.11577 7.18115
7.11577 7.37401
7.18115 7.37401
7.18115 7.18115
7.18115 7.37401
7.18115 7.18115
7.18115 7.18115
7.18115 8.61043
7.18115 9.94031
7.18115 7.18115
7.18115 7.37401
7.18115 8.044
7.18115 7.18115
7.18115 8.44427
7.18115 10.5454
7.18115 7.37401
7.18115 7.37401
7.18115 7.31025
7.18115 7.31025
7.18115 7.37401
7.18115 7.37401
7.18115 7.31025
7.18115 7.31025
7.18115 7.56226
7.18115 7.37401
7.18115 7.37401
7.18115 7.18115
7.18115 7.80662
7.18115 7.31025
7.18115 7.37401
7.18115 7.56226
7.18115 7.5
7.18115 7.18115
7.18115 7.37401
7.18115 7.56226
7.18115 7.31025
7.18115 7.56226
7.18115 7.31025
7.18115 7.56226
7.31025 7.80662
7.31025 7.31025
7.31025 8.10233
7.31025 7.31025
7.31025 9.5
7.31025 7.31025
7.31025 7.56226
7.31025 8.27496
7.31025 10.5
7.31025 7.56226
7.31025 8.5
7.31025 7.31025
7.31025 7.31025
7.31025 7.31025
7.31025 7.37401
7.31025 7.31025
7.31025 7.62404
7.31025 7.31025
7.31025 7.56226
7.31025 7.31025
7.31025 7.37401
7.31025 7.37401
7.31025 7.31025
7.31025 7.37401
7.31025 7.37401
7.31025 7.37401
7.31025 7.31025
7.31025 7.31025
7.31025 7.37401
7.31025 7.56226
7.31025 7.31025
7.31025 7.31025
7.31025 7.37401
7.31025 7.37401
7.31025 7.31025
7.31025 7.37401
7.31025 7.37401
7.31025 7.31025
7.31025 7.37401
7.31025 7.37401
7.31025 7.31025
7.31025 7.62404
7.31025 7.31025
7.31025 7.31025
7.31025 7.37401
7.31025 7.37401
7.31025 7.31025
7.31025 7.56226
7.31025 9.3995
7.31025 7.37401
7.31025 7.31025
7.31025 7.31025
7.31025 7.31025
7.31025 7.31025
7.31025 7.31025
7.31025 7.62404
7.31025 7.31025
7.31025 7.37401
7.31025 7.31025
7.31025 7.80662
7.31025 7.31025
7.31025 7.31025
7.31025 7.37401
7.31025 7.8666
7.31025 7.37401
7.31025 7.8666
7.31025 7.31025
7.31025 7.37401
7.31025 7.31025
7.31025 7.31025
7.31025 7.31025
7.31025 7.56226
7.31025 7.31025
7.31025 7.31025
7.31025 7.37401
7.31025 7.37401
7.31025 7.37401
7.31025 7.37401
7.31025 7.31025
7.31025 7.31025
7.31025 7.31025
7.31025 7.31025
7.31025 7.31025
7.31025 7.31025
7.37401 8.10233
7.37401 7.37401
7.37401 7.98528
7.37401 7.37401
7.37401 7.5
7.37401 7.37401
7.37401 7.37401
7.37401 8.44427
7.37401 7.68535
7.37401 7.37401
7.37401 7.56226
7.37401 7.37401
7.37401 7.56226
7.37401 7.56226
7.37401 8.98683
7.37401 7.37401
7.37401 9.44987
7.37401 7.37401
7.37401 8.044
7.37401 7.5
7.37401 7.37401
7.37401 7.37401
7.37401 7.74621
7.37401 7.62404
7.37401 7.56226
7.37401 7.56226
7.37401 7.56226
7.37401 8.33176
7.37401 9.5
7.37401 7.56226
7.37401 7.8666
7.37401 7.56226
7.37401 7.56226
7.5 7.56226
7.5 7.5
7.5 8.10233
7.5 7.5
7.5 7.62404
7.5 7.5
7.5 7.56226
7.5 7.80662
7.5 7.5
7.5 7.56226
7.5 7.56226
7.5 9.44987
7.5 7.68535
7.5 7.56226
7.5 7.5
7.5 7.56226
7.56226 7.56226
7.56226 7.62404
7.56226 7.56226
7.56226 7.8666
7.56226 7.62404
7.56226 7.56226
7.56226 7.68535
7.56226 8.044
7.56226 7.80662
7.56226 7.68535
7.56226 7.56226
7.56226 7.98528
7.56226 7.62404
7.56226 7.56226
7.56226 7.56226
7.56226 7.56226
7.56226 7.74621
7.56226 7.56226
7.56226 7.62404
7.56226 7.56226
7.56226 7.62404
7.56226 7.56226
7.56226 7.56226
7.56226 7.56226
7.56226 7.56226
7.56226 7.62404
7.56226 7.62404
7.56226 7.56226
7.56226 8.10233
7.56226 7.56226
7.56226 7.62404
7.56226 7.8666
7.56226 7.62404
7.56226 7.74621
7.56226 7.62404
7.56226 8.27496
7.56226 8.5
7.56226 8.93398
7.56226 8.16025
7.56226 7.62404
7.56226 7.62404
7.56226 7.56226
7.56226 7.56226
7.56226 10.3167
7.56226 7.74621
7.56226 7.98528
7.56226 7.56226
7.56226 7.62404
7.56226 7.62404
7.56226 7.56226
7.56226 9.3995
7.56226 8.2178
7.56226 7.56226
7.56226 7.98528
7.56226 8.71954
7.56226 7.56226
7.56226 7.62404
7.56226 7.56226
7.56226 7.98528
7.56226 7.62404
7.56226 7.62404
7.56226 7.56226
7.56226 7.56226
7.56226 8.44427
7.56226 7.56226
7.56226 7.80662
7.56226 7.80662
7.56226 7.68535
7.56226 7.56226
7.56226 7.56226
7.56226 7.56226
7.56226 7.56226
7.56226 7.74621
7.56226 7.74621
7.56226 7.62404
7.56226 7.80662
7.62404 7.62404
7.62404 7.8666
7.62404 7.68535
7.62404 7.8666
7.62404 9.5995
7.62404 7.62404
7.62404 7.62404
7.62404 8.16025
7.62404 7.62404
7.62404 7.62404
7.62404 7.62404
7.62404 7.74621
7.62404 7.62404
7.62404 7.80662
7.62404 8.33176
7.62404 7.74621
7.62404 7.62404
7.62404 7.68535
7.62404 8.044
7.62404 7.80662
7.62404 7.98528
7.62404 7.74621
7.62404 7.74621
7.62404 7.62404
7.62404 11.2898
7.62404 7.8666
7.62404 9.84408
7.62404 7.80662
7.62404 7.80662
7.62404 7.80662
7.62404 7.74621
7.62404 7.80662
7.62404 8.10233
7.62404 7.74621
7.62404 7.98528
7.62404 7.74621
7.62404 7.74621
7.62404 7.62404
7.62404 7.80662
7.62404 7.74621
7.62404 7.74621
7.62404 10.1301
7.62404 7.62404
7.62404 7.62404
7.62404 7.62404
7.62404 7.62404
7.62404 7.62404
7.68535 7.74621
7.68535 7.80662
7.68535 7.68535
7.68535 7.8666
7.68535 7.74621
7.68535 7.68535
7.68535 7.74621
7.68535 8.10233
7.68535 7.80662
7.68535 8.10233
7.68535 7.74621
7.68535 7.8666
7.68535 7.98528
7.68535 7.98528
7.68535 7.68535
7.68535 7.80662
7.68535 7.68535
7.68535 7.74621
7.68535 7.80662
7.68535 7.68535
7.68535 8.16025
7.68535 7.74621
7.74621 12.3062
7.74621 7.8666
7.74621 9.5
7.74621 8.10233
7.74621 7.80662
7.74621 7.98528
7.74621 8.16025
7.74621 9.74695
7.74621 7.80662
7.74621 7.74621
7.74621 7.74621
7.74621 8.27496
7.74621 8.61043
7.74621 7.80662
7.74621 8.16025
7.74621 7.80662
7.74621 7.80662
7.74621 7.80662
7.74621 7.8666
7.74621 7.80662
7.74621 7.80662
7.74621 7.8666
7.74621 8.044
7.74621 8.98683
7.80662 8.10233
7.80662 8.10233
7.80662 7.98528
7.80662 7.8666
7.80662 7.8666
7.80662 8.10233
7.80662 8.71954
7.80662 8.10233
7.80662 7.8666
7.80662 11.5416
7.80662 8.044
7.80662 7.98528
7.80662 7.80662
7.80662 7.98528
7.80662 7.98528
7.80662 7.98528
7.80662 7.98528
7.80662 7.8666
7.80662 8.5
7.80662 8.044
7.80662 7.80662
7.80662 7.98528
7.80662 8.044
7.80662 7.80662
7.80662 7.8666
7.80662 8.10233
7.80662 8.33176
7.80662 7.80662
7.80662 7.80662
7.80662 7.8666
7.80662 7.8666
7.80662 8.10233
7.80662 8.044
7.80662 7.80662
7.80662 8.10233
7.80662 7.80662
7.80662 8.044
7.80662 7.80662
7.80662 7.8666
7.80662 7.8666
7.80662 7.8666
7.8666 12.5
7.8666 8.10233
7.8666 8.10233
7.8666 8.2178
7.8666 8.2178
7.8666 8.61043
7.8666 9.03939
7.8666 8.10233
7.8666 8.16025
7.8666 7.98528
7.8666 8.66515
7.8666 8.55538
7.8666 7.8666
7.8666 7.8666
7.8666 8.10233
7.8666 8.10233
7.8666 8.10233
7.8666 8.5
7.8666 8.044
7.98528 8.5
7.98528 7.98528
7.98528 8.27496
7.98528 8.2178
7.98528 8.044
7.98528 8.10233
7.98528 8.044
7.98528 8.10233
7.98528 8.044
7.98528 9.19536
7.98528 8.2178
7.98528 8.61043
7.98528 8.10233
7.98528 7.98528
7.98528 7.98528
7.98528 8.10233
7.98528 7.98528
7.98528 8.16025
7.98528 8.044
7.98528 8.044
7.98528 8.5
7.98528 7.98528
7.98528 7.98528
7.98528 10.5454
7.98528 8.10233
7.98528 10.1301
7.98528 8.27496
7.98528 7.98528
7.98528 8.044
7.98528 7.98528
8.044 8.27496
8.044 8.044
8.044 8.10233
8.044 11.2898
8.044 8.27496
8.044 8.10233
8.044 8.10233
8.044 8.71954
8.044 8.93398
8.044 8.044
8.044 8.44427
8.044 8.10233
8.044 8.10233
8.044 8.10233
8.044 9.54988
8.044 8.044
8.044 8.2178
8.044 8.10233
8.044 8.044
8.044 8.10233
8.044 8.98683
8.044 8.5
8.044 8.16025
8.044 8.10233
8.044 8.55538
8.044 8.71954
8.044 8.044
8.044 8.10233
8.044 8.10233
8.044 9.44987
8.10233 11.0326
8.10233 8.2178
8.10233 8.27496
8.10233 8.27496
8.10233 8.33176
8.10233 8.27496
8.10233 8.10233
8.10233 8.10233
8.10233 8.16025
8.10233 8.10233
8.10233 8.2178
8.10233 8.27496
8.10233 8.2178
8.10233 8.16025
8.10233 8.10233
8.10233 9.19536
8.10233 8.2178
8.10233 8.10233
8.10233 10.725
8.10233 8.61043
8.10233 8.10233
8.10233 8.33176
8.10233 8.33176
8.10233 8.5
8.10233 8.5
8.10233 8.10233
8.10233 8.10233
8.10233 8.10233
8.10233 8.10233
8.10233 8.44427
8.10233 8.27496
8.10233 8.10233
8.10233 8.10233
8.10233 8.10233
8.10233 8.61043
8.10233 8.27496
8.10233 8.10233
8.10233 8.10233
8.10233 8.27496
8.10233 8.10233
8.10233 8.10233
8.16025 8.16025
8.16025 8.27496
8.16025 8.2178
8.16025 8.27496
8.16025 8.33176
8.16025 8.16025
8.16025 8.16025
8.16025 8.2178
8.16025 8.66515
8.16025 8.27496
8.16025 8.27496
8.16025 8.16025
8.16025 8.16025
8.16025 9.44987
8.16025 8.27496
8.2178 8.27496
8.2178 8.77362
8.2178 8.33176
8.2178 8.27496
8.2178 8.93398
8.2178 8.33176
8.2178 8.2178
8.2178 8.33176
8.2178 8.33176
8.27496 8.93398
8.27496 8.33176
8.27496 8.27496
8.27496 9.98809
8.27496 8.27496
8.27496 8.77362
8.27496 8.5
8.27496 8.5
8.27496 8.55539
8.27496 8.27496
8.27496 8.44427
8.27496 8.5
8.27496 8.27496
8.27496 8.27496
8.27496 8.27496
8.27496 8.33176
8.27496 8.44427
8.27496 8.33176
8.27496 8.5
8.27496 8.27496
8.27496 9.03939
8.33176 8.66515
8.33176 8.5
8.33176 8.5
8.33176 8.5
8.33176 8.71954
8.33176 8.5
8.33176 8.5
8.33176 9.34886
8.33176 8.5
8.33176 8.5
8.33176 8.5
8.33176 8.88083
8.44427 8.44427
8.44427 8.55539
8.44427 8.44427
8.44427 8.44427
8.44427 8.5
8.44427 8.5
8.44427 8.5
8.44427 8.5
8.44427 8.5
8.44427 8.71954
8.44427 8.5
8.44427 8.44427
8.44427 10.1771
8.44427 8.71954
8.44427 8.5
8.44427 9.03939
8.5 8.5
8.5 8.5
8.5 8.55539
8.5 8.61043
8.5 8.61043
8.5 8.55539
8.5 8.55539
8.5 8.55539
8.5 8.93398
8.5 8.5
8.5 8.5
8.5 8.55539
8.5 8.61043
8.5 8.5
8.5 8.5
8.5 8.93398
8.5 8.5
8.5 8.5
8.5 8.98683
8.5 8.61043
8.5 8.66515
8.5 8.71954
8.5 8.93398
8.5 8.5
8.5 8.55538
8.5 8.5
8.5 8.61043
8.5 8.55538
8.5 8.55538
8.5 8.55539
8.5 8.61043
8.5 8.61043
8.5 8.5
8.5 8.5
8.5 8.5
8.5 8.77362
8.5 8.71954
8.5 8.5
8.5 8.5
8.5 8.55538
8.55538 8.61043
8.55538 8.66515
8.55538 8.77362
8.55538 8.66515
8.55538 9.3995
8.55538 8.55538
8.55539 12.9907
8.55539 8.55539
8.55539 8.55539
8.55539 8.61043
8.55539 8.55539
8.55539 8.55539
8.55539 8.93398
8.55539 8.66515
8.61043 9.74695
8.61043 8.66515
8.61043 8.77362
8.61043 8.71954
8.61043 8.93398
8.61043 8.66515
8.61043 8.61043
8.61043 9.14365
8.61043 8.71954
8.61043 9.5995
8.61043 8.61043
8.66515 8.71954
8.66515 8.93398
8.66515 8.93398
8.66515 8.71954
8.66515 8.66515
8.66515 8.71954
8.66515 8.93398
8.66515 8.66515
8.71954 8.71954
8.71954 8.71954
8.71954 8.71954
8.71954 8.93398
8.71954 8.93398
8.71954 8.77362
8.71954 9.5
8.71954 8.71954
8.71954 8.71954
8.71954 8.77362
8.71954 8.71954
8.71954 8.71954
8.71954 8.71954
8.71954 8.71954
8.71954 8.71954
8.71954 8.71954
8.71954 8.71954
8.71954 8.71954
8.71954 8.77362
8.71954 8.71954
8.71954 8.93398
8.77362 8.88083
8.77362 8.88083
8.77362 9.44987
8.77362 9.34886
8.77362 9.8923
8.77362 8.88083
8.77362 9.03939
8.77362 8.88083
8.77362 9.03939
8.77362 8.77362
8.77362 8.77362
8.77362 8.93398
8.77362 8.77362
8.77362 9.19536
8.77362 9.14365
8.77362 8.88083
8.77362 8.98683
8.77362 8.93398
8.77362 8.77362
8.77362 8.93398
8.77362 8.88083
8.77362 8.77362
8.77362 8.93398
8.77362 8.98683
8.88083 8.98683
8.88083 8.93398
8.88083 8.93398
8.93398 8.98683
8.93398 8.93398
8.93398 9.3995
8.93398 9.19536
8.93398 8.93398
8.93398 8.93398
8.93398 8.93398
8.93398 9.14365
8.93398 9.94031
8.93398 8.98683
8.93398 8.93398
8.93398 8.93398
8.93398 8.93398
8.93398 8.93398
8.93398 9.19536
8.93398 11.5416
8.93398 9.14365
8.93398 9.14365
8.93398 8.93398
8.93398 8.98683
8.93398 9.74695
8.93398 8.98683
8.93398 8.93398
8.93398 8.93398
8.93398 8.93398
8.93398 8.98683
8.93398 8.93398
8.93398 9.44987
8.93398 8.93398
8.93398 8.93398
8.93398 8.98683
8.93398 8.93398
8.98683 8.98683
8.98683 10.9018
8.98683 9.03939
8.98683 9.19536
8.98683 9.34886
8.98683 9.3995
8.98683 9.74695
8.98683 9.03939
8.98683 8.98683
8.98683 9.14365
8.98683 9.03939
8.98683 8.98683
8.98683 9.03939
8.98683 9.3995
8.98683 9.03939
8.98683 9.19536
8.98683 9.44987
8.98683 8.98683
8.98683 8.98683
8.98683 9.19536
8.98683 8.98683
8.98683 9.74695
8.98683 9.03939
9.03939 9.3995
9.03939 9.8923
9.03939 9.19536
9.03939 9.14365
9.14365 9.19536
9.14365 9.3995
9.14365 9.34886
9.14365 9.19536
9.14365 9.19536
9.14365 9.19536
9.14365 9.19536
9.19536 9.19536
9.19536 9.54988
9.19536 9.44987
9.19536 9.29796
9.19536 9.19536
9.19536 9.34886
9.19536 9.19536
9.19536 9.19536
9.19536 9.3995
9.19536 9.19536
9.19536 9.34886
9.19536 9.19536
9.29796 9.29796
9.29796 9.29796
9.29796 9.44987
9.29796 9.29796
9.34886 9.34886
9.34886 9.8923
9.34886 10.9455
9.34886 10.5
9.34886 9.3995
9.34886 9.34886
9.34886 9.54988
9.34886 9.3995
9.34886 9.34886
9.34886 9.44987
9.34886 9.3995
9.34886 9.3995
9.34886 9.3995
9.34886 9.44987
9.3995 10.3167
9.3995 9.74695
9.3995 10.2703
9.3995 9.54988
9.3995 9.5
9.3995 9.84408
9.3995 9.3995
9.3995 9.3995
9.3995 9.44987
9.3995 9.98809
9.3995 9.54988
9.3995 9.54988
9.3995 9.5995
9.3995 9.54988
9.3995 9.54988
9.3995 9.3995
9.3995 9.44987
9.3995 9.3995
9.3995 9.54988
9.44987 9.5
9.44987 9.54988
9.44987 9.5
9.44987 9.54988
9.44987 9.44987
9.44987 9.54988
9.44987 9.54988
9.44987 9.79563
9.44987 9.5
9.44987 10.2703
9.44987 9.44987
9.5 9.54988
9.5 9.5
9.5 9.74695
9.5 10.1771
9.5 9.5
9.5 9.5
9.5 9.54988
9.54988 9.5995
9.54988 9.79563
9.54988 9.69804
9.54988 9.74695
9.54988 9.54988
9.54988 9.54988
9.54988 9.54988
9.54988 9.54988
9.54988 9.54988
9.54988 9.74695
9.54988 9.74695
9.54988 9.74695
9.54988 9.98809
9.5995 9.69804
9.69804 9.74695
9.69804 9.8923
9.74695 9.79563
9.74695 10.3167
9.74695 9.8923
9.74695 9.74695
9.74695 9.74695
9.74695 10.1301
9.74695 9.98809
9.74695 9.79563
9.74695 9.74695
9.74695 9.94031
9.74695 11.7066
9.74695 9.94031
9.79563 9.79563
9.79563 9.98809
9.79563 9.94031
9.79563 9.79563
9.84408 9.98809
9.84408 9.94031
9.8923 10.9455
9.8923 9.94031
9.8923 9.94031
9.8923 10.3167
9.8923 9.94031
9.8923 9.98809
9.8923 9.98809
9.8923 10.1301
9.8923 9.98809
9.8923 16.7337
9.8923 9.8923
9.94031 9.98809
9.94031 9.94031
9.94031 9.98809
9.94031 10.5454
9.94031 10.1301
9.98809 9.98809
9.98809 10.1301
9.98809 9.98809
9.98809 9.98809
9.98809 10.1771
9.98809 10.1301
9.98809 10.1301
10.1301 10.1301
10.1301 11.7066
10.1301 10.1301
10.1301 10.2238
10.1301 10.1301
10.1301 10.1771
10.1301 10.4545
10.1301 10.2238
10.1301 10.2238
10.1301 10.1301
10.1771 10.2703
10.1771 10.3167
10.1771 10.4545
10.1771 10.2703
10.1771 10.2703
10.1771 10.2703
10.2238 10.3167
10.2238 10.2238
10.2238 10.3167
10.2703 10.3167
10.3167 10.3167
10.3628 10.4545
10.3628 10.3628
10.4545 10.6803
10.5 10.5454
10.5 10.6803
10.5 10.8578
10.5 10.6803
10.5 10.5
10.5 10.6803
10.5 11.0758
10.5454 10.5454
10.5454 10.6803
10.5454 10.5454
10.5454 10.5454
10.5905 10.9455
10.5905 10.5905
10.6803 10.6803
10.8137 10.8578
10.8137 10.8137
10.8137 10.8137
10.8578 11.0326
10.8578 10.9018
10.8578 10.9455
10.8578 10.8578
10.8578 10.9891
10.9455 10.9455
10.9455 11.6244
10.9455 10.9891
11.0326 11.0758
11.0758 11.0758
11.0758 11.2473
11.0758 11.0758
11.0758 13.4284
11.1619 13.7829
11.1619 11.1619
11.2047 11.3743
11.2047 11.2473
11.2047 11.2047
11.2473 11.4164
11.3322 11.583
11.3322 11.583
11.3743 11.3743
11.5 11.5416
11.5 11.583
11.5416 11.6244
11.5416 11.7066
11.583 11.6655
11.583 11.583
11.583 11.7066
11.583 11.583
11.583 11.583
11.6244 11.9097
11.7066 11.8288
11.7066 11.7474
11.7066 11.7066
11.7066 12.5384
11.7066 11.8288
11.7474 11.9499
11.8288 11.8693
11.8288 11.8288
11.8693 11.8693
11.8693 11.9097
11.8693 12.6529
11.8693 11.8693
11.9097 11.9499
11.9499 12.5384
12.03 12.1886
12.03 12.03
12.03 12.0698
12.0698 12.5384
12.1491 12.1491
12.2279 12.3841
12.2671 12.3841
12.3062 12.5
12.3062 12.3452
12.5384 12.5767
12.5384 12.8041
12.5767 12.5767
12.6529 12.8791
12.6909 12.8417
12.8417 14.7971
12.9164 12.9536
12.9164 12.9536
12.9164 12.9164
12.9164 12.9536
12.9907 13.1015
13.1015 13.1382
13.1382 13.1382
13.4284 13.4284
13.5 13.5357
13.5 13.5712
13.6421 13.6421
14.2986 14.3997
14.7315 15.4374
14.7971 15.248
15.0563 15.1525
15.1205 15.1205
15.3114 15.3114
15.9012 15.9317
15.9012 15.9012
16.1733 16.3819
16.4706 16.6172
16.5 16.5294
16.5294 16.6172
16.588 16.6464
