0.496889 0.497423
1.73607 1.73607
1.73607 1.73607
1.73607 1.73607
2.5 2.5
2.5 2.5
2.5 2.5
2.66228 2.66228
2.66228 2.81662
2.81662 3.24166
2.81662 3.10555
2.9641 2.9641
3.10555 3.10555
3.10555 3.10555
3.10555 3.62311
3.10555 3.10555
3.10555 3.24166
3.10555 3.10555
3.24166 3.62311
3.24166 3.24166
3.5 3.5
3.5 3.62311
3.5 3.5
3.5 4.59902
3.5 3.62311
3.5 3.62311
3.5 3.5
3.62311 3.62311
3.62311 3.62311
3.62311 3.62311
3.62311 3.62311
3.62311 3.8589
3.62311 3.62311
3.62311 3.62311
3.62311 3.62311
3.62311 3.62311
3.62311 4.5
3.62311 3.62311
3.62311 3.62311
3.62311 3.62311
3.62311 3.74264
3.62311 3.74264
3.62311 3.62311
3.62311 3.62311
3.62311 3.62311
3.62311 3.62311
3.62311 3.62311
3.62311 3.62311
3.74264 3.8589
3.74264 3.8589
3.74264 4.19042
3.74264 3.97214
3.74264 3.74264
3.74264 4.08258
3.74264 3.8589
3.74264 4.08258
3.74264 3.74264
3.74264 4.08258
3.74264 3.8589
3.74264 3.8589
3.8589 3.8589
3.8589 3.8589
3.8589 3.8589
3.8589 3.8589
3.8589 3.8589
3.8589 3.97214
3.8589 3.8589
3.8589 4.5
3.8589 3.8589
3.8589 4.08258
3.8589 4.08258
3.8589 4.19042
3.8589 3.8589
3.97214 4.19042
3.97214 4.39898
3.97214 3.97214
3.97214 3.97214
3.97214 4.08258
4.08258 4.08258
4.08258 4.08258
4.08258 4.19042
4.08258 4.08258
4.08258 4.08258
4.08258 4.19042
4.08258 4.39898
4.08258 4.08258
4.08258 4.88516
4.08258 4.08258
4.19042 4.19042
4.39898 4.39898
4.39898 4.39898
4.39898 4.39898
4.39898 4.88516
4.5 4.59902
4.5 4.5
4.5 4.59902
4.5 4.59902
4.5 4.59902
4.5 4.69615
4.5 6.5
4.5 4.5
4.5 4.59902
4.5 4.5
4.5 4.5
4.5 4.5
4.5 4.5
4.5 4.5
4.5 4.5
4.5 4.59902
4.5 4.59902
4.5 4.5
4.5 4.59902
4.59902 4.59902
4.59902 4.59902
4.59902 4.69615
4.59902 4.59902
4.59902 4.59902
4.59902 5.15685
4.59902 4.69615
4.59902 4.97723
4.59902 4.59902
4.59902 4.88516
4.59902 4.69615
4.59902 4.59902
4.69615 4.88516
4.69615 4.88516
4.88516 5.66441
4.88516 4.88516
4.88516 5.24456
4.88516 5.24456
4.88516 5.5
4.88516 4.88516
4.88516 6.5
4.88516 4.88516
4.88516 6.05744
4.88516 4.88516
4.88516 4.88516
4.88516 5.66441
4.88516 5.41608
4.88516 4.88516
4.88516 4.97723
4.88516 4.88516
4.88516 8.88083
4.88516 4.97723
4.88516 4.88516
4.88516 7.74621
4.88516 4.97723
4.88516 4.88516
4.88516 4.88516
4.88516 5.24456
4.88516 4.88516
4.88516 4.88516
4.88516 4.88516
4.97723 5.15685
4.97723 5.24456
4.97723 5.24456
4.97723 4.97723
5.15685 5.24456
5.15685 5.24456
5.15685 5.15685
5.15685 5.15685
5.24456 5.24456
5.24456 5.33095
5.24456 5.24456
5.24456 5.33095
5.24456 5.24456
5.24456 5.24456
5.24456 5.66441
5.24456 5.24456
5.24456 5.66441
5.24456 5.41608
5.24456 5.24456
5.24456 5.24456
5.24456 5.24456
5.24456 5.33095
5.33095 5.5
5.33095 5.33095
5.33095 5.41608
5.33095 5.90312
5.33095 5.90312
5.33095 5.33095
5.33095 5.33095
5.33095 5.33095
5.41608 5.41608
5.41608 5.5
5.41608 5.5
5.41608 5.5
5.41608 5.41608
5.5 5.5
5.5 5.90312
5.5 5.58276
5.5 5.82456
5.5 5.5
5.5 5.5
5.5 5.66441
5.5 5.66441
5.58276 5.58276
5.58276 5.66441
5.58276 5.66441
5.58276 7.80662
5.58276 5.66441
5.58276 5.58276
5.58276 5.66441
5.58276 8.71954
5.66441 5.90312
5.66441 5.66441
5.66441 5.98074
5.66441 6.05744
5.66441 5.66441
5.66441 5.90312
5.66441 6.2082
5.66441 5.66441
5.66441 5.90312
5.66441 5.66441
5.66441 5.66441
5.66441 5.82456
5.66441 5.90312
5.66441 5.90312
5.66441 5.82456
5.66441 7.04983
5.82456 5.90312
5.82456 5.82456
5.82456 5.98074
5.82456 5.90312
5.82456 6.2082
5.82456 5.90312
5.82456 5.90312
5.82456 5.82456
5.82456 5.82456
5.90312 5.90312
5.90312 5.90312
5.90312 7.18115
5.90312 6.05744
5.90312 6.05744
5.90312 5.98074
5.90312 5.90312
5.90312 5.90312
5.90312 5.90312
5.90312 5.98074
5.90312 5.90312
5.90312 5.90312
5.90312 5.90312
5.90312 6.05744
5.90312 5.90312
5.90312 5.90312
5.90312 5.90312
5.90312 6.13325
5.98074 6.2082
5.98074 6.13325
6.05744 8.044
6.05744 6.2082
6.13325 6.28233
6.13325 6.28233
6.13325 7.18115
6.2082 7.18115
6.2082 6.28233
6.2082 6.2082
6.2082 6.2082
6.2082 6.28233
6.2082 6.28233
6.2082 6.2082
6.2082 6.64143
6.2082 6.57107
6.2082 6.5
6.28233 6.5
6.28233 6.28233
6.28233 6.57107
6.28233 6.5
6.28233 6.5
6.4282 6.5
6.5 6.64143
6.5 6.84847
6.5 6.57107
6.5 6.57107
6.5 6.5
6.5 6.78011
6.5 9.14365
6.5 6.5
6.5 6.5
6.5 6.57107
6.5 6.57107
6.5 6.5
6.5 6.57107
6.5 6.5
6.5 6.57107
6.5 6.5
6.5 6.64143
6.57107 6.57107
6.57107 6.57107
6.57107 6.57107
6.57107 6.64143
6.57107 6.64143
6.57107 6.57107
6.57107 6.57107
6.57107 6.64143
6.57107 6.64143
6.57107 6.78011
6.57107 6.57107
6.57107 6.57107
6.57107 6.64143
6.64143 6.78011
6.64143 7.04983
6.64143 6.7111
6.78011 8.93398
6.78011 6.84847
6.78011 6.84847
6.78011 8.88083
6.78011 7.18115
6.78011 6.84847
6.78011 6.84847
6.78011 7.18115
6.78011 6.84847
6.78011 7.37401
6.84847 6.84847
6.84847 9.8923
6.84847 6.84847
6.84847 6.98331
6.84847 6.84847
6.98331 7.18115
6.98331 6.98331
6.98331 7.62404
6.98331 8.27496
6.98331 7.18115
7.04983 7.18115
7.04983 7.04983
7.04983 7.04983
7.04983 8.10233
7.04983 7.04983
7.04983 7.11577
7.11577 7.37401
7.11577 7.37401
7.18115 7.37401
7.18115 7.56226
7.31025 7.62404
7.31025 7.31025
7.31025 7.37401
7.31025 7.37401
7.31025 8.61043
7.31025 7.80662
7.31025 7.37401
7.31025 7.31025
7.37401 7.37401
7.37401 7.37401
7.37401 9.5
7.37401 7.56226
7.5 7.5
7.5 7.56226
7.5 7.68535
7.5 7.56226
7.5 7.56226
7.56226 7.56226
7.56226 7.62404
7.56226 7.56226
7.56226 7.98528
7.56226 7.62404
7.56226 7.80662
7.62404 7.62404
7.62404 7.98528
7.62404 7.62404
7.62404 11.0758
7.62404 7.62404
7.68535 8.10233
7.68535 7.74621
7.74621 7.80662
7.80662 8.33176
7.80662 7.80662
7.80662 7.8666
7.80662 7.80662
7.8666 8.93398
7.8666 8.55538
7.98528 8.044
7.98528 8.5
7.98528 7.98528
8.044 8.044
8.044 8.10233
8.044 8.16025
8.10233 8.10233
8.10233 8.10233
8.10233 8.10233
8.10233 8.27496
8.10233 8.27496
8.10233 8.10233
8.16025 8.66515
8.16025 8.27496
8.2178 8.33176
8.2178 8.33176
8.27496 8.33176
8.33176 8.33176
8.44427 8.44427
8.5 8.5
8.5 8.61043
8.5 8.61043
8.5 8.61043
8.5 8.5
8.55538 8.55538
8.55539 8.55539
8.55539 8.71954
8.61043 8.66515
8.61043 8.66515
8.61043 8.71954
8.66515 8.66515
8.66515 8.93398
8.71954 8.77362
8.77362 9.14365
8.77362 8.93398
8.93398 8.93398
8.98683 9.03939
9.34886 9.44987
9.34886 9.3995
9.34886 9.3995
9.34886 9.44987
9.3995 10.1301
9.69804 9.74695
9.84408 9.84408
9.8923 9.8923
