1.73607 1.73607
3.5 3.5
3.62311 3.62311
3.62311 3.74264
3.74264 3.74264
3.74264 3.8589
3.74264 4.08258
3.8589 3.8589
3.8589 4.19042
4.08258 4.39898
4.08258 4.08258
4.5 4.5
4.5 4.5
4.5 4.59902
4.88516 4.97723
4.88516 4.88516
4.88516 4.88516
4.88516 5.24456
5.24456 5.24456
5.24456 5.33095
5.33095 5.33095
5.5 5.5
5.5 5.66441
5.5 5.66441
5.58276 5.66441
5.58276 5.58276
5.66441 5.66441
5.66441 5.90312
5.66441 7.04983
5.82456 5.90312
5.82456 5.90312
5.82456 5.90312
5.82456 5.82456
5.90312 5.90312
5.90312 5.90312
5.90312 6.13325
5.98074 6.13325
6.13325 6.28233
6.13325 6.28233
6.2082 6.2082
6.2082 6.64143
6.28233 6.57107
6.28233 6.5
6.5 6.5
6.5 6.64143
6.57107 6.64143
6.57107 6.64143
6.57107 6.57107
6.57107 6.57107
6.57107 6.64143
6.78011 7.18115
6.78011 6.84847
6.84847 6.84847
6.98331 7.62404
6.98331 7.18115
7.37401 7.62404
7.5 7.56226
7.5 7.74621
7.62404 7.62404
