-2.33878 0.497502
-0.920397 0.91354
-0.920322 0.496789
-0.504757 0.913444
-0.502062 0.496533
-0.501218 1.23195
0.496533 0.496735
0.496903 0.497966
0.49707 0.497502
0.498766 0.913348
0.499343 0.91354
1.5 1.5
1.73607 1.73607
1.73607 1.73607
1.73607 1.73607
1.73607 1.94949
1.73607 1.73607
1.73607 1.73607
1.73607 2.32843
1.73607 1.73607
1.94949 1.94949
1.94949 2.32843
1.94949 2.32843
1.94949 1.94949
1.94949 1.94949
1.94949 1.94949
1.94949 1.94949
1.94949 1.94949
2.32843 2.5
2.32843 2.32843
2.32843 2.32843
2.32843 2.5
2.32843 2.32843
2.32843 2.32843
2.32843 2.5
2.32843 2.5
2.32843 2.32843
2.32843 2.32843
2.32843 2.32843
2.32843 2.32843
2.32843 2.5
2.32843 2.32843
2.32843 2.5
2.5 2.5
2.5 2.5
2.5 2.5
2.5 2.5
2.5 2.5
2.5 2.5
2.5 2.5
2.5 2.5
2.5 2.5
2.5 2.5
2.5 2.5
2.5 2.5
2.5 2.5
2.5 2.5
2.5 2.66228
2.5 2.5
2.5 2.66228
2.5 2.5
2.66228 2.66228
2.66228 2.66228
2.66228 2.66228
2.66228 2.66228
2.66228 2.66228
2.66228 2.66228
2.66228 2.66228
2.66228 2.66228
2.66228 2.66228
2.66228 2.81662
2.66228 2.66228
2.66228 2.66228
2.66228 2.66228
2.66228 2.66228
2.66228 2.66228
2.66228 2.66228
2.81662 3.10555
2.81662 2.81662
2.9641 2.9641
2.9641 3.10555
2.9641 2.9641
2.9641 3.24166
2.9641 2.9641
2.9641 2.9641
2.9641 3.10555
2.9641 3.24166
3.10555 3.10555
3.10555 4.08258
3.10555 3.24166
3.10555 3.10555
3.10555 3.24166
3.10555 3.10555
3.10555 3.10555
3.10555 3.10555
3.10555 3.10555
3.24166 3.24166
3.24166 3.24166
3.24166 3.24166
3.24166 3.24166
3.24166 3.24166
3.24166 3.24166
3.24166 3.24166
3.24166 3.24166
3.24166 3.24166
3.24166 3.24166
3.24166 3.24166
3.24166 3.24166
3.24166 3.62311
3.24166 3.24166
3.24166 3.62311
3.24166 3.62311
3.24166 3.74264
3.24166 3.62311
3.24166 3.24166
3.24166 3.24166
3.24166 3.5
3.24166 3.24166
3.24166 3.62311
3.24166 3.24166
3.24166 3.62311
3.5 3.5
3.5 3.5
3.5 3.5
3.5 3.5
3.5 3.97214
3.5 3.5
3.5 3.62311
3.5 3.62311
3.5 3.5
3.5 3.62311
3.5 3.62311
3.5 3.62311
3.5 3.62311
3.5 3.5
3.5 3.5
3.5 3.62311
3.62311 3.62311
3.62311 3.62311
3.62311 3.62311
3.62311 3.62311
3.62311 4.08258
3.62311 3.62311
3.62311 3.62311
3.62311 3.74264
3.62311 3.74264
3.62311 3.62311
3.62311 3.62311
3.62311 3.62311
3.62311 3.62311
3.62311 3.8589
3.62311 3.62311
3.62311 3.74264
3.62311 3.62311
3.62311 3.62311
3.62311 3.62311
3.62311 3.62311
3.62311 3.74264
3.62311 3.74264
3.62311 3.74264
3.62311 3.62311
3.62311 3.62311
3.62311 3.62311
3.62311 3.74264
3.62311 3.74264
3.62311 3.74264
3.62311 3.62311
3.62311 3.62311
3.62311 3.62311
3.62311 3.62311
3.62311 3.62311
3.62311 3.62311
3.62311 3.62311
3.62311 3.62311
3.62311 3.62311
3.62311 3.74264
3.62311 3.74264
3.62311 3.62311
3.62311 3.62311
3.62311 3.62311
3.62311 3.62311
3.62311 3.74264
3.62311 3.62311
3.62311 3.62311
3.62311 3.62311
3.62311 3.74264
3.62311 3.62311
3.74264 3.8589
3.74264 3.74264
3.74264 3.74264
3.74264 3.74264
3.74264 3.97214
3.74264 3.8589
3.74264 3.74264
3.74264 3.74264
3.74264 3.97214
3.74264 3.74264
3.74264 4.5
3.74264 4.08258
3.74264 3.8589
3.74264 3.97214
3.74264 3.74264
3.74264 3.74264
3.74264 4.69615
3.74264 3.74264
3.74264 3.74264
3.74264 3.97214
3.74264 3.74264
3.74264 3.8589
3.74264 3.74264
3.74264 3.97214
3.74264 3.97214
3.74264 3.74264
3.74264 4.19042
3.74264 3.74264
3.74264 3.74264
3.74264 3.8589
3.74264 4.59902
3.74264 3.74264
3.74264 3.97214
3.74264 3.74264
3.74264 3.97214
3.74264 3.8589
3.74264 3.8589
3.74264 3.8589
3.8589 4.19042
3.8589 3.8589
3.8589 3.97214
3.8589 3.8589
3.8589 3.97214
3.8589 3.97214
3.8589 3.8589
3.8589 3.8589
3.8589 4.08258
3.8589 3.97214
3.8589 4.88516
3.8589 4.08258
3.8589 3.8589
3.8589 3.97214
3.8589 4.39898
3.8589 3.97214
3.97214 4.19042
3.97214 4.08258
3.97214 4.08258
3.97214 4.08258
3.97214 4.08258
3.97214 3.97214
3.97214 4.08258
3.97214 4.08258
3.97214 4.08258
3.97214 4.5
3.97214 4.08258
3.97214 3.97214
3.97214 3.97214
3.97214 4.08258
3.97214 4.08258
3.97214 4.39898
3.97214 3.97214
4.08258 4.19042
4.08258 4.39898
4.08258 4.08258
4.08258 4.88516
4.08258 4.08258
4.08258 4.08258
4.08258 4.39898
4.08258 4.19042
4.08258 4.08258
4.08258 4.39898
4.08258 4.08258
4.08258 4.08258
4.08258 4.08258
4.08258 4.39898
4.08258 4.59902
4.08258 4.5
4.08258 4.08258
4.08258 4.19042
4.08258 4.39898
4.08258 4.39898
4.08258 4.08258
4.08258 4.08258
4.08258 4.39898
4.08258 4.97723
4.19042 4.19042
4.19042 4.39898
4.19042 4.97723
4.19042 4.19042
4.19042 4.19042
4.19042 4.19042
4.19042 4.19042
4.19042 4.5
4.19042 4.39898
4.19042 4.39898
4.19042 4.39898
4.19042 4.19042
4.19042 4.39898
4.19042 4.19042
4.19042 4.19042
4.39898 4.5
4.39898 4.39898
4.39898 4.39898
4.39898 4.59902
4.39898 4.39898
4.39898 4.59902
4.39898 4.5
4.39898 5.82456
4.39898 4.39898
4.39898 4.59902
4.39898 4.59902
4.39898 4.59902
4.39898 4.39898
4.39898 4.5
4.39898 4.5
4.39898 4.59902
4.39898 5.41608
4.39898 4.59902
4.39898 4.5
4.39898 4.5
4.39898 4.39898
4.39898 4.5
4.5 5.66441
4.5 4.5
4.5 4.59902
4.5 4.5
4.5 4.5
4.5 4.59902
4.5 4.5
4.5 4.59902
4.5 4.59902
4.5 4.5
4.5 4.5
4.5 4.5
4.5 4.59902
4.5 4.5
4.5 4.5
4.5 4.5
4.5 4.5
4.5 4.59902
4.5 4.5
4.5 4.59902
4.5 4.59902
4.5 4.69615
4.5 4.5
4.5 4.5
4.5 4.5
4.5 4.5
4.5 4.59902
4.5 4.5
4.5 4.5
4.5 4.5
4.5 4.59902
4.5 4.59902
4.5 4.59902
4.5 4.59902
4.5 4.5
4.5 4.5
4.5 4.59902
4.5 4.5
4.5 4.59902
4.5 4.5
4.5 4.5
4.5 4.59902
4.5 4.5
4.5 4.5
4.5 4.59902
4.5 4.5
4.5 4.5
4.5 4.59902
4.5 4.5
4.5 6.78011
4.5 4.5
4.5 4.59902
4.5 4.5
4.5 4.5
4.5 4.5
4.5 4.69615
4.5 4.5
4.5 4.5
4.5 4.5
4.5 4.59902
4.5 4.5
4.5 4.5
4.5 4.69615
4.5 4.5
4.5 4.59902
4.5 4.59902
4.5 4.5
4.5 4.5
4.5 4.5
4.5 4.5
4.5 5.58276
4.5 4.59902
4.5 4.5
4.5 4.5
4.5 4.5
4.5 4.5
4.5 4.88516
4.5 4.5
4.5 4.59902
4.5 4.5
4.5 4.59902
4.5 4.59902
4.5 6.2082
4.5 4.5
4.5 4.5
4.5 4.5
4.5 4.59902
4.5 4.5
4.59902 4.59902
4.59902 4.59902
4.59902 4.69615
4.59902 4.88516
4.59902 4.59902
4.59902 4.88516
4.59902 4.59902
4.59902 4.59902
4.59902 4.59902
4.59902 4.69615
4.59902 4.59902
4.59902 4.59902
4.59902 4.69615
4.59902 4.69615
4.59902 4.69615
4.59902 4.69615
4.59902 4.59902
4.59902 4.59902
4.59902 4.59902
4.59902 4.69615
4.59902 4.69615
4.59902 4.97723
4.59902 6.2082
4.59902 4.69615
4.59902 4.59902
4.59902 5.58276
4.59902 4.88516
4.59902 4.69615
4.59902 4.88516
4.59902 4.69615
4.59902 4.59902
4.59902 4.88516
4.59902 4.59902
4.59902 4.59902
4.59902 4.59902
4.59902 4.59902
4.59902 4.88516
4.59902 4.59902
4.59902 4.88516
4.59902 4.59902
4.59902 7.37401
4.59902 4.69615
4.59902 6.28233
4.59902 4.69615
4.59902 4.59902
4.59902 4.59902
4.59902 5.15685
4.59902 4.88516
4.59902 4.59902
4.59902 4.69615
4.59902 4.59902
4.59902 4.69615
4.59902 4.59902
4.59902 4.59902
4.59902 4.69615
4.59902 4.69615
4.59902 4.59902
4.59902 4.69615
4.59902 4.88516
4.59902 4.88516
4.69615 4.88516
4.69615 4.88516
4.69615 4.88516
4.69615 4.69615
4.69615 4.69615
4.69615 4.88516
4.69615 4.69615
4.69615 4.88516
4.69615 4.88516
4.69615 4.69615
4.69615 4.88516
4.69615 4.88516
4.69615 4.88516
4.69615 4.88516
4.69615 5.41608
4.69615 4.97723
4.69615 4.88516
4.69615 4.69615
4.69615 4.88516
4.69615 4.88516
4.69615 5.41608
4.88516 4.88516
4.88516 4.97723
4.88516 4.88516
4.88516 4.88516
4.88516 5.33095
4.88516 4.88516
4.88516 6.5
4.88516 4.88516
4.88516 5.58276
4.88516 4.97723
4.88516 4.97723
4.88516 4.88516
4.88516 4.88516
4.88516 4.88516
4.88516 5.15685
4.88516 4.88516
4.88516 4.88516
4.88516 4.97723
4.88516 4.97723
4.88516 5.15685
4.88516 4.88516
4.88516 4.88516
4.88516 4.88516
4.88516 4.88516
4.88516 4.88516
4.88516 5.33095
4.88516 5.24456
4.88516 6.13325
4.88516 5.66441
4.88516 4.97723
4.88516 4.88516
4.88516 4.88516
4.88516 5.15685
4.88516 5.66441
4.88516 4.97723
4.88516 4.97723
4.88516 4.97723
4.88516 4.88516
4.88516 5.33095
4.88516 5.15685
4.88516 4.88516
4.88516 4.88516
4.88516 4.88516
4.88516 4.88516
4.88516 4.88516
4.88516 4.97723
4.88516 4.88516
4.88516 4.88516
4.88516 4.88516
4.88516 8.44427
4.88516 4.97723
4.88516 5.24456
4.88516 5.15685
4.88516 7.04983
4.88516 4.97723
4.88516 4.88516
4.88516 4.88516
4.88516 5.33095
4.88516 4.88516
4.88516 5.24456
4.88516 4.88516
4.88516 4.97723
4.88516 4.88516
4.88516 4.88516
4.88516 4.88516
4.88516 4.88516
4.88516 4.88516
4.88516 4.97723
4.88516 4.88516
4.88516 4.97723
4.88516 5.24456
4.97723 4.97723
4.97723 5.24456
4.97723 5.24456
4.97723 4.97723
4.97723 5.33095
4.97723 5.24456
4.97723 5.15685
4.97723 5.24456
4.97723 4.97723
4.97723 5.24456
4.97723 5.33095
4.97723 4.97723
4.97723 5.24456
4.97723 4.97723
4.97723 5.41608
4.97723 5.5
4.97723 5.33095
4.97723 4.97723
4.97723 5.24456
4.97723 5.5
4.97723 7.18115
4.97723 5.24456
4.97723 5.24456
4.97723 6.5
4.97723 4.97723
4.97723 5.5
4.97723 5.24456
4.97723 5.15685
4.97723 5.66441
4.97723 5.82456
4.97723 5.24456
5.15685 5.15685
5.15685 5.33095
5.15685 5.24456
5.15685 5.33095
5.15685 5.24456
5.15685 5.24456
5.15685 5.24456
5.15685 5.24456
5.15685 5.15685
5.15685 5.24456
5.15685 5.24456
5.15685 5.24456
5.15685 5.15685
5.15685 5.33095
5.15685 5.15685
5.15685 5.15685
5.15685 6.98331
5.15685 6.57107
5.15685 5.15685
5.15685 5.15685
5.15685 5.24456
5.15685 5.33095
5.15685 5.15685
5.15685 5.15685
5.15685 5.24456
5.15685 5.24456
5.24456 5.24456
5.24456 6.13325
5.24456 5.33095
5.24456 5.33095
5.24456 5.24456
5.24456 5.33095
5.24456 5.82456
5.24456 5.33095
5.24456 6.7111
5.24456 5.33095
5.24456 5.24456
5.24456 5.24456
5.24456 5.24456
5.24456 5.24456
5.24456 5.82456
5.24456 5.24456
5.24456 5.33095
5.24456 5.24456
5.24456 5.41608
5.24456 5.5
5.24456 5.24456
5.24456 5.41608
5.24456 5.24456
5.24456 8.66515
5.24456 5.5
5.24456 5.33095
5.24456 5.5
5.24456 5.33095
5.24456 5.5
5.24456 5.33095
5.24456 5.24456
5.24456 5.66441
5.24456 6.64143
5.24456 5.41608
5.24456 5.41608
5.24456 5.24456
5.24456 5.24456
5.24456 5.33095
5.24456 5.33095
5.24456 6.98331
5.24456 5.90312
5.24456 5.33095
5.24456 5.24456
5.24456 5.24456
5.24456 5.90312
5.24456 5.24456
5.24456 5.24456
5.24456 5.33095
5.24456 6.05744
5.24456 5.33095
5.24456 5.41608
5.24456 5.24456
5.24456 7.31025
5.33095 5.41608
5.33095 5.33095
5.33095 5.33095
5.33095 5.33095
5.33095 6.05744
5.33095 5.33095
5.33095 5.33095
5.33095 5.41608
5.33095 5.33095
5.33095 5.66441
5.33095 5.66441
5.33095 5.33095
5.33095 5.41608
5.33095 5.66441
5.33095 5.33095
5.33095 6.4282
5.33095 5.5
5.33095 7.80662
5.33095 5.5
5.33095 7.56226
5.33095 5.33095
5.33095 5.33095
5.33095 7.62404
5.33095 5.5
5.33095 5.41608
5.33095 5.33095
5.33095 5.33095
5.33095 5.33095
5.33095 5.33095
5.33095 5.41608
5.33095 5.33095
5.33095 5.33095
5.33095 5.5
5.33095 5.5
5.33095 6.13325
5.33095 5.41608
5.33095 5.5
5.33095 5.33095
5.33095 5.41608
5.33095 5.66441
5.33095 5.33095
5.33095 6.5
5.33095 5.5
5.33095 5.90312
5.33095 5.41608
5.33095 5.66441
5.33095 5.33095
5.33095 5.66441
5.33095 6.13325
5.33095 5.33095
5.33095 5.33095
5.33095 5.41608
5.41608 5.41608
5.41608 5.66441
5.41608 5.41608
5.41608 5.41608
5.41608 5.66441
5.41608 5.58276
5.41608 5.41608
5.41608 5.41608
5.41608 5.66441
5.41608 5.66441
5.41608 5.41608
5.41608 5.66441
5.41608 5.82456
5.41608 5.41608
5.41608 5.5
5.41608 5.41608
5.41608 5.5
5.41608 7.31025
5.41608 5.5
5.41608 5.41608
5.41608 5.66441
5.41608 5.5
5.41608 5.41608
5.41608 5.66441
5.5 5.5
5.5 5.66441
5.5 6.2082
5.5 5.90312
5.5 5.5
5.5 5.58276
5.5 5.5
5.5 5.66441
5.5 5.5
5.5 5.5
5.5 5.66441
5.5 5.5
5.5 5.58276
5.5 5.5
5.5 5.58276
5.5 5.5
5.5 5.66441
5.5 5.66441
5.5 5.82456
5.5 5.5
5.5 5.66441
5.5 5.5
5.5 5.5
5.5 5.5
5.5 5.5
5.5 5.58276
5.58276 5.58276
5.58276 5.66441
5.58276 5.58276
5.58276 5.58276
5.58276 5.58276
5.58276 5.58276
5.58276 6.28233
5.58276 5.58276
5.58276 5.66441
5.58276 5.66441
5.58276 5.58276
5.58276 5.66441
5.58276 5.66441
5.66441 5.90312
5.66441 5.90312
5.66441 6.78011
5.66441 5.90312
5.66441 5.90312
5.66441 5.82456
5.66441 5.90312
5.66441 6.57107
5.66441 5.90312
5.66441 5.66441
5.66441 5.66441
5.66441 5.66441
5.66441 6.57107
5.66441 5.66441
5.66441 5.82456
5.66441 5.66441
5.66441 5.82456
5.66441 5.66441
5.66441 7.18115
5.66441 5.66441
5.66441 5.66441
5.66441 6.57107
5.66441 5.82456
5.66441 6.5
5.66441 5.82456
5.66441 5.90312
5.66441 6.5
5.66441 5.90312
5.66441 5.66441
5.66441 5.90312
5.66441 5.82456
5.66441 8.10233
5.66441 5.66441
5.66441 5.66441
5.66441 6.2082
5.66441 5.82456
5.66441 5.66441
5.66441 5.82456
5.66441 6.2082
5.82456 5.90312
5.82456 5.82456
5.82456 5.82456
5.82456 6.2082
5.82456 5.90312
5.82456 5.90312
5.82456 5.82456
5.82456 10.1301
5.82456 5.82456
5.82456 5.90312
5.82456 5.90312
5.82456 5.90312
5.82456 8.33176
5.82456 6.2082
5.82456 5.98074
5.82456 5.90312
5.82456 5.90312
5.82456 5.90312
5.82456 5.82456
5.82456 5.90312
5.82456 8.88083
5.82456 5.90312
5.82456 6.84847
5.82456 5.90312
5.82456 5.90312
5.82456 5.90312
5.82456 5.90312
5.90312 5.90312
5.90312 6.57107
5.90312 5.90312
5.90312 5.90312
5.90312 6.2082
5.90312 5.98074
5.90312 5.90312
5.90312 5.90312
5.90312 5.90312
5.90312 5.98074
5.90312 5.90312
5.90312 8.2178
5.90312 6.84847
5.90312 6.5
5.90312 5.90312
5.90312 7.74621
5.90312 5.98074
5.90312 5.90312
5.90312 6.4282
5.90312 5.98074
5.90312 5.98074
5.90312 5.90312
5.90312 6.05744
5.90312 5.90312
5.90312 5.98074
5.90312 7.56226
5.90312 6.05744
5.90312 5.90312
5.90312 5.90312
5.90312 5.98074
5.90312 8.93398
5.90312 5.90312
5.90312 6.5
5.90312 5.90312
5.90312 5.90312
5.90312 5.90312
5.90312 5.90312
5.90312 5.90312
5.90312 6.7111
5.90312 5.90312
5.90312 6.13325
5.90312 6.2082
5.90312 5.90312
5.90312 6.13325
5.90312 5.90312
5.90312 6.5
5.90312 5.98074
5.90312 5.90312
5.90312 9.3995
5.90312 5.90312
5.90312 5.90312
5.90312 5.90312
5.90312 5.90312
5.90312 6.05744
5.90312 5.90312
5.90312 5.90312
5.90312 5.90312
5.90312 5.90312
5.90312 5.90312
5.90312 6.5
5.90312 5.90312
5.90312 7.31025
5.90312 6.13325
5.90312 5.90312
5.90312 5.90312
5.90312 5.98074
5.90312 6.2082
5.90312 6.64143
5.90312 7.68535
5.90312 6.98331
5.90312 5.98074
5.90312 6.13325
5.90312 5.90312
5.90312 6.28233
5.90312 5.90312
5.90312 5.98074
5.90312 5.90312
5.90312 5.90312
5.90312 5.90312
5.90312 5.90312
5.90312 5.90312
5.98074 5.98074
5.98074 5.98074
5.98074 6.2082
5.98074 6.57107
5.98074 6.2082
5.98074 6.2082
5.98074 6.2082
5.98074 6.05744
5.98074 6.13325
5.98074 6.98331
5.98074 6.05744
5.98074 5.98074
5.98074 6.13325
5.98074 6.05744
5.98074 6.5
5.98074 6.2082
6.05744 6.05744
6.05744 9.14365
6.05744 6.13325
6.05744 10.1301
6.05744 6.5
6.05744 6.2082
6.05744 6.05744
6.05744 6.13325
6.05744 6.5
6.05744 6.2082
6.05744 6.13325
6.05744 6.05744
6.05744 6.2082
6.05744 6.05744
6.13325 6.13325
6.13325 6.13325
6.13325 6.5
6.13325 6.2082
6.13325 6.5
6.13325 6.2082
6.13325 6.2082
6.13325 6.2082
6.2082 6.5
6.2082 6.2082
6.2082 6.84847
6.2082 6.28233
6.2082 6.5
6.2082 6.2082
6.2082 6.2082
6.2082 9.5
6.2082 6.28233
6.2082 7.98528
6.2082 6.5
6.2082 8.10233
6.2082 6.5
6.2082 6.2082
6.2082 6.28233
6.2082 6.28233
6.2082 6.28233
6.2082 6.2082
6.2082 6.28233
6.2082 6.28233
6.2082 6.2082
6.2082 6.2082
6.2082 6.28233
6.2082 6.57107
6.2082 7.18115
6.2082 6.5
6.2082 7.56226
6.2082 7.04983
6.2082 6.98331
6.2082 6.2082
6.2082 6.2082
6.2082 6.57107
6.2082 6.2082
6.2082 6.2082
6.2082 6.2082
6.2082 6.28233
6.2082 7.31025
6.2082 6.84847
6.2082 6.2082
6.28233 8.55538
6.28233 7.37401
6.28233 6.78011
6.28233 6.28233
6.28233 6.4282
6.28233 6.4282
6.28233 6.57107
6.28233 6.5
6.28233 6.28233
6.28233 6.5
6.28233 6.5
6.28233 6.78011
6.28233 6.57107
6.28233 6.5
6.28233 6.57107
6.28233 6.4282
6.4282 6.4282
6.4282 6.4282
6.4282 6.7111
6.4282 6.84847
6.4282 6.57107
6.4282 6.5
6.4282 6.64143
6.4282 8.71954
6.4282 6.57107
6.4282 6.57107
6.4282 6.78011
6.4282 6.57107
6.5 6.7111
6.5 6.57107
6.5 6.5
6.5 6.57107
6.5 6.5
6.5 9.69804
6.5 6.57107
6.5 6.5
6.5 6.57107
6.5 6.5
6.5 6.57107
6.5 6.5
6.5 6.5
6.5 6.57107
6.5 6.5
6.5 6.5
6.5 6.57107
6.5 10.1771
6.5 6.5
6.5 6.84847
6.5 6.5
6.5 7.04983
6.5 6.5
6.5 6.78011
6.5 6.57107
6.5 6.84847
6.5 6.5
6.5 6.57107
6.5 9.34886
6.5 6.5
6.5 6.5
6.5 8.88083
6.5 6.5
6.5 6.57107
6.5 6.57107
6.5 7.04983
6.5 6.57107
6.5 6.84847
6.5 6.5
6.5 6.78011
6.5 7.5
6.5 6.5
6.5 7.11577
6.5 6.57107
6.5 6.5
6.5 6.5
6.5 7.18115
6.5 6.57107
6.5 6.64143
6.5 6.57107
6.5 6.5
6.5 6.57107
6.5 6.64143
6.5 6.57107
6.5 6.57107
6.57107 6.57107
6.57107 6.78011
6.57107 8.10233
6.57107 6.64143
6.57107 9.69804
6.57107 6.7111
6.57107 6.7111
6.57107 8.93398
6.57107 6.64143
6.57107 6.64143
6.57107 6.57107
6.57107 6.57107
6.57107 6.7111
6.57107 7.56226
6.57107 6.78011
6.57107 6.57107
6.57107 6.57107
6.57107 6.57107
6.57107 6.57107
6.57107 6.57107
6.57107 6.57107
6.57107 6.78011
6.57107 6.57107
6.57107 6.57107
6.57107 6.57107
6.57107 6.78011
6.57107 6.57107
6.57107 6.57107
6.57107 6.64143
6.57107 6.57107
6.57107 6.57107
6.57107 7.31025
6.57107 6.64143
6.57107 8.10233
6.57107 6.78011
6.57107 6.7111
6.57107 6.64143
6.57107 8.27496
6.57107 6.57107
6.57107 6.57107
6.57107 6.98331
6.57107 6.64143
6.57107 6.78011
6.57107 6.57107
6.57107 6.78011
6.57107 6.57107
6.57107 6.64143
6.57107 6.57107
6.57107 7.56226
6.57107 6.64143
6.57107 6.57107
6.57107 6.7111
6.57107 6.57107
6.57107 7.31025
6.57107 8.93398
6.57107 6.64143
6.64143 6.7111
6.64143 6.78011
6.64143 6.78011
6.64143 6.7111
6.64143 6.7111
6.64143 6.84847
6.64143 6.7111
6.64143 6.64143
6.64143 6.78011
6.64143 6.78011
6.64143 6.78011
6.64143 6.78011
6.64143 6.7111
6.64143 6.78011
6.64143 6.78011
6.64143 6.78011
6.64143 6.64143
6.64143 6.78011
6.7111 6.78011
6.7111 6.78011
6.7111 6.78011
6.7111 6.84847
6.7111 6.7111
6.7111 6.78011
6.7111 6.78011
6.7111 6.84847
6.7111 7.31025
6.7111 7.37401
6.7111 6.84847
6.7111 6.84847
6.7111 6.7111
6.7111 6.98331
6.7111 7.62404
6.7111 6.98331
6.7111 6.84847
6.7111 11.7066
6.7111 6.7111
6.7111 6.78011
6.78011 6.84847
6.78011 8.16025
6.78011 6.84847
6.78011 6.84847
6.78011 6.84847
6.78011 6.84847
6.78011 6.98331
6.78011 6.78011
6.78011 6.78011
6.78011 6.78011
6.78011 6.78011
6.78011 7.18115
6.78011 6.78011
6.78011 6.84847
6.78011 6.84847
6.78011 7.04983
6.78011 12.4615
6.78011 6.78011
6.78011 6.84847
6.78011 6.84847
6.78011 6.84847
6.78011 6.84847
6.78011 7.80662
6.78011 6.84847
6.78011 6.78011
6.78011 6.84847
6.78011 6.84847
6.78011 6.84847
6.78011 6.98331
6.78011 6.84847
6.78011 6.78011
6.78011 7.04983
6.84847 6.98331
6.84847 7.74621
6.84847 6.84847
6.84847 8.61043
6.84847 6.84847
6.84847 7.18115
6.84847 6.84847
6.84847 6.84847
6.84847 7.11577
6.84847 7.31025
6.84847 6.84847
6.84847 8.2178
6.84847 7.18115
6.84847 6.98331
6.84847 6.84847
6.84847 6.84847
6.84847 7.11577
6.84847 7.04983
6.84847 8.10233
6.84847 7.11577
6.84847 7.04983
6.84847 7.04983
6.84847 8.77362
6.84847 6.98331
6.84847 7.04983
6.84847 6.84847
6.84847 7.18115
6.84847 7.80662
6.84847 7.11577
6.84847 6.84847
6.84847 6.84847
6.98331 7.18115
6.98331 7.18115
6.98331 7.8666
6.98331 7.18115
6.98331 7.18115
6.98331 7.62404
6.98331 6.98331
6.98331 7.18115
6.98331 7.31025
6.98331 6.98331
6.98331 7.18115
6.98331 6.98331
6.98331 7.11577
6.98331 7.04983
6.98331 7.11577
6.98331 6.98331
7.04983 7.04983
7.04983 7.11577
7.04983 7.18115
7.04983 7.04983
7.04983 7.31025
7.04983 7.5
7.04983 7.68535
7.04983 7.04983
7.04983 7.56226
7.04983 7.04983
7.04983 7.11577
7.11577 7.18115
7.11577 7.18115
7.11577 7.18115
7.11577 7.37401
7.11577 7.31025
7.11577 7.18115
7.11577 7.37401
7.18115 7.18115
7.18115 7.56226
7.18115 8.44427
7.18115 7.18115
7.18115 7.31025
7.18115 7.18115
7.18115 7.37401
7.18115 7.18115
7.18115 7.18115
7.18115 7.37401
7.18115 7.31025
7.18115 7.18115
7.31025 9.34886
7.31025 9.14365
7.31025 7.8666
7.31025 7.31025
7.31025 7.31025
7.31025 7.62404
7.31025 7.37401
7.31025 7.31025
7.31025 7.37401
7.31025 7.31025
7.31025 7.56226
7.31025 7.31025
7.31025 7.31025
7.31025 8.10233
7.31025 7.37401
7.31025 7.31025
7.31025 7.37401
7.31025 7.8666
7.31025 8.61043
7.31025 7.56226
7.31025 7.31025
7.31025 7.31025
7.31025 8.77362
7.31025 7.31025
7.31025 7.31025
7.31025 7.37401
7.31025 7.56226
7.31025 7.62404
7.31025 7.31025
7.31025 8.044
7.37401 7.56226
7.37401 7.62404
7.37401 7.37401
7.37401 7.37401
7.37401 7.37401
7.37401 7.56226
7.37401 7.62404
7.37401 7.56226
7.37401 8.98683
7.37401 7.37401
7.37401 7.56226
7.37401 7.56226
7.37401 7.62404
7.37401 7.56226
7.37401 7.37401
7.37401 7.56226
7.5 9.3995
7.5 8.5
7.56226 7.56226
7.56226 7.56226
7.56226 7.56226
7.56226 7.56226
7.56226 7.62404
7.56226 7.62404
7.56226 7.62404
7.56226 7.68535
7.56226 7.56226
7.56226 8.5
7.56226 7.56226
7.56226 8.16025
7.56226 8.5
7.56226 7.56226
7.56226 8.5
7.56226 8.16025
7.56226 8.5
7.56226 7.62404
7.56226 7.56226
7.56226 7.80662
7.56226 7.98528
7.56226 7.56226
7.56226 7.56226
7.56226 7.62404
7.56226 7.56226
7.56226 9.29796
7.56226 7.56226
7.56226 7.56226
7.56226 7.56226
7.56226 7.56226
7.56226 7.74621
7.56226 8.10233
7.56226 7.80662
7.56226 7.56226
7.56226 7.56226
7.56226 7.62404
7.56226 7.56226
7.56226 7.74621
7.62404 7.62404
7.62404 7.80662
7.62404 7.68535
7.62404 7.98528
7.62404 7.68535
7.62404 7.8666
7.62404 7.74621
7.62404 7.80662
7.62404 7.80662
7.62404 7.62404
7.62404 7.80662
7.62404 7.62404
7.62404 7.62404
7.62404 7.62404
7.68535 7.74621
7.68535 7.68535
7.68535 7.80662
7.68535 7.80662
7.68535 7.74621
7.68535 7.68535
7.68535 7.68535
7.68535 7.98528
7.68535 7.80662
7.74621 7.80662
7.74621 8.61043
7.74621 8.33176
7.74621 8.16025
7.74621 7.80662
7.74621 7.8666
7.74621 7.80662
7.74621 7.8666
7.74621 7.80662
7.74621 7.98528
7.74621 7.98528
7.74621 7.74621
7.74621 8.044
7.80662 7.8666
7.80662 7.80662
7.80662 8.77362
7.80662 8.10233
7.80662 7.80662
7.80662 7.98528
7.80662 7.8666
7.80662 8.044
7.80662 8.044
7.80662 8.93398
7.80662 8.044
7.80662 7.8666
7.80662 7.8666
7.80662 8.10233
7.80662 7.8666
7.80662 7.80662
7.80662 7.80662
7.80662 7.80662
7.80662 7.98528
7.80662 7.8666
7.80662 8.16025
7.80662 7.8666
7.8666 8.10233
7.8666 8.10233
7.8666 8.16025
7.8666 7.8666
7.8666 8.10233
7.8666 8.10233
7.8666 8.044
7.98528 8.044
7.98528 8.10233
7.98528 8.044
7.98528 7.98528
7.98528 7.98528
7.98528 9.3995
7.98528 8.55539
7.98528 8.16025
7.98528 7.98528
7.98528 7.98528
7.98528 8.044
7.98528 7.98528
7.98528 7.98528
7.98528 8.10233
7.98528 8.10233
8.044 9.19536
8.044 8.10233
8.044 8.10233
8.044 8.10233
8.044 8.10233
8.044 8.10233
8.044 8.10233
8.044 8.10233
8.044 8.2178
8.044 8.044
8.044 8.10233
8.044 8.044
8.044 8.10233
8.10233 9.79563
8.10233 8.16025
8.10233 8.5
8.10233 8.10233
8.10233 8.10233
8.10233 8.44427
8.10233 8.33176
8.10233 9.94031
8.10233 8.93398
8.10233 8.10233
8.16025 8.27496
8.16025 9.5
8.16025 8.2178
8.16025 8.77362
8.16025 8.16025
8.16025 8.16025
8.16025 8.33176
8.16025 8.16025
8.16025 8.27496
8.16025 8.2178
8.16025 8.27496
8.2178 8.27496
8.27496 8.44427
8.27496 8.27496
8.27496 8.5
8.27496 8.27496
8.27496 8.27496
8.27496 8.55538
8.27496 8.5
8.27496 8.27496
8.27496 8.44427
8.27496 8.33176
8.33176 8.44427
8.33176 9.34886
8.33176 8.55538
8.33176 8.44427
8.33176 8.5
8.33176 8.5
8.33176 8.61043
8.44427 8.44427
8.44427 8.44427
8.44427 8.98683
8.44427 9.19536
8.44427 8.44427
8.44427 8.5
8.44427 8.61043
8.44427 8.5
8.44427 8.71954
8.44427 8.5
8.44427 8.5
8.5 8.5
8.5 8.93398
8.5 8.66515
8.5 8.5
8.5 8.66515
8.5 8.5
8.5 8.93398
8.5 8.55538
8.5 8.55539
8.5 8.55539
8.5 8.55538
8.5 8.5
8.5 8.5
8.5 8.5
8.5 10.3167
8.5 8.5
8.55538 8.77362
8.55539 8.66515
8.55539 8.55539
8.55539 8.66515
8.55539 8.55539
8.55539 8.71954
8.55539 8.61043
8.55539 8.55539
8.61043 8.77362
8.61043 8.71954
8.61043 8.93398
8.61043 8.71954
8.61043 8.61043
8.61043 8.77362
8.66515 8.71954
8.66515 8.93398
8.66515 8.71954
8.66515 8.88083
8.66515 8.77362
8.66515 9.44987
8.66515 8.71954
8.66515 10.5454
8.71954 8.71954
8.71954 8.77362
8.71954 8.77362
8.71954 8.71954
8.71954 8.93398
8.71954 8.71954
8.71954 8.71954
8.71954 8.77362
8.77362 9.19536
8.77362 8.93398
8.77362 8.93398
8.77362 9.79563
8.77362 9.84408
8.77362 8.93398
8.77362 9.14365
8.77362 8.77362
8.77362 8.77362
8.77362 8.77362
8.77362 8.77362
8.77362 8.77362
8.88083 8.88083
8.88083 8.98683
8.93398 10.725
8.93398 9.94031
8.93398 8.93398
8.93398 8.93398
8.93398 8.93398
8.93398 8.93398
8.93398 8.93398
8.93398 9.3995
8.93398 9.14365
8.93398 9.03939
8.93398 8.93398
8.93398 8.98683
8.93398 8.98683
8.93398 8.93398
8.93398 8.93398
8.98683 9.03939
8.98683 8.98683
8.98683 9.14365
8.98683 8.98683
8.98683 8.98683
8.98683 8.98683
9.03939 9.03939
9.03939 9.03939
9.03939 9.19536
9.14365 9.19536
9.19536 9.34886
9.19536 9.19536
9.19536 11.5416
9.19536 9.84408
9.19536 9.54988
9.29796 9.74695
9.29796 9.54988
9.34886 9.3995
9.34886 9.54988
9.34886 9.3995
9.34886 9.34886
9.3995 9.3995
9.3995 9.3995
9.3995 9.54988
9.3995 9.54988
9.3995 9.54988
9.3995 9.3995
9.3995 9.3995
9.3995 9.3995
9.44987 9.44987
9.44987 9.54988
9.5 9.5
9.5 9.54988
9.5 9.5
9.54988 9.54988
9.54988 9.54988
9.54988 9.54988
9.54988 9.54988
9.54988 9.74695
9.54988 9.5995
9.54988 9.74695
9.5995 9.74695
9.59951 9.69804
9.59951 9.69804
9.74695 9.8923
9.74695 9.74695
9.94031 11.5416
9.94031 9.98809
9.98809 9.98809
9.98809 10.6803
10.1301 10.1301
10.1771 10.6803
10.1771 10.3628
10.1771 10.2703
10.2238 10.8137
10.2703 10.3167
10.2703 10.3167
10.2703 10.3167
10.8137 10.8137
10.8137 10.8137
11.0758 13.4284
11.1619 11.1619
11.2047 11.2047
11.2047 11.2473
11.8288 11.8693
11.9499 12.1886
