-1.50351 0.498966
-0.91923 0.91326
1.73607 1.73607
1.73607 1.73607
1.94949 1.94949
2.5 2.5
2.5 2.66228
2.5 2.5
2.5 2.5
2.66228 2.66228
3.10555 3.10555
3.10555 3.24166
3.10555 3.24166
3.24166 3.74264
3.24166 3.24166
3.5 3.5
3.5 3.62311
3.5 3.5
3.5 3.5
3.5 3.62311
3.5 3.62311
3.5 3.62311
3.5 3.5
3.5 3.62311
3.62311 3.62311
3.62311 3.62311
3.62311 3.62311
3.62311 3.62311
3.62311 3.62311
3.62311 3.62311
3.62311 3.62311
3.62311 3.62311
3.62311 3.62311
3.62311 3.74264
3.62311 3.74264
3.62311 3.62311
3.62311 3.74264
3.74264 3.74264
3.74264 3.97214
3.74264 3.74264
3.74264 3.74264
3.74264 3.8589
3.74264 3.74264
3.74264 3.74264
3.74264 3.8589
3.74264 4.08258
3.74264 4.08258
3.74264 3.74264
3.74264 3.74264
3.8589 3.97214
3.8589 3.97214
3.8589 3.8589
3.97214 3.97214
3.97214 3.97214
3.97214 3.97214
3.97214 5.24456
3.97214 3.97214
3.97214 3.97214
3.97214 3.97214
3.97214 3.97214
4.08258 4.08258
4.08258 4.19042
4.08258 4.08258
4.08258 4.19042
4.08258 4.08258
4.08258 4.39898
4.08258 4.39898
4.08258 4.08258
4.08258 4.39898
4.19042 4.19042
4.19042 4.19042
4.19042 4.39898
4.39898 4.39898
4.39898 4.5
4.39898 4.39898
4.39898 4.59902
4.5 4.5
4.5 4.59902
4.5 4.5
4.5 4.5
4.5 4.59902
4.5 4.5
4.5 4.5
4.5 4.5
4.5 4.5
4.5 4.5
4.5 4.88516
4.5 4.5
4.5 4.59902
4.5 4.5
4.5 4.5
4.5 4.5
4.5 4.59902
4.59902 4.59902
4.59902 4.59902
4.59902 4.59902
4.59902 4.59902
4.59902 4.59902
4.59902 4.59902
4.59902 4.69615
4.69615 4.88516
4.69615 4.88516
4.69615 4.88516
4.88516 5.41608
4.88516 4.88516
4.88516 4.88516
4.88516 4.88516
4.88516 5.15685
4.88516 4.97723
4.88516 5.33095
4.88516 4.88516
4.88516 4.88516
4.88516 4.88516
4.97723 6.05744
4.97723 4.97723
4.97723 4.97723
5.15685 5.24456
5.15685 5.82456
5.15685 5.15685
5.15685 5.33095
5.15685 5.24456
5.24456 5.33095
5.24456 5.24456
5.24456 5.24456
5.24456 5.24456
5.24456 5.90312
5.24456 5.33095
5.24456 5.5
5.24456 5.24456
5.33095 5.33095
5.33095 5.41608
5.33095 5.41608
5.33095 5.41608
5.33095 5.33095
5.33095 5.90312
5.33095 5.41608
5.33095 5.33095
5.33095 5.33095
5.33095 5.33095
5.41608 5.5
5.41608 5.66441
5.41608 5.90312
5.41608 5.41608
5.41608 5.41608
5.41608 5.66441
5.41608 5.5
5.5 5.58276
5.5 6.57107
5.5 5.5
5.58276 5.58276
5.58276 5.66441
5.58276 5.66441
5.66441 5.66441
5.66441 6.5
5.66441 7.56226
5.66441 5.66441
5.66441 5.90312
5.66441 6.57107
5.82456 5.82456
5.82456 5.90312
5.82456 5.90312
5.82456 5.82456
5.82456 5.82456
5.90312 6.05744
5.90312 5.90312
5.90312 5.98074
5.90312 5.90312
5.90312 7.31025
5.90312 6.84847
5.90312 5.90312
5.90312 5.98074
5.90312 6.2082
5.90312 6.05744
5.90312 5.90312
5.90312 5.90312
5.90312 5.90312
5.90312 5.90312
5.90312 5.90312
5.90312 5.90312
5.90312 5.90312
5.98074 5.98074
5.98074 6.2082
5.98074 6.2082
6.05744 6.13325
6.13325 6.13325
6.2082 6.28233
6.2082 6.57107
6.2082 6.2082
6.2082 6.2082
6.2082 6.5
6.2082 6.2082
6.2082 6.5
6.2082 6.28233
6.2082 8.10233
6.2082 8.98683
6.2082 6.2082
6.2082 6.5
6.2082 8.5
6.2082 6.5
6.2082 6.2082
6.28233 6.28233
6.28233 8.2178
6.28233 6.84847
6.28233 6.5
6.28233 6.5
6.4282 6.5
6.4282 6.5
6.4282 6.4282
6.5 6.5
6.5 6.78011
6.5 6.57107
6.5 6.5
6.5 7.37401
6.5 6.64143
6.5 6.57107
6.5 6.57107
6.57107 6.57107
6.57107 6.57107
6.57107 6.57107
6.57107 6.57107
6.57107 6.57107
6.57107 6.57107
6.57107 6.57107
6.57107 6.57107
6.57107 6.84847
6.57107 6.57107
6.57107 6.64143
6.64143 8.71954
6.64143 6.64143
6.64143 7.18115
6.64143 6.84847
6.64143 6.78011
6.64143 8.55539
6.64143 6.7111
6.64143 8.044
6.64143 6.64143
6.7111 6.84847
6.7111 6.7111
6.78011 6.78011
6.78011 7.31025
6.78011 6.84847
6.78011 6.78011
6.78011 6.78011
6.78011 6.78011
6.78011 6.84847
6.78011 6.84847
6.78011 6.84847
6.84847 6.84847
6.84847 7.18115
6.84847 7.04983
6.84847 7.31025
6.84847 6.98331
6.84847 7.04983
6.84847 6.84847
6.84847 6.98331
6.84847 6.98331
6.84847 7.8666
6.84847 7.04983
6.84847 7.04983
6.84847 6.84847
6.84847 6.98331
6.84847 14.5333
6.84847 6.84847
6.84847 7.04983
6.84847 6.84847
6.84847 7.18115
6.84847 7.04983
6.84847 6.84847
6.98331 7.62404
6.98331 7.31025
6.98331 7.18115
6.98331 7.18115
7.04983 7.04983
7.04983 7.31025
7.04983 7.18115
7.11577 8.61043
7.11577 7.37401
7.11577 7.18115
7.11577 7.18115
7.11577 7.18115
7.11577 7.11577
7.11577 7.11577
7.18115 7.31025
7.18115 7.31025
7.18115 7.18115
7.31025 7.68535
7.31025 7.31025
7.31025 7.31025
7.31025 7.31025
7.31025 7.56226
7.31025 7.37401
7.31025 7.56226
7.31025 7.80662
7.31025 7.80662
7.31025 7.56226
7.31025 7.37401
7.37401 7.37401
7.37401 7.37401
7.37401 7.56226
7.5 10.1301
7.5 7.5
7.5 7.56226
7.56226 7.56226
7.56226 8.61043
7.56226 7.56226
7.56226 7.68535
7.56226 7.62404
7.56226 7.56226
7.56226 7.80662
7.56226 7.74621
7.56226 7.80662
7.56226 7.62404
7.56226 7.80662
7.56226 8.93398
7.56226 7.56226
7.56226 7.62404
7.62404 7.62404
7.62404 7.74621
7.62404 8.10233
7.62404 7.80662
7.62404 7.62404
7.62404 7.62404
7.62404 7.74621
7.68535 8.16025
7.68535 7.74621
7.74621 7.80662
7.74621 7.80662
7.74621 7.80662
7.74621 7.80662
7.80662 8.10233
7.80662 7.8666
7.80662 8.10233
7.80662 8.044
7.80662 7.80662
7.8666 8.55539
7.8666 8.10233
7.8666 7.8666
7.8666 9.79563
7.98528 8.16025
7.98528 8.10233
7.98528 9.98809
7.98528 7.98528
7.98528 8.044
7.98528 8.10233
7.98528 8.044
7.98528 8.044
8.044 8.044
8.044 8.27496
8.044 8.044
8.044 8.93398
8.10233 8.27496
8.10233 8.10233
8.10233 8.27496
8.10233 8.27496
8.10233 8.27496
8.10233 8.10233
8.10233 8.10233
8.27496 9.19536
8.27496 8.44427
8.27496 8.55538
8.33176 8.5
8.44427 8.5
8.44427 8.5
8.5 8.5
8.61043 8.71954
8.71954 8.93398
8.77362 9.34886
8.77362 8.77362
8.88083 8.93398
8.88083 8.93398
8.93398 8.93398
8.93398 8.98683
8.98683 8.98683
8.98683 9.19536
9.14365 9.14365
9.34886 9.3995
9.34886 9.3995
9.3995 9.74695
9.3995 9.3995
9.3995 9.3995
9.5 9.54988
9.54988 9.54988
9.54988 9.54988
9.69804 9.74695
9.69804 9.74695
9.74695 10.1301
9.8923 9.98809
9.94031 10.2238
9.94031 9.98809
10.2703 10.2703
10.5905 10.5905
10.6803 10.6803
10.6803 10.725
10.6803 10.725
10.9018 10.9455
12.03 12.0698
12.5 12.5767
12.5384 12.5384
12.8041 12.8417
12.8417 12.8791
12.8417 13.1748
12.9907 13.1015
13.3564 13.3564
13.4284 13.9914
13.4284 13.6774
13.5357 13.5357
13.7829 13.7829
13.9568 13.9568
14.0602 14.2648
14.3661 14.3997
