-6.73351 -6.73316
-6.59283 -6.5217
-6.52197 -6.52179
-6.52122 -6.30393
-6.29623 -6.22886
-6.00046 -5.92319
-5.92163 -5.68323
-5.92159 -5.68346
-5.83745 -5.83737
-5.68338 -5.68321
-5.68286 -5.43439
-5.68274 -5.43428
-5.68274 -5.26242
-5.68262 -5.68258
-5.68252 -5.60126
-5.60047 -5.51209
-5.6004 -5.43322
-5.59501 -5.51245
-5.51785 -5.43431
-5.51778 -5.43365
-5.51772 -5.43425
-5.43402 -5.26256
-5.34835 -5.34826
-5.34787 -5.26222
-5.34733 -4.90175
-5.26178 -4.99433
-5.26169 -4.99423
-5.26146 -4.99421
-5.26142 -4.99423
-5.26107 -4.90183
-5.17342 -4.99428
-5.17289 -4.90136
-4.99395 -4.90179
-4.9937 -4.90145
-4.9937 -4.90177
-4.99362 -4.90133
-4.99333 -4.90093
-4.90126 -4.51522
-4.90089 -4.51521
-4.71198 -4.61488
-4.71198 -4.71186
-4.71141 -4.61452
-4.61411 -4.51495
-4.61405 -4.51542
-4.61405 -4.51542
-4.61375 -4.41396
-4.51459 -4.41402
-4.51291 -3.5112
-4.50995 -4.50673
-4.5093 -4.50927
-4.50924 -4.50924
-4.41349 -4.09673
-4.41349 -4.20434
-4.41312 -4.20436
-4.20444 -4.20426
-4.20374 -3.87196
-4.2034 -4.0961
-4.20318 -1.9559
-4.19914 -3.51046
-4.09585 -3.98571
-4.09573 -3.87193
-4.09561 -3.75542
-4.09559 -3.75542
-4.09559 -3.7554
-4.09551 -3.75549
-4.09514 -3.63532
-3.98436 -3.63542
-3.98416 -3.75529
-3.98008 -3.63492
-3.8713 -3.75494
-3.87118 -3.75513
-3.87113 -3.63525
-3.87112 -3.75499
-3.87107 -3.75515
-3.87076 -3.63482
-3.75487 -3.63566
-3.63519 -3.63499
-3.63519 -3.63508
-3.63506 -3.63494
-3.63495 -3.63492
-3.63488 -3.63486
-3.63463 -3.63443
-3.63463 -3.63444
-3.63461 -3.25269
-3.63454 -3.25286
-3.63454 -3.51146
-3.63447 -3.25292
-3.63427 -3.25261
-3.63424 -3.25273
-3.63423 -3.25274
-3.63419 -3.25252
-3.63419 -3.25241
-3.63415 -3.51144
-3.63407 -3.25274
-3.63397 -2.97432
-3.63397 -3.25219
-3.63396 -3.2524
-3.63395 -3.25264
-3.63373 -3.25267
-3.63368 -3.25231
-3.63359 -3.51112
-3.63351 -3.25259
-3.6335 -3.51099
-3.63118 -3.51187
-3.63117 -3.51189
-3.63071 -3.50718
-3.51058 -3.2525
-3.51054 -3.5105
-3.51029 -3.25249
-3.25244 -3.25232
-3.25235 -3.11581
-3.25233 -3.25218
-3.2521 -3.25182
-3.25209 -2.97426
-3.25205 -3.11624
-3.25201 -3.11639
-3.25195 -2.9742
-3.25194 -2.97429
-3.25193 -3.11554
-3.25193 -3.11594
-3.25193 -2.97428
-3.25189 -2.97391
-3.25188 -3.25177
-3.25185 -2.97385
-3.25175 -2.97373
-3.25173 -2.97378
-3.25173 -3.1154
-3.25167 -3.11609
-3.25167 -2.82602
-3.25167 -2.97367
-3.25167 -3.1161
-3.25157 -3.11579
-3.25148 -3.11589
-3.25135 -2.82653
-3.11568 -2.97418
-3.11537 -2.97396
-3.11531 -2.97381
-3.11528 -3.1151
-3.11519 -2.9741
-3.11518 -2.97365
-3.11498 -2.82638
-3.11496 -2.82642
-2.97381 -2.82592
-2.97377 -2.82565
-2.97376 -2.82593
-2.9737 -2.826
-2.97364 -2.97342
-2.97361 -2.97348
-2.97351 -2.82584
-2.97343 -2.82579
-2.97342 -2.8258
-2.97342 -2.82575
-2.97339 -2.82586
-2.97334 -2.97329
-2.97331 -2.50867
-2.97331 -2.50842
-2.9733 -2.82568
-2.97322 -2.8258
-2.97317 -2.50877
-2.97305 -2.82561
-2.97304 -2.67132
-2.82618 -2.82575
-2.82598 -2.67123
-2.82594 -2.67153
-2.8258 -2.82579
-2.82577 -2.67119
-2.8256 -2.67116
-2.82558 -2.50854
-2.82556 -2.67136
-2.82554 -2.67112
-2.8255 -2.67106
-2.82544 -2.50862
-2.82541 -2.67135
-2.82539 -2.67145
-2.82538 -2.5084
-2.82532 -2.50847
-2.82532 -2.50864
-2.82531 -2.50875
-2.82531 -2.50859
-2.8253 -2.50848
-2.82525 -2.5085
-2.8252 -2.50867
-2.8251 -2.6713
-2.82509 -2.50833
-2.82503 -2.50839
-2.82498 -2.67139
-2.82492 -2.67121
-2.82473 -2.67102
-2.67119 -2.67117
-2.6709 -2.50863
-2.67066 -2.50856
-2.67064 -2.5082
-2.67047 -2.50833
-2.67046 -2.50836
-2.67034 -2.50782
-2.67019 -2.50832
-2.67017 -2.50813
-2.67016 -2.33529
-2.67014 -1.50478
-2.67004 -2.50801
-2.66966 -1.95609
-2.66782 -2.50554
-2.66762 -1.95663
-2.50845 -2.50843
-2.50844 -2.50839
-2.5084 -2.50806
-2.50834 -2.33657
-2.50831 -2.5081
-2.50809 -2.50783
-2.50806 -2.50785
-2.50797 -2.33658
-2.50786 -2.33612
-2.50784 -2.33674
-2.50779 -2.50763
-2.50777 -2.50746
-2.50775 -2.33618
-2.50775 -2.33586
-2.50773 -2.33599
-2.50769 -2.33553
-2.50768 -2.33623
-2.50768 -2.50759
-2.50767 -2.33582
-2.50767 -2.50765
-2.50764 -2.33614
-2.50761 -2.50749
-2.50761 -2.33604
-2.50757 -2.33611
-2.50756 -2.33637
-2.50754 -2.33567
-2.5075 -1.95638
-2.50748 -2.33625
-2.50746 -1.95617
-2.50744 -2.33616
-2.50742 -2.3356
-2.50742 -2.33592
-2.50739 -1.95627
-2.50738 -1.95662
-2.50738 -2.33587
-2.50734 -2.33573
-2.50732 -2.336
-2.50725 -1.95651
-2.50725 -1.95638
-2.50725 -2.33602
-2.50722 -2.33627
-2.50721 -1.95616
-2.50721 -1.95627
-2.50719 -1.95644
-2.50719 -1.95625
-2.50707 -2.33598
-2.50705 -2.33592
-2.50698 -2.33584
-2.50697 -2.33581
-2.50687 -2.33548
-2.50686 -2.33527
-2.50656 -2.33573
-2.50641 4.88516
-2.50517 -2.33594
-2.50484 -2.33315
-2.50474 -2.33332
-2.50458 2.81662
-2.50445 0.499487
-2.50413 4.08258
-2.33571 -2.33538
-2.3357 -2.3357
-2.33568 -1.95641
-2.33568 -2.33546
-2.33553 -2.33526
-2.33542 -1.95617
-2.33541 -2.3352
-2.33539 -2.33324
-2.33538 -1.9561
-2.33527 -2.33519
-2.33515 -1.23664
-2.33514 -1.95622
-2.33504 -1.956
-2.33495 -1.95611
-2.3349 -1.95641
-2.33483 -1.95619
-2.3348 -1.95628
-2.33476 -1.95596
-2.3346 -1.95553
-2.33459 -1.74238
-2.33459 -1.9561
-2.33291 -1.74226
-1.95635 -1.95619
-1.95602 -1.95596
-1.956 -1.95569
-1.956 -1.95565
-1.95591 -1.95553
-1.95591 -1.74236
-1.95583 -1.95557
-1.95564 -1.95554
-1.95564 -1.74242
-1.95562 -1.74193
-1.95553 -1.74195
-1.95552 3.24166
-1.95537 -1.74175
-1.95535 -1.74203
-1.95533 -1.74173
-1.95533 -1.74201
-1.95517 -1.74172
-1.95517 -1.74184
-1.95515 -1.74181
-1.9551 -1.74148
-1.95504 -1.74138
-1.95499 -1.74132
-1.95498 -1.7412
-1.95495 -1.74158
-1.95493 -1.74138
-1.95493 3.24166
-1.9549 -1.74137
-1.9549 -1.74137
-1.95483 -1.23675
-1.95483 -1.23685
-1.9548 -1.74161
-1.95477 -1.74164
-1.95432 -1.74112
-1.95333 1.73607
-1.74139 -1.74137
-1.74134 -1.74121
-1.74122 -1.50516
-1.74108 -1.50534
-1.74102 -1.73955
-1.74055 -1.2365
-1.74047 -1.23663
-1.50402 -1.23612
-1.50392 -1.23596
-1.50362 -1.23592
-1.50242 4.08258
-1.23629 -1.23607
-1.2359 -0.91841
-1.23582 -0.91811
-1.23558 -0.917467
-1.23558 -0.917646
-0.916607 1.23192
-0.500951 1.5
-0.50062 2.66228
-0.500513 0.914149
0.499679 4.97723
0.914021 2.66228
0.914085 0.914085
0.914149 0.914149
1.5 2.32843
1.5 1.73607
1.73607 1.73607
1.73607 2.32843
1.94949 2.66228
1.94949 2.5
1.94949 2.32843
1.94949 2.32843
2.32843 2.5
2.32843 2.5
2.32843 2.32843
2.32843 2.5
2.32843 2.5
2.32843 2.32843
2.32843 2.5
2.32843 2.5
2.5 2.66228
2.5 2.5
2.5 2.5
2.5 2.5
2.5 2.5
2.5 2.5
2.5 2.66228
2.5 3.24166
2.5 2.66228
2.5 2.5
3.10555 3.10555
3.10555 3.10555
3.24166 3.62311
3.24166 3.8589
3.24166 3.24166
3.24166 3.62311
3.24166 3.24166
3.5 6.57107
3.62311 3.62311
3.62311 3.62311
3.62311 3.62311
3.62311 3.62311
3.62311 3.74264
3.62311 3.62311
3.74264 3.74264
3.74264 3.74264
3.74264 4.08258
3.74264 3.74264
3.8589 3.8589
3.97214 3.97214
3.97214 4.08258
4.08258 4.5
4.08258 4.39898
4.08258 4.19042
4.08258 4.39898
4.08258 4.39898
4.08258 4.08258
4.08258 4.19042
4.19042 4.19042
4.19042 4.39898
4.19042 4.39898
4.19042 4.39898
4.19042 4.39898
4.39898 4.5
4.5 4.5
4.5 4.5
4.5 4.5
4.5 4.5
4.5 4.5
4.5 4.59902
4.5 4.5
4.5 4.5
4.5 4.5
4.5 4.59902
4.5 4.59902
4.5 4.5
4.59902 4.88516
4.59902 4.88516
4.59902 4.59902
4.59902 4.88516
4.59902 4.69615
4.59902 6.57107
4.69615 4.88516
4.69615 4.88516
4.69615 4.88516
4.69615 4.69615
4.69615 4.88516
4.69615 4.88516
4.69615 4.88516
4.69615 4.69615
4.88516 4.97723
4.88516 4.88516
4.88516 4.88516
4.88516 4.97723
4.88516 4.88516
4.88516 4.88516
4.88516 4.88516
4.88516 4.88516
4.88516 4.88516
4.88516 4.88516
4.97723 5.15685
5.15685 5.15685
5.15685 5.15685
5.24456 5.24456
5.24456 5.41608
5.33095 5.90312
5.33095 5.41608
5.33095 5.33095
5.33095 5.33095
5.41608 5.41608
5.5 5.5
5.58276 5.66441
5.58276 5.66441
5.58276 6.5
5.82456 5.90312
5.82456 5.82456
5.90312 5.98074
5.90312 5.90312
5.90312 5.90312
5.90312 5.90312
5.90312 5.90312
5.98074 6.28233
5.98074 6.2082
6.05744 6.13325
6.13325 6.28233
6.2082 6.28233
6.2082 6.2082
6.2082 6.28233
6.5 6.5
6.5 6.57107
6.5 7.31025
6.5 6.5
6.5 6.5
6.5 6.5
6.5 6.5
6.5 6.5
6.57107 6.57107
6.57107 6.64143
6.57107 6.57107
6.57107 6.64143
6.57107 6.57107
6.78011 6.78011
6.78011 6.84847
6.78011 6.84847
6.84847 6.98331
6.84847 6.84847
6.84847 6.98331
6.98331 7.04983
7.11577 7.18115
7.18115 7.37401
7.37401 7.37401
7.74621 7.80662
8.10233 8.71954
8.10233 8.10233
8.55539 8.61043
8.66515 8.93398
8.93398 8.98683
8.93398 8.93398
8.93398 8.93398
8.98683 9.03939
9.03939 9.14365
