-10.7586 -10.7143
-10.7128 -10.7127
-10.5781 -10.3494
-10.5778 -10.3954
-10.5323 -10.2091
-10.349 -10.2093
-10.3488 -10.3485
-10.3485 -9.97186
-10.3022 -10.2089
-10.2552 -9.97181
-10.2083 -10.0193
-10.1618 -10.0198
-10.1614 -9.82683
-10.0193 -9.87509
-10.0192 -9.87533
-9.87446 -9.72863
-9.87437 -9.58
-9.87434 -9.58025
-9.87431 -9.82638
-9.57974 -9.42901
-9.57947 -9.37824
-9.57942 -9.42909
-9.57933 -9.47968
-9.57923 -9.22458
-9.57873 -9.37789
-9.47888 -9.42897
-9.42878 -9.17256
-9.37779 -9.17232
-9.37772 -9.17229
-9.32693 -9.22418
-9.32693 -8.96242
-9.22396 -8.96215
-9.22374 -9.06799
-9.22372 -8.96211
-9.17211 -8.96212
-9.17211 -9.01512
-9.17181 -8.96185
-9.01484 -8.96176
-9.01478 -8.96232
-8.96181 -8.9085
-8.96149 -8.69261
-8.801 -8.74717
-8.80075 -8.69235
-8.79185 -8.74692
-8.7463 -8.63689
-8.74594 -8.12789
-8.7458 -8.47061
-8.74562 -8.12791
-8.63708 -8.35819
-8.63686 -8.52685
-8.63652 -8.58154
-8.58191 -8.52698
-8.58167 -8.52703
-8.5814 -8.12814
-8.52668 -8.4709
-8.52644 -8.462
-8.52634 -8.47092
-8.52633 -8.35811
-8.52589 -8.47033
-8.5172 -8.47016
-8.46947 -8.06936
-8.3579 -8.30067
-8.35759 -8.30102
-8.3008 -8.12774
-8.3001 -8.12816
-8.12769 -8.06939
-8.12709 -8.00993
-8.11899 -8.06088
-8.06787 -7.83102
-8.00919 -7.77047
-7.83102 -7.64824
-7.77031 -7.6483
-7.76987 -7.64785
-7.76973 -7.64801
-7.70857 -7.39734
-7.64801 -7.64791
-7.64799 -7.64781
-7.64799 -7.64784
-7.64788 -7.58624
-7.64761 -7.58639
-7.64759 -7.58617
-7.64678 -7.58611
-7.64665 -7.58599
-7.58526 -7.33311
-7.58484 -7.33284
-7.57781 -7.51572
-7.38905 -7.13072
-7.3322 -7.07218
-7.33192 -7.13772
-7.20369 -7.20366
-7.20363 -7.1382
-7.20351 -7.20343
-7.07191 -7.07186
-7.07191 -7.07182
-7.07124 -6.87003
-6.86964 -6.79431
-6.86943 -6.66251
-6.86938 -6.80105
-6.80106 -6.73201
-6.80019 -6.59161
-6.73122 -6.52039
-6.73101 -6.59094
-6.662 -6.59184
-6.66174 -6.59151
-6.66171 -6.59146
-6.66167 -6.59152
-6.59148 -6.52075
-6.59126 -6.59123
-6.58473 -6.52041
-6.51989 -6.22769
-6.51988 -6.30214
-6.51978 -6.30216
-6.51973 -6.15277
-6.5197 -6.30216
-6.51969 -6.30207
-6.51964 -6.30232
-6.51951 -6.15266
-6.51907 -6.51902
-6.51905 -6.22754
-6.51312 -6.51307
-6.51299 -6.15251
-6.44731 -6.22733
-6.30195 -6.22128
-6.30186 -6.22122
-6.30172 -6.15259
-6.30147 -6.22788
-6.30145 -6.22749
-6.30121 -6.15204
-6.22741 -6.15247
-6.22734 -6.22732
-6.22656 -5.92165
-6.15221 -6.07629
-6.15216 -5.92184
-6.15197 -5.99926
-6.15193 -5.92168
-6.15137 -5.92139
-6.15131 -5.92168
-6.07609 -5.92135
-6.07594 -5.99914
-6.07577 -5.6825
-6.07529 -5.92127
-5.99945 -5.92199
-5.9993 -5.92179
-5.99924 -5.91546
-5.99923 -5.92177
-5.99923 -5.92174
-5.99923 -5.92161
-5.99905 -5.68231
-5.99899 -5.9217
-5.99884 -5.84301
-5.99882 -5.84307
-5.92148 -5.92125
-5.92137 -5.43326
-5.92132 -5.92116
-5.92122 -5.68249
-5.92113 -5.51747
-5.92111 -5.68258
-5.92101 -5.92097
-5.921 -5.43326
-5.92091 -5.84231
-5.92087 -5.51737
-5.92087 -5.51734
-5.92087 -5.51724
-5.92087 -5.51734
-5.92085 -5.51731
-5.9208 -5.84289
-5.92074 -5.6822
-5.92051 -5.84258
-5.92047 -5.84293
-5.92034 -5.68235
-5.92026 -5.68183
-5.92022 -5.68204
-5.842 -5.43297
-5.84199 -5.60022
-5.84192 -5.68211
-5.84191 -5.51735
-5.84187 -5.6824
-5.84158 -5.68211
-5.84129 -5.60003
-5.68196 -5.60068
-5.68196 -5.6005
-5.68181 -5.60024
-5.68166 -5.60032
-5.68159 -5.60026
-5.68159 -5.43308
-5.68152 -5.34792
-5.68149 -5.43303
-5.68146 -5.60064
-5.6814 -5.43319
-5.68138 -5.26109
-5.68129 -5.51722
-5.68126 -5.68123
-5.68117 -5.59988
-5.68112 -5.43271
-5.68106 -5.59979
-5.681 -5.43328
-5.68092 -5.51738
-5.59997 -5.59963
-5.59976 -5.59946
-5.59974 -5.43303
-5.59971 -5.51731
-5.59967 -5.51745
-5.5992 -5.43325
-5.59918 -5.5169
-5.59908 -5.43194
-5.51714 -5.51713
-5.51705 -5.26117
-5.5169 -5.43315
-5.51653 -5.43296
-5.51645 -5.43234
-5.5164 -5.34775
-5.5164 -5.4329
-5.51593 -5.51575
-5.51117 -5.51084
-5.51075 -5.51075
-5.43271 -5.34752
-5.43257 -5.34723
-5.43254 -5.34764
-5.4325 -5.34769
-5.43249 -5.43243
-5.43247 -5.34768
-5.43246 -5.34739
-5.43242 -5.4323
-5.43201 -5.26055
-5.4317 -5.34712
-5.3475 -5.2609
-5.34706 -5.34698
-5.34705 -5.34691
-5.34667 -5.17271
-5.34665 -4.99301
-5.34611 -4.90051
-5.26109 -5.26086
-5.26082 -5.26055
-5.2608 -5.26068
-5.26078 -5.26066
-5.26075 -5.26055
-5.26071 -4.99307
-5.26064 -4.9929
-5.26054 -5.26049
-5.26051 -5.17306
-5.26049 -4.99303
-5.26049 -4.99301
-5.26048 -5.17308
-5.26045 -5.17302
-5.26041 -4.99296
-5.26037 -4.99282
-5.26034 -4.99291
-5.2602 -4.99295
-5.26018 -4.90067
-5.26017 -4.99297
-5.26012 -4.99281
-5.26009 -5.26007
-5.26005 -4.90056
-5.25999 -4.99286
-5.25989 -5.17248
-5.25984 -4.90052
-5.25984 -4.90059
-5.25981 -5.17292
-5.25979 -4.9928
-5.25979 -4.99282
-5.25974 -4.99278
-5.25965 -4.90035
-5.17256 -5.16747
-5.17225 -4.90055
-5.17218 -4.99301
-5.17213 -4.61352
-5.17205 -4.99306
-5.172 -4.9929
-5.17198 -4.6136
-5.17196 -4.99316
-5.17188 -4.61362
-5.17171 -4.61334
-4.99276 -4.9003
-4.9927 -4.90056
-4.99268 -4.9006
-4.99247 -4.90024
-4.99247 -4.90053
-4.99246 -4.90014
-4.99242 -4.90089
-4.9924 -4.90013
-4.99237 -4.90067
-4.99236 -4.90039
-4.99234 -4.90016
-4.99225 -4.90085
-4.99224 -4.71068
-4.99217 -4.90068
-4.99213 -4.90061
-4.99211 -4.89975
-4.99208 -4.89998
-4.99201 -4.9002
-4.99198 -4.89538
-4.99194 -4.90039
-4.99191 -4.90036
-4.99187 -4.9003
-4.99183 -4.71078
-4.98711 -4.90003
-4.9005 -4.90038
-4.90037 -4.71092
-4.90034 -4.90025
-4.90028 -4.71119
-4.90027 -4.90015
-4.90024 -4.71078
-4.90024 -4.90023
-4.90018 -4.90008
-4.90012 -4.90007
-4.90011 -4.89982
-4.90008 -4.71097
-4.90006 -4.7111
-4.90006 -4.89521
-4.90005 -4.61348
-4.89995 -4.89978
-4.89988 -4.89974
-4.89983 -4.6137
-4.89975 -4.71054
-4.89974 -4.7106
-4.8997 -4.6137
-4.89965 -4.61357
-4.89964 -4.61373
-4.8996 -4.61368
-4.89957 -4.71093
-4.89953 -4.61325
-4.89948 -4.61368
-4.89945 -4.61307
-4.89942 -4.71081
-4.89942 -4.51408
-4.89941 -4.71032
-4.89934 -4.41255
-4.89932 -4.61303
-4.89922 -4.61331
-4.89908 -4.61326
-4.89899 -4.71053
-4.89502 -4.61327
-4.71087 -4.71083
-4.71087 -4.71077
-4.7108 -4.6137
-4.7108 -4.71069
-4.71058 -4.6136
-4.71058 -4.61366
-4.71058 -4.61344
-4.71049 -4.61378
-4.71049 -4.61345
-4.71047 -4.6134
-4.71047 -4.61346
-4.71044 -4.4129
-4.71044 -4.61356
-4.71043 -4.6135
-4.71041 -4.61375
-4.71038 -4.41285
-4.71038 -4.61346
-4.71028 -4.61337
-4.71026 -4.61333
-4.71017 -4.61384
-4.71011 -4.41272
-4.71007 -4.61371
-4.70994 -4.61356
-4.70994 -4.61335
-4.70989 -4.41243
-4.70982 -4.41284
-4.70553 -4.50933
-4.6133 -4.51404
-4.6133 -4.61327
-4.61327 -4.61289
-4.61321 -4.41297
-4.61312 -4.51413
-4.61309 -4.51438
-4.61306 -4.51427
-4.61306 -4.51439
-4.61305 -4.51431
-4.61304 -4.41266
-4.61302 -4.4128
-4.61301 -4.51405
-4.61293 -4.51427
-4.61293 -4.51427
-4.61293 -4.51419
-4.61292 -4.5139
-4.6129 -4.61289
-4.6129 -4.51437
-4.61288 -4.51416
-4.61288 -4.61274
-4.61286 -4.6128
-4.61286 -4.50942
-4.61286 -4.51374
-4.61284 -4.51433
-4.61282 -4.5142
-4.61281 -4.51399
-4.61277 -4.60839
-4.61271 -4.61256
-4.61267 -4.51412
-4.61267 -4.51401
-4.61265 -4.41285
-4.61265 -4.51391
-4.61264 -4.41251
-4.61258 -4.51375
-4.61245 -4.51409
-4.61244 -4.51431
-4.6124 -4.51431
-4.61234 -4.51343
-4.6123 -4.51357
-4.61224 -4.41204
-4.61217 -4.5137
-4.61187 -4.20342
-4.60847 -4.51417
-4.60831 -4.51389
-4.60811 -4.50936
-4.51404 -4.51404
-4.51391 -4.41288
-4.51374 -4.51371
-4.51374 -4.41272
-4.51359 -4.41267
-4.51354 -4.4124
-4.5135 -4.4129
-4.51348 -4.51333
-4.51342 -4.4127
-4.51342 -4.51338
-4.51332 -4.50919
-4.51325 -4.51316
-4.51324 -4.2034
-4.51323 -3.50969
-4.51318 -4.51305
-4.51318 -4.4118
-4.51308 -4.51286
-4.51303 -4.09529
-4.51299 -4.41179
-4.5129 -2.82543
-4.51282 -4.41204
-4.51266 -2.50803
-4.51262 -2.97346
-4.51251 -4.0954
-4.51238 -3.98432
-4.51176 -3.51037
-4.5084 -4.09519
-4.50814 -3.63384
-4.41268 -4.41265
-4.41262 -4.41255
-4.41253 -4.20376
-4.41253 -4.20376
-4.41241 -4.09567
-4.41241 -4.2033
-4.41232 -4.41232
-4.41229 -4.09524
-4.41222 -4.20349
-4.41219 -4.20327
-4.41218 -4.09517
-4.41214 -4.41197
-4.41213 -4.2038
-4.41212 -3.6347
-4.4121 -4.09562
-4.41207 -3.98432
-4.41207 -4.20342
-4.41206 -4.20332
-4.41198 -4.09551
-4.41198 -4.09537
-4.41197 -4.09553
-4.41197 -4.09547
-4.41195 -4.09516
-4.41195 -4.09571
-4.41192 -4.09503
-4.41191 -4.09532
-4.41191 -4.09553
-4.41187 -4.41169
-4.41186 -4.20344
-4.41185 -4.09568
-4.41185 -4.09522
-4.4116 -4.09522
-4.41154 -4.09559
-4.41109 -3.98468
-4.20348 -4.20331
-4.20339 -4.20323
-4.20339 -4.09533
-4.20336 -4.20324
-4.20334 -4.09508
-4.20331 -4.20315
-4.20329 -4.20313
-4.20329 -4.20323
-4.20326 -4.20304
-4.20319 -4.09507
-4.20319 -4.09501
-4.20313 -4.09514
-4.20311 -4.09565
-4.20308 -4.09497
-4.203 -4.09524
-4.20298 -4.0955
-4.20298 -4.09555
-4.20296 -3.87135
-4.20294 -3.98479
-4.20292 -4.09541
-4.20291 -4.09494
-4.2029 -4.09565
-4.20288 -4.09505
-4.20288 -3.8711
-4.20288 -4.09549
-4.20282 -4.09463
-4.20278 -4.09504
-4.20275 -3.87099
-4.20274 -3.87086
-4.20272 -4.09529
-4.20272 -4.09504
-4.2027 -4.09527
-4.20262 -4.09514
-4.20261 -3.8711
-4.20257 -4.09492
-4.20249 -4.09484
-4.20242 -4.09492
-4.20217 -3.63469
-4.09535 -4.09508
-4.09529 -4.09482
-4.09528 -4.09512
-4.09527 -4.09518
-4.09515 -3.98475
-4.09512 -4.09503
-4.0951 -3.98499
-4.0951 -3.87122
-4.09509 -3.98446
-4.09509 -3.98444
-4.09506 -4.09496
-4.095 -3.98488
-4.09499 -3.98455
-4.09494 -3.98482
-4.09494 -3.87074
-4.09492 -3.98474
-4.09486 -3.9847
-4.09485 -4.09465
-4.09484 -3.87127
-4.09484 -3.87091
-4.09484 -3.87101
-4.09483 -4.09462
-4.09482 -3.98403
-4.0948 -3.98034
-4.0948 -3.75433
-4.0948 -3.98472
-4.09479 -3.87103
-4.09478 -3.98456
-4.09476 -3.98438
-4.09475 -3.87071
-4.09475 -3.87096
-4.09474 -3.98478
-4.09473 -3.87104
-4.09472 -3.98448
-4.0947 -3.87088
-4.09469 -3.63471
-4.09469 -3.87104
-4.09468 -3.98498
-4.09466 -3.87104
-4.09466 -3.98464
-4.09466 -3.98487
-4.09466 -3.87081
-4.09466 -3.87083
-4.09465 -3.87082
-4.09464 -3.75447
-4.09463 -3.63405
-4.09463 -3.75468
-4.09462 -3.75457
-4.09462 -3.75447
-4.09462 -3.75445
-4.09459 -3.98424
-4.09457 -3.98445
-4.09457 -3.98449
-4.09455 -3.75453
-4.09454 -3.75452
-4.09453 -3.75421
-4.09451 -3.98468
-4.0945 -3.98467
-4.0945 -3.75461
-4.09448 -3.6344
-4.09445 -3.63463
-4.09445 -3.754
-4.09444 -3.63449
-4.09443 -3.63443
-4.09442 -3.75409
-4.0944 -3.87095
-4.0944 -3.63438
-4.0944 -3.63441
-4.0944 -3.87058
-4.09438 -3.63465
-4.09438 -3.87116
-4.09436 -3.75392
-4.09436 -3.87093
-4.09432 -3.98456
-4.09432 -3.98431
-4.09431 -3.87068
-4.0943 -3.98438
-4.09425 -3.51047
-4.09425 -3.75469
-4.0942 -3.63441
-4.0942 -3.75442
-4.09418 -3.75409
-4.09414 -2.6708
-4.0941 -3.7546
-4.09409 -3.63416
-4.09405 -3.7546
-4.09401 -3.63391
-4.09396 -3.98426
-4.09373 -3.51036
-4.09367 -3.75432
-3.98424 -3.98421
-3.98421 -3.87103
-3.9842 -3.87053
-3.98405 -3.7541
-3.98401 -3.75423
-3.98398 -3.87069
-3.98397 -3.75438
-3.98397 -3.87094
-3.98396 -3.75435
-3.98395 -3.75445
-3.98391 -3.87052
-3.98388 -3.75431
-3.98388 -3.75418
-3.98383 -3.75431
-3.98371 -3.75466
-3.9837 -3.87105
-3.9837 -3.63466
-3.98362 -3.75453
-3.9836 -3.75468
-3.98359 -3.75446
-3.98358 -3.75401
-3.98354 -3.87056
-3.98345 -3.63451
-3.98339 -2.33589
-3.9833 -3.63473
-3.98327 -3.63437
-3.98326 -3.75434
-3.9832 -3.63427
-3.8707 -3.75456
-3.87068 -3.75468
-3.87066 -3.75452
-3.87062 -3.75448
-3.87061 -3.63466
-3.87061 -3.63437
-3.87057 -3.6343
-3.87055 -3.75437
-3.87054 -3.75454
-3.87053 -3.6344
-3.87044 -3.63455
-3.87043 -3.75385
-3.87043 -3.87031
-3.87042 -3.75456
-3.87041 -3.63418
-3.87037 -3.75402
-3.87036 -3.63441
-3.87036 -3.63412
-3.87031 -3.63457
-3.8703 -3.6343
-3.8703 -3.75413
-3.87029 -3.6346
-3.87028 -3.7539
-3.87027 -3.75465
-3.87026 -3.7542
-3.87025 -3.75407
-3.87024 -3.75457
-3.87024 -3.75421
-3.87024 -3.75423
-3.87022 -3.63435
-3.87021 -3.75457
-3.87021 -3.75407
-3.87021 -3.75371
-3.87016 -3.75422
-3.87016 -3.75429
-3.87015 -3.63471
-3.87015 -3.75409
-3.87015 -3.63413
-3.87007 -3.63472
-3.87007 -3.7545
-3.87006 -3.25177
-3.87004 -3.6348
-3.87001 -3.75445
-3.86998 -3.63478
-3.86997 -2.50803
-3.86989 -3.63406
-3.86988 -3.63395
-3.86982 -3.63379
-3.75452 -3.75391
-3.75433 -3.63488
-3.75423 -3.75417
-3.7541 -3.63459
-3.75406 -3.63449
-3.75399 -3.63458
-3.75399 -3.63428
-3.75399 -3.63452
-3.75398 -3.63456
-3.75396 -3.63473
-3.75395 -3.63453
-3.75395 -3.75394
-3.75394 -3.75371
-3.75391 -3.6345
-3.75391 -3.63418
-3.75391 -3.63421
-3.75389 -3.75387
-3.75386 -3.6344
-3.7538 -3.63485
-3.75377 -3.75377
-3.75375 -3.63426
-3.75372 -3.51068
-3.75371 -3.63463
-3.75371 -3.63398
-3.75371 -3.63487
-3.75371 -3.63487
-3.75369 -3.63441
-3.75368 -3.63418
-3.75368 -3.63463
-3.75368 -3.63405
-3.75367 -3.63469
-3.75367 -3.75355
-3.75365 -3.11537
-3.75365 -3.63481
-3.75363 -3.63407
-3.7536 -3.63367
-3.75353 -3.63396
-3.75352 -3.63418
-3.75351 -3.6343
-3.75349 -3.63423
-3.75339 -3.63415
-3.75333 -3.63428
-3.75331 -3.63402
-3.75331 -3.63466
-3.75321 -3.63466
-3.75321 -3.25174
-3.75318 -3.63413
-3.75309 -3.63372
-3.75299 -3.11544
-3.75288 -3.63364
-3.7503 -3.75022
-3.74989 -3.50672
-3.74989 -3.50718
-3.63446 -3.63417
-3.63443 -3.6343
-3.63442 -3.63416
-3.63439 -3.63428
-3.63438 -3.63434
-3.63437 -3.63426
-3.63437 -3.63398
-3.63433 -3.63421
-3.63433 -3.63414
-3.63431 -3.63423
-3.63429 -3.6341
-3.63429 -3.63419
-3.63428 -3.63395
-3.6342 -3.63397
-3.63418 -3.63412
-3.63417 -3.63389
-3.63417 -3.63406
-3.63415 -3.63384
-3.63415 -3.63403
-3.63414 -3.63402
-3.63409 -3.63395
-3.63407 -3.63404
-3.63404 -3.6339
-3.63404 -3.63368
-3.634 -3.63398
-3.63393 -3.63393
-3.63391 -3.25197
-3.6339 -3.1149
-3.63387 -3.25203
-3.63386 -3.63371
-3.63386 -3.63369
-3.63384 -3.63355
-3.63384 -3.63384
-3.6338 -3.25212
-3.63377 -3.25216
-3.63377 -3.6336
-3.63376 -3.63354
-3.63375 -3.25187
-3.63375 -3.51099
-3.63375 -3.51055
-3.63374 -3.51083
-3.63374 -3.51095
-3.63373 -3.11485
-3.63373 -3.25177
-3.63372 -3.2519
-3.63372 6.84847
-3.6337 -3.2519
-3.6337 -3.51062
-3.63369 -3.25203
-3.63369 -3.51061
-3.63368 -3.63359
-3.63367 -3.63042
-3.63366 -3.25213
-3.63366 -3.25216
-3.63366 -3.51063
-3.63364 -3.25188
-3.63364 -3.25207
-3.63362 -3.25208
-3.63361 -3.2522
-3.63359 -3.51057
-3.63356 -3.25214
-3.63356 -3.63031
-3.63356 -3.25186
-3.63355 -3.25193
-3.63354 -3.51056
-3.63354 -3.25199
-3.63352 -3.51065
-3.63349 -3.63347
-3.63348 -3.25168
-3.63346 -3.51057
-3.63346 -3.25199
-3.63345 -3.25175
-3.63344 -3.51067
-3.63344 -3.51065
-3.63344 -3.2518
-3.63342 -3.25174
-3.63342 -3.25185
-3.63341 -3.25191
-3.63341 -3.25187
-3.63341 -3.51025
-3.6334 -3.63334
-3.6334 -3.252
-3.6334 -3.25191
-3.63339 -3.25213
-3.63338 -3.25197
-3.63337 -3.25171
-3.63337 -3.51093
-3.63336 -3.25161
-3.63335 -3.51058
-3.63334 -3.25216
-3.63334 -3.50695
-3.63333 -3.51059
-3.63333 -3.63026
-3.63332 -3.25215
-3.63332 -3.25206
-3.63331 -3.25205
-3.6333 -3.25161
-3.63329 -3.25199
-3.63328 -3.51069
-3.63328 -3.25165
-3.63327 -3.51087
-3.63326 -3.51051
-3.63326 -3.25182
-3.63326 -3.25192
-3.63325 -3.25191
-3.63325 -3.51061
-3.63325 -3.25169
-3.63324 -3.25186
-3.63324 -3.25175
-3.63323 -3.25176
-3.63321 -3.51079
-3.63321 -3.2519
-3.63319 -3.11551
-3.63316 -2.97356
-3.63316 -3.25141
-3.63315 -3.51057
-3.63315 -3.2516
-3.63315 -3.25198
-3.63314 -3.25182
-3.63313 -3.50996
-3.63312 -3.25184
-3.63311 -3.25158
-3.63311 -3.51048
-3.6331 -3.25189
-3.6331 -3.11505
-3.63309 3.5
-3.63308 -3.25175
-3.63307 -3.25155
-3.63307 -3.51093
-3.63306 -3.25166
-3.633 -3.51062
-3.633 -3.51056
-3.63297 -3.11527
-3.63296 -3.51007
-3.63294 -3.25185
-3.63294 -3.11538
-3.63292 -3.25171
-3.63292 -3.1153
-3.6329 -3.25152
-3.63287 -3.25158
-3.63282 -2.67081
-3.63281 -3.51029
-3.63279 -3.51006
-3.63277 -3.51052
-3.63274 -3.25177
-3.63272 -3.51017
-3.63035 -3.51074
-3.63013 -3.25181
-3.6301 -3.50685
-3.63007 -3.50681
-3.62996 -3.50683
-3.62994 -3.25167
-3.62994 -3.51101
-3.62992 -3.50715
-3.62979 -3.50682
-3.6297 3.8589
-3.51107 -3.51105
-3.51069 -3.51047
-3.51066 -3.51055
-3.51056 -3.25202
-3.51048 -3.51039
-3.51016 -3.50961
-3.51013 -3.25185
-3.51008 -0.917032
-3.51007 -3.25207
-3.51005 -3.50977
-3.51001 -1.23578
-3.50998 -3.50986
-3.50997 -3.50994
-3.50996 -3.2518
-3.50995 -3.50961
-3.50994 -3.50988
-3.50993 -3.25148
-3.50991 -3.25159
-3.5099 -3.25166
-3.50988 -3.25144
-3.50984 -3.50938
-3.50979 -3.25169
-3.50975 -3.50972
-3.50972 -3.25175
-3.50966 -3.25156
-3.5096 -3.25169
-3.50958 -2.50756
-3.50957 -3.50957
-3.50957 3.62311
-3.50957 -3.11506
-3.50954 -3.50686
-3.50953 -3.25168
-3.50951 -1.95543
-3.50939 -3.11504
-3.50937 -3.25152
-3.50932 -3.25141
-3.50924 -3.11515
-3.50683 -3.50682
-3.50641 -3.50641
-3.25189 -3.25162
-3.25177 -3.25156
-3.25172 -3.25167
-3.25171 -3.11524
-3.2517 -3.25157
-3.25166 -3.11545
-3.25163 -3.25152
-3.25163 -3.25143
-3.25159 -3.25153
-3.25159 -3.11509
-3.25158 -3.2514
-3.25156 -3.11505
-3.25156 -3.25132
-3.25156 -3.11531
-3.25155 -3.25139
-3.25154 -3.2514
-3.25151 -3.11539
-3.2515 -3.25143
-3.25148 -3.11504
-3.25148 -3.1153
-3.25147 -3.25128
-3.25147 -3.11531
-3.25144 -3.11204
-3.25144 -3.25094
-3.25144 -2.97343
-3.25138 -3.11552
-3.25137 -2.97346
-3.25137 -3.11502
-3.25135 -3.11507
-3.25134 -3.11531
-3.25133 -3.11548
-3.25133 -3.11553
-3.25132 -3.25106
-3.25131 -3.11501
-3.25131 -2.9735
-3.25131 -3.11512
-3.2513 -3.11534
-3.25128 -3.11537
-3.25128 -3.11544
-3.25128 -3.25127
-3.25123 -3.11528
-3.25123 -3.11548
-3.25122 -3.11556
-3.25122 -2.97334
-3.25122 -3.11483
-3.2512 -3.11533
-3.2512 -3.11526
-3.25119 -3.11499
-3.25119 -3.11504
-3.25119 -2.97345
-3.25119 -3.11495
-3.25118 -3.11511
-3.25118 -3.11523
-3.25118 -2.97353
-3.25117 -3.11514
-3.25117 -2.97339
-3.25117 -2.50788
-3.25117 -3.1148
-3.25117 -3.11517
-3.25116 -3.11532
-3.25116 -2.97352
-3.25115 -3.11493
-3.25114 -3.11536
-3.25113 -2.97318
-3.25112 -3.25102
-3.25112 -3.11516
-3.25111 -3.11474
-3.25111 -3.11536
-3.25109 -2.97312
-3.25109 -3.11523
-3.25108 -3.11498
-3.25107 -3.11492
-3.25107 -3.11518
-3.25106 -3.11523
-3.25106 -3.11203
-3.25106 -2.97327
-3.25106 -3.11531
-3.25106 -3.11532
-3.25106 -2.97313
-3.25105 -3.11486
-3.25105 -3.1153
-3.25105 -3.1153
-3.25105 -2.9733
-3.25104 -2.82578
-3.25104 -3.1151
-3.25104 -3.11511
-3.25104 -3.1152
-3.25103 -3.11513
-3.25103 -3.11171
-3.25103 -3.11547
-3.25103 -3.11556
-3.25103 -3.11512
-3.25102 -3.11507
-3.25102 -3.25097
-3.25101 -3.11546
-3.251 -3.11541
-3.251 -2.97301
-3.251 -3.11519
-3.25099 -3.11525
-3.25098 -2.82531
-3.25098 -2.82531
-3.25098 -2.97306
-3.25098 -3.11466
-3.25097 -3.11534
-3.25097 -3.11527
-3.25096 -3.11536
-3.25096 -3.11525
-3.25095 -3.11501
-3.25095 -2.973
-3.25094 -3.115
-3.25094 -3.11522
-3.25093 -2.97319
-3.25093 -3.11531
-3.25093 -3.11511
-3.25093 -2.82532
-3.25093 -2.97296
-3.25092 -3.11531
-3.25091 -2.97303
-3.2509 -3.11546
-3.2509 -2.82587
-3.25089 -3.11526
-3.25088 -3.11501
-3.25088 -2.97305
-3.25086 -3.11522
-3.25084 -2.97313
-3.25084 -3.11548
-3.25083 -3.11501
-3.25081 -2.97319
-3.25081 -2.82569
-3.25081 -3.11499
-3.25077 -2.97286
-3.25077 -3.11493
-3.25076 -2.97309
-3.25076 -2.97315
-3.25075 -3.11512
-3.25073 -2.97297
-3.25071 -2.67081
-3.25069 4.08258
-3.25068 -3.11495
-3.25067 -2.82567
-3.25066 -2.82528
-3.25065 -3.11487
-3.25065 -3.11495
-3.25063 -2.8258
-3.25056 -2.82582
-3.25055 -3.11487
-3.2505 -2.97314
-3.25047 -3.11483
-3.25045 -2.82589
-3.25026 -2.82542
-3.24807 -3.11521
-3.2479 -3.11182
-3.24768 -0.918242
-3.1151 -3.11492
-3.11509 -3.11498
-3.11508 -3.11506
-3.11502 1.73607
-3.11501 -3.115
-3.11497 -2.97317
-3.11496 -3.11191
-3.11495 -3.11492
-3.11495 -3.11464
-3.11494 -3.1147
-3.11492 -2.97343
-3.11492 -3.11485
-3.11491 -3.11466
-3.11486 -2.33532
-3.11482 -2.97315
-3.11482 -3.11436
-3.11479 -3.11464
-3.11479 -2.82524
-3.11479 -2.97288
-3.11476 -2.97341
-3.11476 -2.82557
-3.11474 -2.97287
-3.11474 -3.11465
-3.11473 -3.11181
-3.11472 -3.11454
-3.11471 -3.11469
-3.11471 -2.97346
-3.11471 -3.11462
-3.11471 -2.9729
-3.11469 -2.97345
-3.11469 -2.82561
-3.11466 -2.9729
-3.11465 -3.11462
-3.11464 -2.97322
-3.11461 -2.82568
-3.11461 -2.97291
-3.1146 -2.82565
-3.11458 -2.82563
-3.11458 -2.97309
-3.11458 -2.82556
-3.11457 -2.97327
-3.11456 -3.11439
-3.11455 -2.97281
-3.11455 -2.82537
-3.11453 -2.82562
-3.11453 -2.82553
-3.11453 -2.97298
-3.11452 -2.82561
-3.11452 -3.11449
-3.11452 -2.82504
-3.11451 -2.82565
-3.11448 -3.11444
-3.11448 -2.97335
-3.11448 -2.973
-3.11446 -2.97294
-3.11446 -2.82581
-3.11443 -2.82548
-3.11443 -2.8257
-3.11443 -2.97283
-3.11441 -2.97295
-3.1144 -2.82574
-3.1144 -2.82522
-3.1144 -2.82541
-3.11438 -2.82551
-3.11438 -2.67084
-3.11438 -2.82549
-3.11434 -2.97277
-3.11432 -2.67089
-3.11431 -2.82542
-3.11428 -2.82565
-3.11427 -2.82499
-3.11427 -3.11419
-3.11424 -2.82539
-3.11422 -2.8254
-3.11422 -2.67066
-3.11421 -2.67071
-3.11421 -2.67085
-3.11421 -2.82524
-3.1142 -2.8253
-3.11419 -2.82571
-3.11416 -2.82536
-3.11416 -2.97288
-3.11413 -2.33613
-3.11413 -2.97303
-3.11412 -2.82532
-3.11411 -2.8252
-3.11407 -3.11405
-3.11407 -2.82577
-3.11406 -2.67069
-3.114 -2.8253
-3.11398 -2.82527
-3.11395 -2.82549
-3.11381 -2.67053
-3.11381 3.10555
-3.11377 -2.50773
-3.11376 -2.82495
-3.11375 -2.67037
-3.11365 -2.67043
-3.11359 -2.67069
-3.11359 -2.67055
-3.11359 -2.508
-3.11358 -2.67043
-3.11347 -1.74212
-3.11347 -2.67023
-3.11339 -2.67019
-3.11162 -2.8253
-3.11132 -2.82549
-3.11129 -2.67071
-3.11072 -2.3347
-2.97327 -2.97288
-2.97322 -2.82553
-2.97319 -2.82546
-2.97318 -2.8255
-2.97317 -2.82551
-2.97309 -2.82523
-2.97308 -2.82532
-2.97305 -2.82498
-2.97304 -2.82524
-2.97304 -1.5042
-2.97302 -2.82562
-2.97299 -2.8253
-2.97297 -2.82504
-2.97296 -2.97279
-2.97295 -2.50812
-2.97295 -2.97282
-2.97295 -2.82512
-2.97293 -2.97273
-2.97292 -2.82489
-2.9729 -2.97278
-2.97288 -2.9724
-2.97288 -2.9727
-2.97288 -2.82522
-2.97287 -2.82504
-2.97281 -2.8256
-2.97278 -2.97243
-2.97276 -2.50815
-2.97276 -2.82556
-2.97275 -2.82541
-2.97274 -2.82511
-2.97274 -2.82524
-2.97273 -2.82511
-2.97272 -2.82507
-2.97272 -2.82518
-2.9727 -2.82517
-2.9727 -2.82556
-2.97269 -2.82515
-2.97269 -2.50806
-2.97269 -2.50815
-2.97268 -2.82523
-2.97267 -2.8252
-2.97267 -2.82543
-2.97267 -2.82512
-2.97266 -2.50826
-2.97265 -2.97261
-2.97265 -2.82516
-2.97265 -2.82506
-2.97265 -2.82563
-2.97264 -2.50802
-2.97264 -2.82556
-2.97264 -2.82515
-2.97262 -2.50819
-2.97262 -2.50821
-2.97262 -2.5082
-2.97262 -2.50802
-2.97262 -2.50779
-2.97262 -2.825
-2.97262 -2.825
-2.97261 -2.67045
-2.9726 -2.50799
-2.9726 -2.50821
-2.97259 -2.82489
-2.97259 -2.50824
-2.97258 -2.82521
-2.97257 -2.82529
-2.97256 -2.82499
-2.97255 -2.50781
-2.97255 -2.82509
-2.97255 -2.50805
-2.97254 -2.82512
-2.97253 -2.5081
-2.97252 -2.50769
-2.97251 -2.82546
-2.97251 -2.82474
-2.97249 -2.50811
-2.97249 3.8589
-2.97249 -2.50764
-2.97249 -2.50805
-2.97249 -2.5078
-2.97249 -2.50763
-2.97249 -2.50769
-2.97248 -2.82562
-2.97248 -2.82512
-2.97248 -2.50819
-2.97246 -2.82472
-2.97245 -2.50794
-2.97245 -2.8253
-2.97245 -2.67108
-2.97245 -2.50832
-2.97245 -2.5082
-2.97245 -2.50791
-2.97244 -2.50769
-2.97243 -2.50801
-2.97242 -2.50777
-2.97242 -2.50769
-2.97241 -2.67049
-2.97239 -2.82494
-2.97239 -2.5075
-2.97236 -2.82519
-2.97234 -2.82516
-2.97234 -2.5077
-2.97234 -2.50816
-2.97234 -2.82465
-2.97232 2.32843
-2.97232 -2.82536
-2.97232 -2.50783
-2.9723 -2.50818
-2.97228 -2.50795
-2.97227 -2.82524
-2.97225 -2.82539
-2.97224 -2.8253
-2.97222 -2.50748
-2.97221 -2.82515
-2.97217 -2.5076
-2.97211 -2.5077
-2.97204 -2.50818
-2.97175 -2.50818
-2.96971 -2.33532
-2.96966 -2.668
-2.96951 3.62311
-2.82551 -2.82534
-2.8255 -2.82533
-2.82547 -2.82507
-2.82536 -2.8253
-2.82531 -2.82501
-2.82529 -2.82525
-2.82528 -2.67081
-2.82527 -2.82518
-2.82527 -2.82515
-2.82526 -2.67094
-2.82523 -2.825
-2.82521 -2.67074
-2.82519 -2.82511
-2.82517 -2.82513
-2.82515 -2.8251
-2.82515 -2.67047
-2.82513 -2.67066
-2.8251 -2.50802
-2.82507 -2.67009
-2.82507 -2.67095
-2.82503 -2.67084
-2.82503 -2.67075
-2.82503 -2.67079
-2.82502 -2.67049
-2.82502 -2.82495
-2.82501 -2.67045
-2.825 -2.50772
-2.82499 -2.67089
-2.82499 -2.67042
-2.82498 -2.67042
-2.82497 -2.67061
-2.82493 -2.67097
-2.82491 -2.50791
-2.82489 -2.67069
-2.82489 -2.67045
-2.82488 -2.67054
-2.82487 -2.67047
-2.82486 -2.67112
-2.82486 -2.67065
-2.82486 -2.67065
-2.82484 -2.6704
-2.82484 -2.6707
-2.82484 -2.50812
-2.82483 -2.67032
-2.82483 -2.67064
-2.82482 -2.50767
-2.82482 -2.67062
-2.8248 -2.67093
-2.8248 -2.67087
-2.82478 -2.67032
-2.82478 -2.50797
-2.82478 -2.67019
-2.82477 -2.67054
-2.82477 -2.50788
-2.82477 -2.50753
-2.82476 -2.67055
-2.82476 -2.67067
-2.82474 -2.6678
-2.82473 -2.50817
-2.82473 -2.50778
-2.82472 -2.67091
-2.82471 -2.67074
-2.82471 -2.50794
-2.82469 -2.50813
-2.82469 -2.67069
-2.82468 -2.50792
-2.82467 -2.50784
-2.82467 -2.50802
-2.82467 -2.508
-2.82467 -2.67105
-2.82466 -2.50802
-2.82466 -2.5081
-2.82466 -2.50795
-2.82466 -2.67034
-2.82464 -2.5077
-2.82464 3.24166
-2.82464 -2.67087
-2.82464 -2.50789
-2.82462 -2.6707
-2.82461 -2.50758
-2.82461 -2.50787
-2.8246 -2.50746
-2.8246 -2.50748
-2.8246 -2.50769
-2.8246 -2.50779
-2.82459 -2.67027
-2.82458 -2.67098
-2.82457 -2.508
-2.82457 -2.50766
-2.82456 -2.67081
-2.82456 -2.50802
-2.82456 -2.50795
-2.82456 -2.50777
-2.82456 -2.50764
-2.82455 -2.67066
-2.82454 -2.50743
-2.82454 -2.33576
-2.82453 -2.67068
-2.82452 -2.50748
-2.82451 -2.33566
-2.82449 -2.67099
-2.82448 -2.50745
-2.82448 -2.50745
-2.82448 -2.50755
-2.82447 -2.67063
-2.82446 -2.50771
-2.82445 -2.50749
-2.82443 -2.67045
-2.82442 -2.67069
-2.82439 -2.50762
-2.82439 -2.50765
-2.82438 -2.67075
-2.82438 -2.50776
-2.82436 -2.67071
-2.82436 -2.67083
-2.82432 -2.33579
-2.82431 -2.67069
-2.82431 -2.67071
-2.8243 -2.66959
-2.82428 -2.33485
-2.82424 -2.50736
-2.82424 -2.67053
-2.82422 -2.50775
-2.82421 -2.67089
-2.82413 -2.67037
-2.82406 4.19042
-2.82402 -2.67065
-2.82402 3.24166
-2.82225 -2.67024
-2.67069 -2.67059
-2.67052 -2.67051
-2.67048 -2.67035
-2.67047 -2.50796
-2.67045 -2.66776
-2.67039 -2.50805
-2.67034 -2.50817
-2.67026 -2.50792
-2.67026 -2.50799
-2.67024 -2.66784
-2.67019 -2.50813
-2.67016 -2.50796
-2.67016 -2.50788
-2.67015 -2.33564
-2.67015 -2.50781
-2.67011 -2.50769
-2.67011 -2.50772
-2.67011 -2.50802
-2.67009 -2.50814
-2.67008 -2.50802
-2.67007 -2.50808
-2.67006 -2.50805
-2.67005 -2.508
-2.67004 -2.66956
-2.67004 -2.50804
-2.67004 -2.50761
-2.67004 -2.66779
-2.67003 -2.50792
-2.67003 -2.50761
-2.67002 -2.5075
-2.67002 -2.50779
-2.67002 -2.50759
-2.67002 -2.50785
-2.67001 -2.50802
-2.67001 -2.50783
-2.67 -2.33525
-2.66999 -2.50781
-2.66997 -2.50742
-2.66995 -2.50788
-2.66995 -2.50772
-2.66994 -2.50783
-2.66993 -2.50781
-2.66993 -2.50779
-2.66992 -2.50768
-2.66991 -2.50779
-2.6699 -1.9561
-2.6699 -2.50765
-2.66988 -2.66977
-2.66988 -2.50748
-2.66988 -2.50787
-2.66987 -2.50748
-2.66987 -2.50764
-2.66987 -2.50772
-2.66987 -2.50796
-2.66986 -2.50771
-2.66986 -2.50779
-2.66985 -2.50774
-2.66985 -2.50756
-2.66985 -2.50812
-2.66984 -2.50753
-2.66983 -2.50783
-2.66981 -2.50772
-2.66978 -2.50701
-2.66976 -2.66966
-2.66975 -2.50723
-2.66974 -2.50724
-2.66973 -2.50747
-2.66973 -2.508
-2.66971 -2.50799
-2.66966 -2.50746
-2.66966 -2.50751
-2.66965 -2.50798
-2.66961 -2.50764
-2.66961 -2.50782
-2.6696 -2.50815
-2.6696 -2.5077
-2.66959 -2.50805
-2.66958 -2.50755
-2.66958 -2.50752
-2.66957 -2.33478
-2.66956 -1.50443
-2.66955 -2.50797
-2.66955 -2.33526
-2.66954 -2.3355
-2.66952 -2.50754
-2.66951 -2.50723
-2.66951 -2.50785
-2.6695 -2.50737
-2.66946 -2.3354
-2.66946 -2.50741
-2.66944 -2.33538
-2.66944 -2.50733
-2.66943 -2.50784
-2.66943 -2.50753
-2.66939 -1.50456
-2.66937 -2.50785
-2.66931 -2.50783
-2.66929 -2.50785
-2.66916 -2.50758
-2.66911 -1.9556
-2.6691 -2.5071
-2.66907 -2.50703
-2.66907 -2.33503
-2.66904 -2.33485
-2.66891 -2.50479
-2.66891 -2.33485
-2.66887 -2.3347
-2.66885 -2.3347
-2.66758 -2.50744
-2.66753 -2.50791
-2.66728 -2.50493
-2.66721 -2.50737
-2.66705 -2.50709
-2.66696 -1.50214
-2.66686 -1.23642
-2.50788 -2.50763
-2.50787 -2.50771
-2.50783 -2.5077
-2.50782 -2.50777
-2.50781 -2.50758
-2.50781 -2.50772
-2.50778 -2.50746
-2.50775 -2.50739
-2.50774 -2.50735
-2.50771 -2.33597
-2.50771 -2.50724
-2.50769 -2.50764
-2.50769 -2.50697
-2.50769 -2.5075
-2.50766 -2.50755
-2.50765 -2.5074
-2.5076 -2.5074
-2.50759 -2.50739
-2.50758 -2.33579
-2.50757 -2.33561
-2.50755 -2.50746
-2.50755 -2.5074
-2.50753 -2.50739
-2.50752 -2.50507
-2.50752 -2.50733
-2.50752 1.94949
-2.50752 -2.5074
-2.50751 -2.33567
-2.50749 -2.50724
-2.50748 -2.5067
-2.50748 -2.50706
-2.50748 -2.50742
-2.50747 -2.50726
-2.50747 -2.33587
-2.50747 -2.50729
-2.50746 -2.50726
-2.50745 -2.50729
-2.50744 -2.33581
-2.50744 -2.50724
-2.50743 -2.50732
-2.50743 -2.50718
-2.5074 -2.33577
-2.50739 -2.50729
-2.50739 -1.74144
-2.50739 -2.50702
-2.50739 -2.50725
-2.50739 -2.33577
-2.50738 -1.95592
-2.50738 -2.33564
-2.50738 -2.33598
-2.50737 -2.50729
-2.50737 -2.5073
-2.50734 -2.33579
-2.50733 -2.50725
-2.50733 -2.50724
-2.50733 -2.33579
-2.50733 -2.33543
-2.50732 -2.50732
-2.50731 -1.74174
-2.50731 -2.50729
-2.5073 -2.50721
-2.50729 -2.33563
-2.50728 -2.33554
-2.50727 -2.50708
-2.50727 -2.3355
-2.50726 -2.33537
-2.50725 -2.33612
-2.50725 -2.50717
-2.50725 -2.33612
-2.50725 -2.50724
-2.50724 -2.33526
-2.50724 2.81662
-2.50723 -2.33581
-2.50723 -2.33604
-2.50722 -2.33559
-2.50722 -2.50686
-2.50722 -2.33572
-2.50721 -2.50706
-2.5072 -2.50651
-2.5072 -2.5069
-2.50719 -2.33567
-2.50719 -2.33563
-2.50718 -2.33563
-2.50717 -2.3356
-2.50717 -2.33531
-2.50717 -2.50711
-2.50716 -2.33582
-2.50716 -2.33548
-2.50716 -2.33543
-2.50715 -2.33545
-2.50715 -2.33563
-2.50713 -2.50711
-2.50712 -2.50702
-2.50712 -2.33561
-2.50712 -2.335
-2.50711 -2.33559
-2.50711 -2.33565
-2.50711 -2.33532
-2.50711 -2.50702
-2.50711 -2.33517
-2.50711 -2.50702
-2.5071 -2.33576
-2.5071 -2.33527
-2.5071 -2.33527
-2.5071 -2.50708
-2.5071 -2.33536
-2.5071 -2.33567
-2.50709 -2.50706
-2.50709 -2.33578
-2.50709 -2.33554
-2.50708 -2.50502
-2.50708 -2.33562
-2.50708 -2.50681
-2.50707 -2.33545
-2.50706 -0.917026
-2.50704 -2.50693
-2.50704 -2.33547
-2.50703 -2.33517
-2.50703 -2.50686
-2.50703 -2.33557
-2.50703 -2.33559
-2.50702 -2.33532
-2.50701 -2.33586
-2.50701 -2.33538
-2.50701 -2.33554
-2.507 -2.33567
-2.507 -2.33557
-2.50699 -2.33578
-2.50698 -2.33574
-2.50698 -2.33513
-2.50697 -2.3356
-2.50696 -2.50693
-2.50696 -2.33509
-2.50695 -2.33547
-2.50695 -2.50695
-2.50695 -2.33524
-2.50695 -2.33325
-2.50695 -2.33546
-2.50694 -2.33525
-2.50694 -2.33588
-2.50694 -2.33576
-2.50694 -1.95586
-2.50693 -2.50693
-2.50693 -2.33575
-2.50693 -2.33555
-2.50693 -2.3357
-2.50693 -0.502338
-2.50693 -2.33567
-2.50693 -2.33545
-2.50692 -2.33569
-2.50691 -1.95567
-2.50691 -2.50661
-2.50691 -2.33527
-2.50691 -2.50666
-2.5069 -2.33544
-2.5069 -2.33515
-2.5069 -2.33522
-2.50689 -2.33558
-2.50689 -2.33541
-2.50688 -2.33549
-2.50688 -2.50679
-2.50687 -2.33497
-2.50686 -2.33507
-2.50686 -2.33536
-2.50686 -2.33513
-2.50685 -2.3359
-2.50684 -1.95576
-2.50683 -2.33528
-2.50683 -1.95609
-2.50683 -2.33532
-2.50683 -2.33584
-2.50682 -2.33524
-2.50682 -2.33519
-2.50681 -2.33522
-2.5068 -2.33566
-2.5068 -2.33508
-2.5068 -2.33513
-2.5068 -2.33515
-2.5068 -2.3356
-2.5068 -2.33528
-2.50678 -2.33544
-2.50678 -2.33525
-2.50677 -2.33516
-2.50676 -1.95606
-2.50675 -2.33495
-2.50675 -2.50669
-2.50673 -2.3354
-2.50673 -2.3353
-2.50672 -2.33579
-2.50671 -1.95599
-2.50671 -1.95587
-2.50671 -2.33546
-2.5067 -2.33533
-2.50669 -2.33554
-2.50669 -2.33548
-2.50669 -2.33522
-2.50669 -2.33569
-2.50668 4.88516
-2.50667 -1.95566
-2.50667 -1.95576
-2.50667 -1.95601
-2.50667 -2.33562
-2.50666 -2.33508
-2.50666 -2.33523
-2.50665 -1.95592
-2.50665 -1.95592
-2.50665 -1.95574
-2.50665 -1.95589
-2.50664 -2.33513
-2.50661 -2.33523
-2.50661 -2.3356
-2.5066 -2.33524
-2.50659 -2.33543
-2.50658 -2.335
-2.50657 -1.95574
-2.50656 -2.33551
-2.50656 -1.9559
-2.50655 -2.33576
-2.50655 -2.33537
-2.50654 -2.33542
-2.50654 -2.33293
-2.50653 -2.50614
-2.50653 -2.33536
-2.50652 -1.95572
-2.50652 -1.95584
-2.5065 -1.95556
-2.5065 -1.95575
-2.50649 -1.95569
-2.50648 -2.33501
-2.50648 -1.95549
-2.50648 -2.33522
-2.50647 -1.95578
-2.50647 -1.95602
-2.50646 -2.33528
-2.50645 -2.33481
-2.50645 -2.33536
-2.50645 -2.33526
-2.50643 -2.50499
-2.50643 -2.33496
-2.50643 -1.9558
-2.50643 -1.95578
-2.50642 -2.33577
-2.50641 -2.33528
-2.50641 -1.95593
-2.50636 -2.3355
-2.50636 -2.33495
-2.50636 -1.95569
-2.50635 -2.33476
-2.50634 -1.95578
-2.50632 -2.33487
-2.50632 -1.95564
-2.50631 -2.33518
-2.50631 -1.95585
-2.5063 -2.33514
-2.50627 -1.95569
-2.50626 -1.95559
-2.50624 -2.3346
-2.50621 -2.33513
-2.50619 -1.95587
-2.50615 -1.95563
-2.50613 -2.33505
-2.50609 -2.33513
-2.50607 5.24456
-2.50607 -2.33519
-2.50606 -2.33444
-2.506 -1.95585
-2.50596 -1.74131
-2.50593 1.73607
-2.50592 -2.3349
-2.50582 -2.3346
-2.50578 -1.95554
-2.50574 4.39898
-2.50492 -2.33537
-2.50476 -2.3352
-2.50454 -2.3329
-2.50442 -2.50306
-2.50434 3.74264
-2.50426 5.82456
-2.33553 -1.95565
-2.33541 -2.33529
-2.3354 -2.33535
-2.3354 -2.33537
-2.3354 -2.33537
-2.33526 -2.33518
-2.33526 3.62311
-2.33526 -2.33521
-2.33525 -2.3351
-2.33524 -2.33495
-2.33524 -1.95539
-2.3352 -2.33506
-2.33519 -1.95556
-2.33519 -2.335
-2.33517 -2.33508
-2.33516 -2.33487
-2.33516 -2.33516
-2.33514 -1.9558
-2.33514 -2.33508
-2.33513 -2.33505
-2.33512 -2.3351
-2.33511 -1.95581
-2.33511 -1.95574
-2.33508 -2.33502
-2.33506 -1.9557
-2.33506 -1.95585
-2.33504 -2.33504
-2.33504 -2.33495
-2.33503 -2.33492
-2.33501 -1.95595
-2.335 -2.33475
-2.335 -1.95556
-2.335 -2.335
-2.335 -2.33492
-2.33498 -1.95585
-2.33498 -1.95591
-2.33495 -1.95585
-2.33494 -1.9558
-2.33494 -2.33462
-2.33494 -1.95562
-2.33493 1.73607
-2.3349 -1.95588
-2.3349 -1.95566
-2.3349 -2.3348
-2.3349 -1.95567
-2.33489 -1.9558
-2.33488 3.62311
-2.33488 -2.33458
-2.33487 -1.95571
-2.33487 -2.3347
-2.33486 -1.95563
-2.33486 -1.9556
-2.33486 -1.95564
-2.33485 -1.95569
-2.33484 -1.95539
-2.33484 -1.95571
-2.33484 -1.95556
-2.33483 -1.95556
-2.33481 -1.95557
-2.33481 -1.95587
-2.33481 -2.33479
-2.33481 -2.33468
-2.33479 -2.33307
-2.33479 -1.95559
-2.33479 -1.95584
-2.33479 -2.33469
-2.33479 -1.95581
-2.33478 -1.95616
-2.33477 -1.95563
-2.33477 -1.95583
-2.33476 -2.33469
-2.33476 -1.95593
-2.33475 -1.956
-2.33471 -1.95571
-2.3347 -1.95568
-2.33468 -1.95553
-2.33468 -1.95568
-2.33468 -1.95583
-2.33466 -1.95574
-2.33465 -1.2363
-2.33465 -2.33445
-2.33465 -0.502119
-2.33464 -1.95572
-2.33463 -1.95556
-2.33463 -1.95579
-2.33463 -2.33461
-2.33463 -1.95541
-2.33462 -1.74193
-2.33461 -2.33461
-2.33461 -1.95587
-2.3346 -1.95579
-2.3346 -1.95576
-2.3346 -1.95577
-2.3346 -1.95563
-2.3346 -1.74163
-2.33459 -1.50392
-2.33458 -2.33457
-2.33458 -1.74184
-2.33458 -1.95572
-2.33457 7.5
-2.33457 -1.95515
-2.33456 -1.95572
-2.33456 -1.50341
-2.33456 -1.95572
-2.33455 -1.95552
-2.33453 -1.95533
-2.33452 -1.95567
-2.33452 -1.95558
-2.33452 2.32843
-2.33452 -1.95556
-2.33452 -1.9553
-2.3345 -1.95546
-2.33449 -1.95577
-2.33449 -1.95521
-2.33449 -1.74149
-2.33449 -1.9557
-2.33448 -1.95571
-2.33448 -1.95547
-2.33448 -1.95515
-2.33447 -1.95555
-2.33447 -1.9556
-2.33447 -1.95522
-2.33447 -1.95562
-2.33445 -1.74177
-2.33443 0.499525
-2.33441 -1.9559
-2.33441 -1.95577
-2.33441 3.62311
-2.33441 -1.9556
-2.33439 4.88516
-2.33435 -1.95569
-2.33434 -1.74178
-2.33432 -1.95577
-2.33432 -1.95547
-2.33429 -1.95548
-2.33429 -1.95561
-2.33427 -1.95549
-2.33426 -1.95529
-2.33418 -1.74082
-2.33414 -1.95508
-2.33413 -1.74191
-2.33413 -1.9556
-2.3341 -1.95554
-2.33409 -1.95552
-2.33408 -1.95538
-2.33408 -1.9555
-2.33406 -0.501898
-2.33405 -1.74174
-2.33397 -1.95586
-2.33396 -1.95565
-2.33396 -1.95543
-2.33393 -1.74179
-2.33383 -1.50472
-2.33372 -1.74135
-2.33369 4.88516
-2.33366 3.62311
-2.33352 -1.74122
-2.33264 -1.95538
-2.33253 -1.74176
-2.3323 -1.50446
-2.33218 0.913857
-2.33208 3.24166
-2.33197 4.88516
-1.95584 -1.95569
-1.9558 -1.95562
-1.95569 -1.95549
-1.95569 -1.95543
-1.95568 -1.95549
-1.95565 -1.95551
-1.95564 -1.95509
-1.95563 -1.95521
-1.95562 -1.95538
-1.95561 -1.95546
-1.95559 -1.9555
-1.95555 -1.74189
-1.95554 -1.74174
-1.95554 -1.95525
-1.95553 -1.95548
-1.95552 -1.95532
-1.95552 -1.95521
-1.95551 -1.95523
-1.95551 -1.95519
-1.95551 -1.95507
-1.95551 -1.95517
-1.95551 -1.95517
-1.95549 -1.74171
-1.95549 -1.95524
-1.95548 -1.955
-1.95548 -1.74167
-1.95547 -1.95525
-1.95543 -1.95508
-1.95543 -1.95506
-1.95543 -1.95488
-1.95542 -1.95488
-1.95542 -1.9552
-1.95542 3.97214
-1.95541 -1.95532
-1.95541 -0.917886
-1.95541 -1.9551
-1.95539 -1.95497
-1.95537 -1.95531
-1.95536 -1.95524
-1.95536 -1.95512
-1.95536 -1.95534
-1.95535 -1.95534
-1.95534 -1.95519
-1.95534 -1.74189
-1.95534 -1.95523
-1.95533 -1.74184
-1.95533 -1.74168
-1.95531 -1.95505
-1.9553 -1.95528
-1.95528 -1.95524
-1.95527 -1.74184
-1.95527 -1.74176
-1.95526 -1.74198
-1.95525 -1.95512
-1.95523 -1.95502
-1.95521 -1.74156
-1.95521 -1.7417
-1.95521 -1.74166
-1.95519 -1.74141
-1.95519 -1.74179
-1.95519 -1.74129
-1.95519 -1.74111
-1.95518 -1.95495
-1.95518 -1.74153
-1.95518 -1.74194
-1.95516 -1.74149
-1.95516 -1.95492
-1.95515 -1.742
-1.95515 -1.74154
-1.95515 -1.742
-1.95515 -1.95509
-1.95514 -1.7417
-1.95513 -1.74165
-1.95512 -1.74155
-1.95512 -1.74138
-1.95512 -1.74147
-1.95511 -1.9549
-1.95508 -1.74162
-1.95508 -1.74151
-1.95508 -1.74163
-1.95507 -1.74157
-1.95507 3.24166
-1.95507 -1.74159
-1.95506 -1.74143
-1.95506 -1.74181
-1.95505 -1.74175
-1.95504 -1.95498
-1.95504 -1.95488
-1.95504 -1.95498
-1.95504 -1.74161
-1.95504 -1.74121
-1.95502 -1.74151
-1.95501 -1.74212
-1.955 -1.7418
-1.955 -1.74169
-1.95499 -1.74189
-1.95498 -1.74205
-1.95497 -1.74152
-1.95496 -1.74089
-1.95496 -1.74128
-1.95496 -1.95494
-1.95495 -1.74159
-1.95494 -1.74149
-1.95494 -1.74111
-1.95493 -1.74133
-1.95492 -1.7416
-1.95491 -1.74159
-1.95491 -1.74178
-1.95489 -1.7413
-1.95489 -1.74157
-1.95489 -1.74144
-1.95489 -1.74144
-1.95489 -1.74153
-1.95488 -1.74149
-1.95488 -1.74153
-1.95488 -1.74134
-1.95488 -1.7417
-1.95488 -1.74159
-1.95486 -1.74193
-1.95485 -1.7418
-1.95484 -1.7417
-1.95484 -1.74149
-1.95483 -1.74151
-1.95483 -1.74153
-1.95483 -1.7416
-1.95482 -1.74168
-1.95482 -1.74154
-1.95482 -1.74149
-1.95482 -1.74124
-1.95482 -1.74133
-1.95481 -1.74165
-1.95481 -1.74185
-1.9548 -1.74138
-1.9548 -1.74134
-1.9548 -1.74132
-1.95479 -1.74167
-1.95478 -1.74144
-1.95478 -1.74185
-1.95477 -1.74159
-1.95477 -1.74144
-1.95476 -1.74162
-1.95476 -1.74148
-1.95475 -1.7415
-1.95475 -1.74165
-1.95475 -1.7413
-1.95475 -1.74141
-1.95474 -1.74161
-1.95474 -1.741
-1.95473 -1.74145
-1.95473 -1.74145
-1.95473 -1.74165
-1.95472 -1.74139
-1.95469 -1.74176
-1.95469 -1.74128
-1.95468 -1.74108
-1.95468 -1.74159
-1.95468 -1.74098
-1.95465 -1.74172
-1.95465 -1.74085
-1.95465 -1.74161
-1.95465 -1.741
-1.95465 -1.74138
-1.95463 -1.74145
-1.95463 -1.7416
-1.95462 -1.74099
-1.95462 -1.95462
-1.95462 -1.74099
-1.95462 -1.7412
-1.95461 -1.74159
-1.95461 -1.74112
-1.95461 -1.74098
-1.95461 -1.74163
-1.95459 -1.74172
-1.95458 3.8589
-1.95458 -1.74093
-1.95457 -1.74082
-1.95456 -1.23643
-1.95456 -1.7417
-1.95456 -1.74172
-1.95456 -1.74098
-1.95455 -1.74104
-1.95455 -1.74108
-1.95455 -1.74117
-1.95453 -1.74095
-1.95453 -1.74099
-1.95453 -1.74148
-1.95452 3.10555
-1.95451 -1.74152
-1.9545 -1.74065
-1.9545 -1.74073
-1.9545 -1.74065
-1.9545 -1.74065
-1.9545 -1.74079
-1.9545 -1.7412
-1.9545 -1.74098
-1.9545 -1.74098
-1.9545 -1.74133
-1.9545 -1.23653
-1.95447 -1.74092
-1.95447 -1.74122
-1.95445 -1.74121
-1.95444 -1.74099
-1.95443 -1.2364
-1.95443 -1.23649
-1.95443 -1.74095
-1.95442 -1.74108
-1.9544 -1.7412
-1.95439 -1.74145
-1.95438 -1.74122
-1.95438 -1.23649
-1.95436 -1.7414
-1.95434 -1.74135
-1.95434 -1.74087
-1.95422 -1.74109
-1.95417 -1.74081
-1.95405 -1.74094
-1.95396 -1.74075
-1.95388 3.62311
-1.95334 -1.74172
-1.95322 -1.74133
-1.95302 1.73607
-1.95249 -0.917083
-1.74158 -1.74158
-1.74151 1.73607
-1.74136 -1.50551
-1.74128 -1.7411
-1.74126 -1.23632
-1.74126 -1.74115
-1.74125 -1.74095
-1.74122 -1.74098
-1.74121 -1.74097
-1.74121 -1.50498
-1.7412 -1.74096
-1.74119 -1.74065
-1.74118 -1.74109
-1.74118 -1.74093
-1.74116 -1.74106
-1.74116 -1.74113
-1.74116 -1.7411
-1.74114 -1.7409
-1.74113 5.33095
-1.7411 -1.74074
-1.7411 -1.74092
-1.7411 -1.74105
-1.7411 -1.741
-1.74109 -1.7409
-1.74106 -1.74096
-1.74106 -1.74085
-1.74105 -1.74077
-1.74104 -1.74085
-1.74104 -1.74099
-1.74103 -1.74087
-1.74103 -1.23644
-1.74103 -1.74092
-1.74102 -1.74089
-1.741 -1.74097
-1.74099 -1.74098
-1.74098 -1.50517
-1.74098 -1.74094
-1.74095 -1.7408
-1.74095 -1.74083
-1.74094 -1.74089
-1.74092 -1.50489
-1.74091 -1.73957
-1.74091 -1.74085
-1.74087 -1.74078
-1.74087 2.81662
-1.74085 -1.23653
-1.74083 -1.50478
-1.7408 -1.73956
-1.74078 -1.74071
-1.74077 -1.74061
-1.74074 -1.50484
-1.74074 -1.74061
-1.74072 -1.23664
-1.74072 -1.23661
-1.74072 -1.74061
-1.74071 -1.50494
-1.74068 -1.50468
-1.74066 -0.502286
-1.74065 -1.23638
-1.74063 -1.74057
-1.74061 -1.50514
-1.74061 -1.50499
-1.7406 -1.2363
-1.74058 -1.23637
-1.74058 -1.2363
-1.74054 -1.74048
-1.74052 -1.2363
-1.74052 -1.2362
-1.7405 -1.23638
-1.74049 -1.74026
-1.74047 -0.502042
-1.74046 -1.50468
-1.74042 -1.50493
-1.74041 -1.23623
-1.7404 -1.50475
-1.74038 -1.50426
-1.74037 -1.50422
-1.74036 -1.50425
-1.74034 -1.50431
-1.74033 5.5
-1.74033 -1.50439
-1.74032 -1.236
-1.74032 -1.74032
-1.74032 -1.5047
-1.74031 -1.23616
-1.74031 3.62311
-1.7403 -1.50416
-1.74029 -1.50409
-1.74029 -1.23594
-1.74027 -1.23587
-1.74026 -1.23621
-1.74025 -1.23621
-1.74024 -1.50436
-1.74024 -0.917418
-1.74023 -1.23606
-1.74022 -1.23617
-1.74019 -1.5044
-1.74018 -1.23597
-1.74017 -1.50441
-1.74017 -1.50388
-1.74016 -1.50409
-1.74015 -0.501807
-1.74014 -1.23629
-1.74013 -1.23572
-1.74012 -1.23611
-1.7401 -1.50417
-1.74008 -1.23588
-1.74007 -1.23596
-1.74006 -1.23578
-1.74006 -1.23581
-1.74005 3.62311
-1.74003 -1.50388
-1.74003 -1.50388
-1.74002 -1.50441
-1.73999 -1.23622
-1.73993 -0.917654
-1.73992 -1.50391
-1.73988 -1.50419
-1.73983 -0.917479
-1.73975 -1.50522
-1.73966 -1.23577
-1.73953 -0.917318
-1.73945 -1.50322
-1.73934 -1.50328
-1.73933 -1.50299
-1.73933 -1.23627
-1.73881 4.59902
-1.50451 -1.50444
-1.50424 -0.916646
-1.50422 4.08258
-1.50419 -1.23622
-1.50418 -1.23602
-1.50417 -1.50415
-1.50411 -1.23607
-1.50411 -1.50406
-1.50396 -1.23586
-1.50388 -0.917032
-1.50382 -1.23592
-1.5038 -1.50368
-1.5038 -1.50377
-1.50379 -1.23599
-1.50378 -1.23633
-1.50377 -1.50376
-1.50376 -1.23592
-1.50376 -1.50365
-1.50372 -1.23582
-1.50372 -1.23606
-1.50371 -1.23573
-1.50371 -1.50369
-1.50366 -1.23584
-1.50364 -0.917557
-1.50364 -1.23582
-1.50363 -1.23567
-1.5036 4.08258
-1.50358 -1.23571
-1.50357 -1.23587
-1.5035 -0.917488
-1.50349 -1.23584
-1.50349 -1.23593
-1.50344 -1.23573
-1.50343 -0.91688
-1.50336 -1.50275
-1.50335 -1.23563
-1.50331 -1.23591
-1.5033 -1.50314
-1.50321 -1.23545
-1.50314 -0.917091
-1.50306 0.913976
-1.50268 3.62311
-1.5026 -1.23568
-1.50251 7.31025
-1.50214 0.499238
-1.50202 3.62311
-1.502 3.74264
-1.5018 -0.50086
-1.50178 2.66228
-1.2361 -1.23604
-1.23605 -1.23577
-1.23602 -1.23594
-1.23598 -1.23595
-1.23598 -1.23577
-1.23596 -1.23583
-1.23587 -1.2356
-1.23582 -1.23581
-1.23581 -0.917502
-1.23581 -0.917519
-1.2358 -1.23567
-1.23572 -1.23546
-1.2357 -1.23563
-1.23568 -1.23557
-1.23566 -1.23557
-1.23561 -0.918097
-1.23558 -1.23551
-1.23554 -1.23542
-1.23551 -0.917551
-1.23551 -0.917785
-1.23547 -0.91782
-1.23547 -1.23546
-1.23546 -0.917557
-1.2354 -0.917596
-1.23535 -0.917561
-1.23532 -0.917639
-1.23532 -0.917225
-1.23532 -0.91739
-1.2353 -1.2353
-1.23527 -0.917113
-1.23527 -0.917396
-1.23525 -0.917321
-1.23525 -0.917291
-1.23521 -0.917551
-1.23519 -0.917431
-1.23506 -0.917152
-1.23501 4.88516
-1.23498 -0.917264
-1.23495 -0.91735
-1.23492 -0.91733
-1.23487 -0.917411
-1.23484 -0.916798
-1.23481 -0.917306
-1.2348 -0.917067
-1.23476 0.913798
-1.23445 -0.917326
-1.23425 0.499169
-1.23384 1.23199
-0.917389 -0.917184
-0.917291 -0.917029
-0.917291 -0.917127
-0.917254 -0.917121
-0.917085 -0.917075
-0.916813 -0.916721
-0.916796 -0.916547
-0.916796 -0.916547
-0.916785 -0.916694
-0.916698 -0.916635
-0.916667 2.5
-0.916567 -0.502846
-0.916567 -0.50327
-0.916528 -0.502275
-0.916528 -0.916457
-0.916461 2.32843
-0.916451 3.24166
-0.916451 4.08258
-0.916427 -0.502314
-0.916413 1.73607
-0.916403 3.74264
-0.916403 -0.91637
-0.916352 -0.502159
-0.916345 6.57107
-0.916304 -0.502698
-0.916303 1.73607
-0.916282 1.23193
-0.916234 4.39898
-0.916228 -0.50209
-0.916216 4.08258
-0.916109 1.23199
-0.915903 -0.501522
-0.915888 -0.915791
-0.915783 3.62311
-0.915745 2.5
-0.915621 3.10555
-0.915182 6.84847
-0.50252 -0.502408
-0.502488 -0.50217
-0.502219 -0.502138
-0.501993 -0.501923
-0.501945 -0.501912
-0.501841 -0.501722
-0.501803 -0.501706
-0.501668 -0.501609
-0.50157 -0.50151
-0.501559 -0.5015
-0.501434 1.73607
-0.501325 1.94949
-0.501266 -0.501206
-0.501157 1.94949
-0.501098 4.88516
-0.500999 0.498805
-0.500908 7.04983
-0.500891 0.49906
-0.500881 1.5
-0.50087 -0.500849
-0.50087 1.94949
-0.500762 1.94949
-0.500713 0.499298
-0.500643 0.498875
-0.500594 0.498507
-0.500594 0.49905
-0.500534 2.81662
-0.500475 3.5
0.499584 1.73607
0.499762 6.2082
0.499822 5.24456
0.499822 3.24166
0.499941 3.74264
0.913917 6.84847
0.913976 0.913976
0.913976 1.5
0.914035 4.59902
0.914035 4.39898
0.914035 2.66228
0.914095 2.32843
0.914095 4.5
0.914095 0.914095
0.914095 2.32843
1.23193 1.73607
1.23199 1.73607
1.23199 1.5
1.23199 3.24166
1.5 1.73607
1.5 1.73607
1.5 1.73607
1.5 3.24166
1.5 1.5
1.5 1.5
1.5 2.32843
1.5 1.73607
1.5 1.73607
1.5 1.73607
1.5 3.97214
1.5 1.73607
1.5 1.5
1.5 1.5
1.73607 1.73607
1.73607 1.94949
1.73607 1.73607
1.73607 1.73607
1.73607 1.73607
1.73607 2.32843
1.73607 4.59902
1.73607 1.73607
1.73607 1.73607
1.94949 1.94949
1.94949 1.94949
1.94949 1.94949
1.94949 2.66228
1.94949 2.5
1.94949 2.32843
1.94949 2.32843
1.94949 2.32843
2.32843 2.32843
2.32843 2.66228
2.32843 2.32843
2.32843 2.5
2.32843 2.5
2.32843 2.32843
2.32843 2.5
2.32843 3.97214
2.32843 2.5
2.32843 2.32843
2.32843 2.5
2.32843 2.5
2.32843 2.32843
2.32843 2.32843
2.32843 2.32843
2.32843 2.5
2.32843 2.32843
2.32843 2.5
2.32843 5.41608
2.32843 2.5
2.32843 2.5
2.32843 2.32843
2.32843 2.5
2.5 2.5
2.5 2.5
2.5 2.5
2.5 2.5
2.5 2.5
2.5 2.5
2.5 2.5
2.5 2.5
2.5 2.5
2.5 3.74264
2.5 2.5
2.5 2.66228
2.5 2.66228
2.5 2.66228
2.5 4.88516
2.5 2.66228
2.5 2.5
2.5 2.5
2.5 2.5
2.5 2.5
2.5 3.62311
2.5 2.5
2.5 2.5
2.5 3.10555
2.5 2.5
2.5 2.5
2.5 2.5
2.5 2.5
2.5 2.66228
2.5 2.5
2.5 2.5
2.5 2.5
2.5 2.5
2.5 2.5
2.66228 2.81662
2.66228 2.66228
2.66228 2.81662
2.66228 3.10555
2.66228 2.81662
2.66228 2.81662
2.66228 2.81662
2.66228 2.66228
2.66228 2.66228
2.66228 4.39898
2.66228 2.81662
2.66228 2.81662
2.66228 2.66228
2.66228 2.81662
2.81662 3.10555
2.81662 3.10555
2.81662 2.81662
2.81662 3.10555
2.81662 3.10555
2.81662 3.10555
2.81662 3.10555
2.81662 3.10555
2.81662 3.24166
2.81662 3.24166
2.9641 2.9641
2.9641 3.24166
2.9641 3.24166
2.9641 3.24166
2.9641 3.74264
2.9641 3.24166
2.9641 2.9641
2.9641 2.9641
2.9641 2.9641
2.9641 3.10555
2.9641 3.10555
2.9641 3.10555
2.9641 2.9641
3.10555 3.10555
3.10555 6.84847
3.10555 3.62311
3.10555 3.74264
3.10555 3.10555
3.10555 6.7111
3.10555 3.10555
3.10555 3.10555
3.10555 3.10555
3.10555 3.24166
3.10555 3.24166
3.10555 3.24166
3.10555 3.10555
3.10555 3.24166
3.10555 3.10555
3.10555 3.62311
3.10555 3.24166
3.10555 3.10555
3.10555 3.10555
3.10555 3.24166
3.10555 3.24166
3.10555 3.24166
3.10555 3.10555
3.10555 3.24166
3.10555 3.10555
3.10555 3.10555
3.10555 3.24166
3.10555 3.10555
3.10555 3.10555
3.10555 3.10555
3.10555 3.24166
3.10555 3.10555
3.10555 3.10555
3.10555 3.10555
3.10555 3.10555
3.10555 4.88516
3.10555 3.24166
3.10555 3.10555
3.10555 3.10555
3.10555 3.10555
3.10555 3.10555
3.10555 3.10555
3.10555 3.10555
3.10555 3.24166
3.10555 3.10555
3.10555 3.62311
3.10555 4.69615
3.24166 3.24166
3.24166 3.62311
3.24166 3.24166
3.24166 3.24166
3.24166 3.62311
3.24166 3.24166
3.24166 3.24166
3.24166 3.24166
3.24166 3.24166
3.24166 3.62311
3.24166 3.24166
3.24166 3.62311
3.24166 3.8589
3.24166 3.24166
3.24166 3.24166
3.24166 3.5
3.24166 3.24166
3.24166 3.62311
3.24166 3.24166
3.24166 3.62311
3.24166 3.62311
3.24166 3.24166
3.24166 3.24166
3.24166 3.24166
3.24166 3.62311
3.24166 4.08258
3.24166 3.62311
3.24166 3.62311
3.24166 3.5
3.24166 3.24166
3.24166 3.24166
3.24166 3.62311
3.24166 3.62311
3.24166 3.24166
3.24166 3.24166
3.24166 3.62311
3.24166 3.24166
3.24166 3.24166
3.24166 3.62311
3.24166 3.24166
3.24166 3.62311
3.24166 3.62311
3.24166 3.24166
3.24166 3.24166
3.24166 3.24166
3.24166 3.62311
3.24166 3.62311
3.24166 3.62311
3.5 3.62311
3.5 3.62311
3.5 3.62311
3.5 3.5
3.5 3.5
3.5 3.5
3.5 3.5
3.5 3.62311
3.5 3.5
3.5 3.62311
3.5 3.5
3.5 3.5
3.5 3.62311
3.5 3.5
3.5 3.5
3.5 3.5
3.5 3.5
3.5 4.08258
3.5 3.5
3.5 3.62311
3.5 3.62311
3.5 3.5
3.62311 5.90312
3.62311 4.88516
3.62311 3.74264
3.62311 3.74264
3.62311 3.74264
3.62311 3.62311
3.62311 3.74264
3.62311 3.62311
3.62311 3.62311
3.62311 3.8589
3.62311 3.62311
3.62311 3.62311
3.62311 3.62311
3.62311 3.74264
3.62311 3.62311
3.62311 3.74264
3.62311 3.74264
3.62311 3.62311
3.62311 3.74264
3.62311 4.5
3.62311 3.62311
3.62311 3.74264
3.62311 3.62311
3.62311 3.74264
3.62311 3.74264
3.62311 3.62311
3.62311 3.62311
3.62311 3.74264
3.62311 4.59902
3.62311 3.62311
3.62311 3.62311
3.62311 3.62311
3.62311 3.62311
3.62311 3.62311
3.62311 3.62311
3.62311 3.62311
3.62311 3.62311
3.62311 3.62311
3.62311 3.62311
3.62311 4.19042
3.62311 3.62311
3.62311 3.62311
3.62311 3.62311
3.62311 3.62311
3.62311 3.62311
3.62311 3.62311
3.62311 4.19042
3.62311 3.74264
3.62311 3.74264
3.62311 3.97214
3.62311 3.62311
3.62311 3.62311
3.62311 3.62311
3.62311 3.62311
3.62311 3.62311
3.62311 3.62311
3.62311 3.62311
3.62311 3.74264
3.62311 3.62311
3.62311 3.8589
3.62311 3.74264
3.62311 3.62311
3.62311 3.74264
3.62311 3.62311
3.62311 5.66441
3.62311 3.74264
3.62311 3.74264
3.62311 3.62311
3.62311 3.74264
3.74264 3.97214
3.74264 3.97214
3.74264 3.97214
3.74264 4.08258
3.74264 3.74264
3.74264 3.74264
3.74264 4.08258
3.74264 3.74264
3.74264 3.74264
3.74264 3.97214
3.74264 3.74264
3.74264 3.74264
3.74264 3.97214
3.74264 3.74264
3.74264 3.74264
3.74264 3.74264
3.74264 3.74264
3.74264 3.74264
3.74264 3.74264
3.74264 3.8589
3.74264 3.8589
3.74264 3.74264
3.74264 5.24456
3.74264 3.74264
3.74264 3.74264
3.74264 3.74264
3.74264 4.08258
3.74264 3.8589
3.74264 3.74264
3.74264 3.97214
3.74264 3.74264
3.74264 4.5
3.74264 3.74264
3.74264 3.74264
3.74264 4.69615
3.74264 3.74264
3.74264 3.74264
3.74264 3.8589
3.74264 3.74264
3.74264 3.74264
3.74264 3.97214
3.74264 3.8589
3.74264 3.74264
3.74264 3.74264
3.74264 6.78011
3.8589 4.08258
3.8589 4.08258
3.8589 3.8589
3.8589 3.97214
3.8589 4.88516
3.8589 4.08258
3.8589 3.8589
3.8589 4.08258
3.8589 3.8589
3.8589 4.39898
3.8589 4.08258
3.8589 3.8589
3.8589 4.08258
3.8589 3.8589
3.8589 4.08258
3.8589 3.8589
3.97214 5.90312
3.97214 4.08258
3.97214 4.08258
3.97214 3.97214
3.97214 4.08258
3.97214 3.97214
3.97214 4.08258
3.97214 3.97214
3.97214 4.08258
3.97214 4.08258
3.97214 4.39898
3.97214 4.08258
3.97214 4.39898
3.97214 3.97214
3.97214 4.08258
3.97214 4.08258
3.97214 4.08258
3.97214 4.08258
3.97214 4.08258
3.97214 7.37401
3.97214 3.97214
3.97214 4.08258
3.97214 4.08258
3.97214 4.39898
3.97214 3.97214
3.97214 4.08258
3.97214 4.5
3.97214 4.08258
3.97214 4.08258
3.97214 4.5
3.97214 4.39898
3.97214 4.08258
3.97214 3.97214
3.97214 4.08258
3.97214 4.08258
3.97214 4.08258
3.97214 3.97214
4.08258 4.08258
4.08258 4.39898
4.08258 4.08258
4.08258 4.19042
4.08258 4.08258
4.08258 4.59902
4.08258 4.39898
4.08258 4.39898
4.08258 4.39898
4.08258 4.39898
4.08258 4.5
4.08258 4.08258
4.08258 4.39898
4.08258 4.5
4.08258 4.39898
4.08258 4.19042
4.08258 4.39898
4.08258 4.39898
4.08258 4.5
4.08258 4.08258
4.08258 4.19042
4.08258 4.5
4.08258 4.08258
4.08258 4.08258
4.08258 4.08258
4.08258 4.39898
4.08258 4.39898
4.08258 4.08258
4.08258 4.39898
4.08258 4.39898
4.08258 4.08258
4.08258 4.08258
4.19042 4.39898
4.19042 4.19042
4.19042 4.19042
4.19042 4.19042
4.19042 4.19042
4.19042 4.19042
4.19042 4.19042
4.19042 4.19042
4.19042 4.19042
4.19042 4.19042
4.19042 4.19042
4.19042 4.19042
4.19042 4.19042
4.19042 4.39898
4.19042 4.59902
4.19042 4.39898
4.19042 4.39898
4.19042 4.39898
4.19042 4.39898
4.19042 4.19042
4.19042 4.39898
4.19042 4.39898
4.19042 4.39898
4.19042 4.39898
4.19042 4.19042
4.19042 4.39898
4.39898 4.39898
4.39898 4.39898
4.39898 4.39898
4.39898 4.59902
4.39898 4.69615
4.39898 4.39898
4.39898 4.39898
4.39898 4.39898
4.39898 4.69615
4.39898 4.39898
4.39898 4.59902
4.39898 4.88516
4.39898 4.39898
4.39898 4.88516
4.39898 4.39898
4.39898 4.59902
4.39898 4.5
4.39898 4.39898
4.39898 4.39898
4.39898 4.39898
4.39898 4.59902
4.39898 4.5
4.5 4.59902
4.5 4.59902
4.5 4.59902
4.5 4.5
4.5 4.5
4.5 4.5
4.5 4.5
4.5 4.5
4.5 4.5
4.5 4.5
4.5 4.5
4.5 4.59902
4.5 5.66441
4.5 4.5
4.5 4.5
4.5 4.88516
4.5 4.5
4.5 4.5
4.5 4.5
4.5 5.90312
4.5 4.5
4.5 4.59902
4.5 4.5
4.5 5.58276
4.5 4.5
4.5 4.5
4.5 4.5
4.5 4.5
4.5 4.5
4.5 4.5
4.5 4.5
4.5 4.5
4.5 4.59902
4.5 4.59902
4.5 4.5
4.5 4.5
4.5 4.5
4.5 4.5
4.5 4.5
4.5 4.5
4.5 4.5
4.5 4.5
4.5 4.5
4.5 4.5
4.5 4.5
4.5 4.5
4.5 4.5
4.5 4.59902
4.5 4.59902
4.5 4.5
4.5 4.5
4.5 4.59902
4.5 4.88516
4.5 4.5
4.5 4.5
4.5 4.5
4.5 4.5
4.5 4.5
4.5 4.59902
4.5 4.5
4.5 4.5
4.5 4.5
4.5 4.5
4.5 4.5
4.5 4.59902
4.5 4.5
4.5 4.5
4.5 4.5
4.5 4.5
4.5 4.5
4.5 4.5
4.5 4.59902
4.5 4.5
4.5 4.5
4.5 4.59902
4.5 4.59902
4.5 4.5
4.5 4.5
4.5 4.59902
4.5 4.5
4.5 4.59902
4.5 4.5
4.5 4.5
4.5 4.59902
4.5 4.59902
4.5 4.5
4.5 4.5
4.5 4.59902
4.5 4.5
4.5 4.5
4.5 4.59902
4.5 4.5
4.5 4.5
4.5 4.59902
4.59902 4.59902
4.59902 4.69615
4.59902 4.59902
4.59902 4.59902
4.59902 4.59902
4.59902 4.59902
4.59902 4.88516
4.59902 4.59902
4.59902 4.69615
4.59902 4.88516
4.59902 4.59902
4.59902 4.88516
4.59902 4.59902
4.59902 4.59902
4.59902 4.59902
4.59902 4.59902
4.59902 4.59902
4.59902 4.59902
4.59902 4.69615
4.59902 4.69615
4.59902 4.69615
4.59902 4.59902
4.59902 4.59902
4.59902 4.59902
4.59902 4.88516
4.59902 4.88516
4.59902 4.59902
4.59902 4.88516
4.59902 4.88516
4.59902 4.59902
4.59902 4.69615
4.59902 4.59902
4.59902 4.88516
4.59902 4.69615
4.59902 4.59902
4.59902 4.59902
4.59902 4.59902
4.59902 5.15685
4.59902 4.88516
4.59902 6.28233
4.59902 4.69615
4.59902 4.88516
4.59902 4.59902
4.59902 4.59902
4.59902 4.59902
4.59902 4.88516
4.59902 4.59902
4.59902 4.59902
4.59902 4.59902
4.59902 4.69615
4.59902 4.59902
4.59902 4.59902
4.59902 4.97723
4.59902 4.69615
4.59902 4.59902
4.59902 4.69615
4.59902 4.59902
4.59902 4.59902
4.59902 4.59902
4.69615 5.24456
4.69615 4.88516
4.69615 4.69615
4.69615 4.88516
4.69615 4.88516
4.69615 4.69615
4.69615 4.88516
4.69615 4.88516
4.69615 4.88516
4.69615 4.69615
4.69615 4.88516
4.69615 4.88516
4.69615 4.69615
4.69615 4.88516
4.69615 4.69615
4.69615 4.69615
4.69615 7.56226
4.69615 4.88516
4.69615 4.88516
4.69615 4.88516
4.69615 4.88516
4.69615 4.88516
4.69615 4.88516
4.69615 4.88516
4.69615 4.88516
4.69615 4.88516
4.88516 5.15685
4.88516 5.82456
4.88516 4.88516
4.88516 4.88516
4.88516 4.97723
4.88516 4.88516
4.88516 4.88516
4.88516 4.88516
4.88516 4.88516
4.88516 5.98074
4.88516 5.24456
4.88516 4.88516
4.88516 4.88516
4.88516 4.88516
4.88516 4.97723
4.88516 4.88516
4.88516 4.88516
4.88516 4.97723
4.88516 4.88516
4.88516 4.88516
4.88516 4.88516
4.88516 4.88516
4.88516 4.88516
4.88516 4.97723
4.88516 4.88516
4.88516 4.88516
4.88516 4.88516
4.88516 4.97723
4.88516 5.24456
4.88516 4.88516
4.88516 4.88516
4.88516 4.88516
4.88516 4.88516
4.88516 4.88516
4.88516 4.97723
4.88516 4.88516
4.88516 4.88516
4.88516 4.88516
4.88516 4.88516
4.88516 4.88516
4.88516 4.97723
4.88516 4.88516
4.97723 5.41608
4.97723 4.97723
4.97723 4.97723
4.97723 5.24456
4.97723 5.15685
4.97723 5.15685
4.97723 5.24456
4.97723 4.97723
4.97723 5.24456
5.15685 5.15685
5.15685 5.15685
5.15685 5.15685
5.15685 5.15685
5.15685 5.33095
5.15685 6.57107
5.15685 5.15685
5.15685 5.15685
5.15685 5.15685
5.15685 5.15685
5.15685 5.15685
5.15685 5.15685
5.15685 5.15685
5.15685 5.24456
5.15685 5.15685
5.15685 5.24456
5.15685 5.15685
5.15685 5.15685
5.15685 5.15685
5.15685 5.41608
5.24456 5.24456
5.24456 6.2082
5.24456 5.24456
5.24456 5.41608
5.24456 5.24456
5.24456 5.24456
5.24456 5.41608
5.24456 5.24456
5.24456 5.24456
5.24456 5.24456
5.24456 5.41608
5.24456 5.24456
5.33095 5.33095
5.33095 5.41608
5.33095 5.33095
5.33095 5.33095
5.33095 5.33095
5.33095 5.41608
5.33095 5.41608
5.33095 5.41608
5.33095 5.41608
5.33095 5.5
5.33095 5.41608
5.33095 5.33095
5.33095 5.41608
5.33095 5.33095
5.33095 5.41608
5.33095 5.66441
5.33095 5.41608
5.41608 5.66441
5.41608 5.41608
5.41608 5.5
5.41608 5.41608
5.41608 5.66441
5.41608 5.66441
5.41608 5.66441
5.41608 5.58276
5.5 5.66441
5.5 5.66441
5.5 5.58276
5.5 5.58276
5.5 5.98074
5.5 7.11577
5.5 5.5
5.5 5.5
5.5 5.5
5.5 5.66441
5.5 5.58276
5.5 5.58276
5.5 5.5
5.5 5.58276
5.5 5.58276
5.5 5.5
5.5 5.5
5.5 5.5
5.5 6.05744
5.5 5.5
5.5 6.57107
5.5 5.90312
5.5 5.66441
5.5 5.5
5.5 5.5
5.5 5.5
5.5 6.2082
5.58276 6.2082
5.58276 5.58276
5.58276 5.66441
5.58276 5.58276
5.58276 5.66441
5.58276 5.66441
5.58276 6.5
5.58276 5.58276
5.58276 5.66441
5.66441 5.66441
5.66441 5.90312
5.66441 5.66441
5.66441 5.66441
5.66441 5.66441
5.66441 5.66441
5.66441 5.90312
5.66441 5.66441
5.66441 5.66441
5.66441 5.82456
5.66441 5.66441
5.66441 5.66441
5.66441 5.82456
5.66441 5.66441
5.66441 5.90312
5.66441 9.44987
5.66441 5.66441
5.66441 5.66441
5.66441 5.66441
5.66441 5.66441
5.66441 5.90312
5.82456 5.82456
5.82456 5.82456
5.82456 5.90312
5.82456 6.5
5.82456 5.90312
5.82456 5.90312
5.82456 5.82456
5.82456 5.90312
5.82456 5.90312
5.82456 5.90312
5.82456 5.90312
5.82456 5.90312
5.82456 5.90312
5.90312 5.90312
5.90312 5.98074
5.90312 5.90312
5.90312 5.90312
5.90312 5.90312
5.90312 5.90312
5.90312 5.90312
5.90312 5.90312
5.90312 5.90312
5.90312 6.13325
5.90312 5.90312
5.90312 5.90312
5.90312 5.90312
5.90312 5.90312
5.90312 6.05744
5.90312 5.90312
5.90312 5.90312
5.90312 5.90312
5.90312 5.90312
5.90312 5.90312
5.90312 5.90312
5.90312 5.90312
5.90312 5.90312
5.90312 5.90312
5.90312 5.90312
5.90312 5.90312
5.90312 5.98074
5.90312 5.90312
5.90312 5.90312
5.90312 5.90312
5.90312 5.90312
5.90312 5.98074
5.90312 6.05744
5.90312 5.90312
5.90312 5.90312
5.90312 5.98074
5.90312 5.90312
5.90312 5.98074
5.90312 5.98074
5.90312 5.90312
5.90312 6.13325
5.90312 6.05744
5.90312 5.90312
5.90312 6.05744
5.90312 5.90312
5.90312 6.05744
5.90312 5.98074
5.90312 5.90312
5.90312 5.90312
5.90312 5.90312
5.98074 6.05744
5.98074 6.2082
5.98074 6.2082
5.98074 6.2082
5.98074 6.05744
5.98074 6.05744
5.98074 6.05744
5.98074 6.05744
5.98074 5.98074
5.98074 6.2082
6.05744 6.2082
6.05744 6.13325
6.05744 6.13325
6.05744 6.13325
6.05744 6.2082
6.13325 6.2082
6.13325 6.28233
6.13325 6.2082
6.2082 6.28233
6.2082 6.2082
6.2082 6.5
6.2082 6.28233
6.2082 6.28233
6.2082 6.28233
6.2082 6.2082
6.2082 6.28233
6.2082 6.2082
6.2082 6.5
6.2082 6.2082
6.2082 6.2082
6.2082 6.28233
6.2082 6.2082
6.2082 6.2082
6.28233 6.5
6.28233 6.5
6.28233 6.5
6.28233 6.5
6.4282 6.57107
6.4282 6.4282
6.5 6.5
6.5 6.5
6.5 6.5
6.5 6.5
6.5 6.57107
6.5 6.57107
6.5 6.5
6.5 6.5
6.5 6.5
6.5 6.5
6.5 6.5
6.5 7.74621
6.5 6.57107
6.5 7.56226
6.5 6.5
6.57107 6.7111
6.57107 6.57107
6.57107 6.64143
6.57107 6.57107
6.57107 6.57107
6.57107 6.64143
6.57107 6.57107
6.57107 6.64143
6.57107 6.57107
6.57107 6.64143
6.57107 7.56226
6.57107 6.57107
6.57107 6.57107
6.57107 6.64143
6.57107 6.7111
6.64143 6.84847
6.64143 6.84847
6.64143 6.7111
6.64143 6.64143
6.64143 6.64143
6.7111 6.7111
6.7111 6.78011
6.7111 7.56226
6.78011 6.84847
6.78011 6.84847
6.78011 6.84847
6.78011 6.84847
6.78011 6.78011
6.78011 6.78011
6.84847 6.84847
6.84847 6.84847
6.98331 7.31025
6.98331 7.18115
6.98331 7.04983
7.04983 7.56226
7.04983 7.31025
7.11577 7.31025
7.11577 7.11577
7.11577 7.18115
7.11577 7.31025
7.11577 7.18115
7.11577 7.18115
7.11577 7.18115
7.11577 7.18115
7.11577 7.18115
7.11577 7.18115
7.11577 7.11577
7.18115 7.18115
7.18115 7.18115
7.18115 7.18115
7.18115 7.31025
7.18115 7.18115
7.18115 7.31025
7.18115 7.37401
7.18115 7.31025
7.18115 7.31025
7.18115 7.37401
7.31025 7.31025
7.31025 7.31025
7.31025 7.37401
7.31025 7.37401
7.31025 7.37401
7.31025 7.31025
7.37401 7.37401
7.37401 7.37401
7.37401 7.62404
7.37401 7.56226
7.37401 7.37401
7.37401 7.56226
7.5 7.5
7.5 7.5
7.5 7.5
7.5 7.62404
7.5 7.5
7.56226 7.56226
7.56226 7.56226
7.56226 7.56226
7.62404 7.62404
7.62404 7.68535
7.62404 7.62404
7.62404 7.62404
7.68535 7.74621
7.74621 7.80662
7.74621 7.74621
7.98528 7.98528
8.10233 8.10233
8.10233 8.10233
8.16025 8.33176
8.16025 8.33176
8.27496 8.33176
8.27496 8.27496
8.66515 8.77362
8.71954 8.71954
8.71954 8.71954
8.71954 8.93398
8.71954 8.98683
8.71954 8.71954
8.93398 8.93398
8.98683 9.34886
9.19536 9.19536
9.34886 9.34886
9.34886 9.44987
9.34886 9.44987
9.5 9.98809
9.5 9.54988
9.5 9.69804
9.5 9.54988
9.5 9.54988
9.54988 9.5995
9.54988 9.54988
9.54988 9.74695
9.69804 9.74695
9.74695 9.8923
9.79563 9.79563
9.84408 9.84408
9.8923 9.98809
9.98809 10.1301
9.98809 9.98809
9.98809 10.2703
10.1771 10.2703
10.2238 10.3167
10.2703 10.3167
10.3167 10.3628
10.3167 10.4545
10.3628 10.4545
10.3628 10.5
10.6803 10.6803
10.8137 10.8578
10.8137 10.8137
11.6655 11.8693
