-10.2671 -10.2207
-10.2195 -10.1735
-10.1728 -9.98267
-9.98234 -9.73987
-9.88565 -9.59094
-9.88564 -9.78814
-9.88503 -9.59095
-9.78827 -9.73981
-9.73832 -9.49054
-9.59019 -9.49045
-9.48995 -9.43956
-9.0247 -8.97247
-8.70157 -8.53682
-8.7011 -8.5361
-8.5357 -8.4802
-8.47932 -8.31045
-8.36742 -8.31057
-8.36699 -8.25262
-8.30958 -8.13691
-8.19472 -8.1369
-8.13613 -8.07839
-8.07754 -8.00804
-8.07745 -8.00796
-7.83996 -7.77901
-7.7794 -7.7685
-7.77894 -7.59508
-7.77837 -7.7782
-7.65583 -7.59442
-7.6555 -7.59456
-7.59434 -7.58386
-7.59375 -7.40587
-7.59372 -7.40555
-7.59371 -7.14654
-7.59367 -7.14647
-7.59364 -7.40518
-7.40569 -7.40515
-7.40514 -7.34174
-7.40514 -7.34167
-7.34094 -7.34085
-7.34007 -7.21194
-7.34006 -7.21192
-7.21118 -7.14662
-7.21063 -6.52765
-7.0128 -6.87778
-7.01229 -6.87691
-6.87753 -6.67034
-6.87753 -6.80952
-6.87734 -6.80907
-6.87685 -6.59938
-6.87676 -6.80874
-6.87668 -6.66988
-6.87637 -6.59886
-6.86768 -6.80881
-6.80908 -6.80831
-6.80883 -6.74013
-6.80858 -6.74038
-6.80835 -6.73931
-6.80779 -6.528
-6.80779 -6.73989
-6.79889 -6.72977
-6.73848 -6.66953
-6.66978 -6.59961
-6.66969 -6.59948
-6.66962 -6.59928
-6.66945 -6.59006
-6.66881 -6.59851
-6.59914 -6.52848
-6.59858 -6.59851
-6.59853 -6.59837
-6.59843 -6.52756
-6.59817 -6.52782
-6.59804 -6.08376
-6.59762 -6.52803
-6.59747 -6.52691
-6.58925 -6.52789
-6.5278 -6.52771
-6.5277 -6.45545
-6.52755 -6.45566
-6.52746 -6.30945
-6.52707 -6.16
-6.52679 -6.45484
-6.5262 -6.52618
-6.52606 -6.30931
-6.45512 -6.23486
-6.45504 -6.23472
-6.45504 -6.23495
-6.45481 -6.08357
-6.45481 -6.08353
-6.45479 -6.23471
-6.45478 -6.23461
-6.45478 -6.23468
-6.45476 -6.0837
-6.45472 -5.92876
-6.45472 -5.92873
-6.45472 -5.9285
-6.45472 -5.92873
-6.45465 -6.30926
-6.45449 -5.92872
-6.30879 -6.23486
-6.30855 -6.22593
-6.3085 -6.23472
-6.30837 -6.23405
-6.30837 -6.00652
-6.15873 -6.08332
-6.15859 -6.08299
-6.15838 -5.84907
-6.15827 -6.00596
-6.1501 -5.92787
-6.08328 -5.92876
-6.08303 -5.9284
-6.08301 -5.92821
-6.08301 -6.00606
-6.08266 -6.00636
-6.08264 -5.92846
-6.08247 -6.00569
-6.0822 -5.92884
-6.0819 -5.92881
-6.00602 -5.92
-6.00581 -5.92856
-6.00569 -5.92887
-6.0056 -5.92894
-6.00551 -5.84949
-6.0055 -5.92841
-6.00511 -5.84971
-5.92843 -5.92811
-5.92837 -5.92806
-5.92837 -5.92825
-5.92822 -5.9276
-5.92819 -5.92803
-5.92813 -5.92775
-5.92797 -5.84975
-5.92788 -5.92744
-5.92782 -5.84933
-5.92775 -5.84964
-5.92762 -5.6888
-5.92759 -5.91968
-5.92753 -5.68883
-5.92753 -5.68884
-5.92749 -5.52336
-5.92746 -5.84948
-5.92746 -5.84936
-5.92738 -5.68868
-5.92737 -5.68912
-5.92737 -5.84968
-5.92736 -5.52373
-5.92732 -5.84967
-5.92731 -5.68816
-5.92728 -5.35398
-5.92725 -5.52335
-5.92721 -5.68779
-5.92718 -5.84901
-5.92718 -5.84904
-5.92717 -5.35402
-5.92714 -5.52373
-5.92713 -5.35405
-5.9271 -5.84946
-5.92706 -5.68879
-5.92703 -5.84891
-5.927 -5.68852
-5.927 -5.84945
-5.92697 -5.68837
-5.92696 -5.68895
-5.92683 -5.68837
-5.92679 -5.68899
-5.92679 -5.6885
-5.92676 -5.84978
-5.92675 -5.52354
-5.92674 -5.68891
-5.92657 -5.52364
-5.92655 -4.90579
-5.92647 -5.52322
-5.84925 -5.84892
-5.84922 -5.68899
-5.84881 -5.84878
-5.84864 -5.68841
-5.84838 -5.68805
-5.84829 -5.52371
-5.84816 -5.68762
-5.84813 -5.68806
-5.84811 -5.68796
-5.84793 -5.84107
-5.68869 -5.68816
-5.68853 -5.68819
-5.68853 -5.68849
-5.68844 -5.68834
-5.6884 -5.68819
-5.68836 -5.52393
-5.68829 -5.60722
-5.68828 -5.43936
-5.68823 -5.52384
-5.68814 -5.68805
-5.68812 -5.60671
-5.68812 -5.52368
-5.68812 -5.35412
-5.68801 -5.52267
-5.688 -5.35408
-5.68797 -5.43963
-5.68797 -5.60605
-5.68793 -5.43974
-5.68792 -5.60668
-5.68792 -5.35393
-5.6879 -5.43934
-5.68789 -5.6876
-5.6878 -5.43948
-5.68772 -5.43948
-5.68766 -5.35391
-5.68758 -5.60722
-5.68758 -5.3537
-5.68757 -5.35393
-5.68757 -5.43921
-5.68755 -5.60676
-5.68752 -5.43944
-5.68749 -5.43923
-5.68747 -5.60705
-5.68734 -5.43876
-5.68728 -5.43865
-5.68723 -5.439
-5.68722 -5.60689
-5.68718 -5.43932
-5.68713 -5.43925
-5.68684 -5.35342
-5.68663 -5.26707
-5.68023 -5.60649
-5.60649 -5.5239
-5.60646 -5.60635
-5.60641 -5.6062
-5.60639 -5.52347
-5.60626 -5.52381
-5.60604 -5.52344
-5.60587 -5.59859
-5.60584 -5.43933
-5.60573 -5.43888
-5.60571 -5.2672
-5.60567 -5.43893
-5.60545 -5.52362
-5.60523 -5.35352
-5.60503 -5.52365
-5.60471 -5.26664
-5.59776 -5.52341
-5.52327 -5.5229
-5.52327 -5.35374
-5.52326 -5.35377
-5.52321 -5.35395
-5.5232 -5.35364
-5.52314 -5.26728
-5.52311 -5.35333
-5.52299 -5.35324
-5.52299 -5.35351
-5.52296 -5.43931
-5.5229 -5.43964
-5.52282 -5.52271
-5.52269 -5.43936
-5.52268 -5.26742
-5.52266 -5.2675
-5.52257 -5.26725
-5.52254 -5.35354
-5.52249 -5.35337
-5.5224 -5.26743
-5.4392 -5.43897
-5.43912 -5.26699
-5.43912 -5.35417
-5.43912 -5.35417
-5.43909 -5.35431
-5.43909 -5.3542
-5.43898 -5.35356
-5.43891 -5.2672
-5.43886 -5.35374
-5.43854 -5.2669
-5.43848 -5.26703
-5.43845 -5.35375
-5.43845 -5.35375
-5.43845 -5.35401
-5.43842 -5.35356
-5.43833 -5.35417
-5.43824 -5.35312
-5.4382 -5.35368
-5.43808 -5.35312
-5.43801 -3.5139
-5.43788 -5.26632
-5.43745 -4.51926
-5.35347 -5.26685
-5.3533 -4.99874
-5.35326 -5.26658
-5.35326 -5.26633
-5.35325 -5.26653
-5.35325 -5.35313
-5.35316 -5.26678
-5.35316 -5.26716
-5.35315 -5.26664
-5.35315 -5.26719
-5.35312 -5.26711
-5.35311 -5.26648
-5.35309 -5.26599
-5.35309 -5.26663
-5.35304 -5.35298
-5.35298 -5.26698
-5.35298 -5.26696
-5.35298 -5.26696
-5.35295 -5.35196
-5.35295 -5.35272
-5.35292 -5.26701
-5.35289 -4.90642
-5.35288 -4.90654
-5.35285 -5.34611
-5.35285 -4.90608
-5.35285 -4.90618
-5.35284 -5.26663
-5.35283 -4.90647
-5.35281 -5.26698
-5.35275 -5.26643
-5.35275 -4.90637
-5.35275 -4.90609
-5.35268 -4.90633
-5.35268 -4.90641
-5.35266 -5.17857
-5.35263 -4.90635
-5.3526 -4.90641
-5.3526 -4.90608
-5.35252 -5.26676
-5.35244 -5.17912
-5.35244 -4.90654
-5.35243 -5.26642
-5.35232 -4.90648
-5.35217 -4.90606
-5.3521 -5.17838
-5.35207 -5.26635
-5.35206 -3.6376
-5.26688 -4.99892
-5.26674 -5.2666
-5.26665 -5.17885
-5.26656 -4.99878
-5.26655 -5.26654
-5.2665 -5.26638
-5.26647 -5.17874
-5.26644 -5.17869
-5.26641 -4.99875
-5.26639 -4.9988
-5.26634 -5.2662
-5.26632 -5.1786
-5.26632 -5.1786
-5.26626 -4.99881
-5.26624 -5.17881
-5.26621 -4.90629
-5.2662 -5.17893
-5.26618 -4.99886
-5.26616 -5.26609
-5.26615 -4.99854
-5.26614 -5.179
-5.26608 -4.99856
-5.26599 -5.17846
-5.2659 -4.99869
-5.2658 -4.90621
-5.26575 -4.99859
-5.26575 -4.99892
-5.26572 -4.90632
-5.26571 -4.99852
-5.26571 -5.17859
-5.26571 -4.99831
-5.26564 -4.99856
-5.26559 -4.9065
-5.26556 -4.90603
-5.26554 -4.99858
-5.26549 -4.90615
-5.26545 -4.90553
-5.26539 -4.90635
-5.26538 -4.99882
-5.26526 -4.90594
-5.26509 -4.71646
-5.17803 -3.98915
-5.1779 -4.90622
-5.17778 -4.90568
-5.17772 -4.99843
-5.17755 -4.99835
-5.1775 -4.5193
-5.17747 -4.90593
-5.17747 -4.90593
-5.17745 -4.90586
-5.17744 -4.90573
-5.1774 -4.61878
-5.17737 -4.51944
-5.17735 -4.90614
-5.17728 -4.90622
-5.17724 -4.51947
-5.17721 -4.90587
-5.17714 -4.90581
-5.17705 -4.51956
-5.17702 -4.90545
-5.1769 -4.5193
-4.99862 -4.99841
-4.99846 -4.90649
-4.9984 -4.90651
-4.99832 -4.90664
-4.99832 -4.90626
-4.99826 -4.90574
-4.99823 -4.90625
-4.9982 -4.90594
-4.99805 -4.90597
-4.998 -4.90578
-4.99797 -1.95834
-4.99791 -4.90586
-4.99784 -4.90562
-4.99778 -4.90623
-4.99777 -4.71615
-4.99776 -4.90525
-4.99769 -4.90626
-4.99766 -4.90529
-4.99753 -4.90613
-4.99748 -4.9057
-4.99747 -4.90548
-4.99745 -4.90538
-4.99739 -4.71595
-4.99699 -4.71643
-4.99065 -4.09975
-4.90582 -4.90537
-4.90579 -4.90577
-4.90577 -4.90564
-4.90577 -4.61906
-4.90568 -4.71642
-4.90566 -4.71613
-4.90562 -4.71643
-4.9056 -4.90523
-4.90559 -4.61897
-4.90547 -4.6188
-4.90543 -4.90541
-4.90541 -4.90525
-4.90541 -4.71607
-4.9054 -4.71608
-4.90534 -4.89903
-4.90528 -4.90512
-4.90526 -4.61873
-4.90526 -4.61896
-4.90523 -4.71601
-4.90521 -4.61918
-4.9052 -4.90517
-4.90519 -4.90487
-4.90513 -4.61862
-4.90508 -4.61876
-4.905 -4.61915
-4.90496 -4.71576
-4.90494 -4.61897
-4.90491 -4.71561
-4.90487 -4.61814
-4.90483 -4.61865
-4.9048 -4.61867
-4.90477 -4.61828
-4.90473 -4.61846
-4.90464 -4.51854
-4.90455 -4.61885
-4.90453 -4.61883
-4.90452 -4.61843
-4.90446 -4.61866
-4.90445 -4.71645
-4.90444 -4.61867
-4.90442 -4.71572
-4.90437 -4.61866
-4.90436 -4.61846
-4.90429 -4.61879
-4.9042 -4.61806
-4.90419 -4.71612
-4.904 -4.51918
-4.90397 -4.6185
-4.71627 -4.61889
-4.7162 -4.61914
-4.71603 -4.61916
-4.71603 -4.619
-4.71595 -4.6184
-4.71584 -4.61888
-4.71583 -4.61904
-4.71583 -4.61897
-4.71581 -4.61869
-4.7158 -4.61831
-4.7158 -4.41784
-4.71579 -4.71562
-4.71576 -4.71544
-4.71572 -4.6189
-4.71568 -4.7155
-4.71568 -4.61898
-4.71566 -4.41789
-4.71565 -4.61896
-4.71563 -4.61867
-4.71562 -4.61832
-4.71562 -4.61842
-4.71558 -4.61857
-4.71551 -4.51886
-4.71551 -4.61836
-4.7155 -4.619
-4.71547 -4.61221
-4.71546 -4.61862
-4.71546 -4.61863
-4.71544 -4.61813
-4.71544 -4.61844
-4.71542 -4.41785
-4.71541 -4.61869
-4.71538 -4.61813
-4.71534 -4.20861
-4.71534 -4.20867
-4.71534 -4.61879
-4.71529 -4.20882
-4.71524 -4.41784
-4.7152 -4.41756
-4.71516 -4.61916
-4.71509 -4.61817
-4.71508 -4.61835
-4.71505 -4.41758
-4.71502 -4.20865
-4.71502 -4.20841
-4.71494 -4.61884
-4.71488 -4.41721
-4.71488 -4.61875
-4.71477 -4.61865
-4.70947 -4.61909
-4.61863 -4.61847
-4.61861 -4.61857
-4.61849 -4.51942
-4.61849 -4.61848
-4.61849 -4.61843
-4.61847 -4.51939
-4.61844 -4.61831
-4.61843 -4.61785
-4.61839 -4.5194
-4.61839 -4.41803
-4.61836 -4.61204
-4.61827 -4.51917
-4.61824 -4.51921
-4.61822 -4.51912
-4.61815 -4.51965
-4.61814 -4.5191
-4.61814 -4.6181
-4.61808 -4.51885
-4.61806 -4.51951
-4.61804 -4.61797
-4.61803 -4.51931
-4.61796 -4.5191
-4.6179 -4.51271
-4.61787 -4.6178
-4.61787 -4.61776
-4.61786 -4.51911
-4.61784 -4.51955
-4.6178 -4.51939
-4.61779 -4.41768
-4.61779 -4.51883
-4.61778 -4.51958
-4.61775 -4.2088
-4.61772 -4.51854
-4.61769 -4.51904
-4.61767 -4.1004
-4.61763 -4.51941
-4.61762 -4.51932
-4.61762 -4.41803
-4.61761 -4.51833
-4.61758 -4.51948
-4.61755 -4.41785
-4.61752 -4.10022
-4.61751 -4.41745
-4.6175 -4.51933
-4.6175 -4.51845
-4.61748 -4.51859
-4.61748 -4.51977
-4.61744 -4.51962
-4.61742 -4.51892
-4.61742 -4.41733
-4.61741 -4.51893
-4.61729 -4.61702
-4.61723 -4.51934
-4.61712 -4.51918
-4.61708 -4.51852
-4.61706 -4.20843
-4.61702 -4.5195
-4.61701 -4.41726
-4.61693 -4.20836
-4.61693 -4.51867
-4.6167 -4.51818
-4.61206 -4.51965
-4.61166 -4.51281
-4.61141 -3.63881
-4.60705 -4.51199
-4.51867 -4.51856
-4.51862 -4.51856
-4.51858 -4.41765
-4.51846 -4.5126
-4.51846 -4.51842
-4.51833 -4.51242
-4.5183 -4.41727
-4.51823 -4.20821
-4.51811 -4.41701
-4.5179 -4.10029
-4.51781 -3.11817
-4.5178 -4.20818
-4.51779 -4.41693
-4.51774 -4.4172
-4.51772 -4.20836
-4.5177 -3.98933
-4.51753 -4.41752
-4.51738 -4.10011
-4.51734 -4.51721
-4.51731 -4.51217
-4.51725 -3.98928
-4.51696 -3.98893
-4.51691 -3.25501
-4.51684 -3.98888
-4.5167 -3.98893
-4.51664 -3.98883
-4.51199 -4.51198
-4.51116 -2.67412
-4.41767 -4.41724
-4.41751 -4.20872
-4.41735 -4.20809
-4.41735 -4.20815
-4.4173 -4.41697
-4.41728 -4.20851
-4.41728 -4.20851
-4.41726 -4.10032
-4.41726 -4.20813
-4.41723 -4.20774
-4.41713 -4.10032
-4.4171 -4.41676
-4.41701 -4.20805
-4.417 -4.20852
-4.417 -4.20851
-4.41693 -4.20838
-4.41684 -4.10017
-4.4168 -4.208
-4.4168 -4.20818
-4.41679 -4.09977
-4.41675 -4.09998
-4.41674 -4.20832
-4.41672 -4.10012
-4.4167 -4.09997
-4.41668 -4.10004
-4.41668 -4.10016
-4.41668 -4.1
-4.41666 -4.10049
-4.41663 -4.41653
-4.41661 -4.10012
-4.41658 -4.09953
-4.41656 -4.10014
-4.41655 -3.51466
-4.41653 -4.09994
-4.41645 -3.7589
-4.4164 -4.10001
-4.41636 -4.10014
-4.41635 -4.10014
-4.41628 -4.1003
-4.41623 -4.10028
-4.41622 -4.41586
-4.41613 -3.98939
-4.416 -2.82914
-4.41599 -4.09976
-4.41594 -4.09945
-4.4152 -3.63831
-4.20824 -4.10034
-4.20816 -4.10036
-4.20812 -4.10015
-4.20807 -3.87585
-4.20793 -4.10033
-4.20788 -3.98887
-4.20788 -4.20775
-4.20766 -4.09965
-4.20755 -4.09925
-4.20745 -4.09987
-4.20745 -4.1
-4.20743 -3.51446
-4.20739 -4.09994
-4.20739 -4.10032
-4.20736 -4.09979
-4.20736 -4.09949
-4.20733 -3.87581
-4.20732 -4.09966
-4.20729 -3.87574
-4.20728 -4.10022
-4.20722 -4.09943
-4.20721 -4.09995
-4.20716 -4.10005
-4.20711 -3.87548
-4.2071 -4.09984
-4.20707 -3.875
-4.20706 -3.87557
-4.20704 -4.09989
-4.20695 -3.87529
-4.20692 -4.0989
-4.20684 -3.98909
-4.20683 -3.87568
-4.10009 -4.09989
-4.10003 -3.98952
-4.1 -4.09961
-4.09998 -4.09988
-4.09996 -4.09978
-4.09991 -4.09962
-4.09986 -4.09975
-4.09976 -4.09952
-4.09969 -3.98919
-4.09968 -3.98924
-4.09965 -3.98918
-4.0996 -3.98927
-4.0996 -3.87535
-4.09956 -4.09928
-4.09953 -4.09949
-4.09949 -4.09924
-4.09947 -3.98944
-4.09937 -3.98877
-4.09936 -3.98906
-4.09934 -3.75892
-4.09934 -3.98908
-4.09931 -3.98878
-4.09924 -4.09913
-4.09919 -3.98896
-4.09913 -3.87546
-4.09913 -3.63886
-4.09913 -3.98944
-4.09907 -3.75893
-4.09905 -3.98939
-4.09904 -3.98917
-4.09904 -3.87532
-4.09902 -3.98924
-4.09901 -3.98883
-4.09899 -3.98933
-4.09897 -3.87539
-4.09896 -3.87558
-4.09895 -3.98844
-4.09894 -3.63908
-4.09894 -3.63908
-4.09893 -3.87509
-4.09888 -3.75915
-4.09886 -3.87511
-4.09886 -3.87524
-4.09885 -3.87501
-4.09884 -3.87512
-4.09883 -3.9891
-4.09883 -3.9892
-4.09879 -3.9893
-4.09879 -3.87522
-4.09878 -3.87518
-4.09878 -3.63884
-4.0987 -3.8752
-4.0987 -3.8755
-4.0987 -3.98839
-4.09869 -3.6386
-4.0986 -3.98898
-4.09855 -3.98808
-4.09852 -3.87515
-4.09851 -3.87536
-4.09848 -3.7586
-4.09846 -3.98877
-4.09843 -3.63891
-4.09829 -3.75889
-4.09829 -3.6384
-4.09827 -3.63825
-4.09804 -3.63793
-4.09406 -3.98947
-4.09386 -3.98912
-3.98866 -3.9834
-3.98862 -3.8757
-3.98856 -3.98335
-3.98853 -3.98824
-3.98853 -3.75888
-3.98851 -3.87525
-3.98844 -3.87506
-3.98843 -3.87524
-3.9884 -3.75886
-3.98836 -3.87497
-3.98836 -3.75881
-3.98822 -3.75894
-3.98819 -3.8752
-3.98816 -3.8751
-3.98815 -3.98319
-3.98813 -3.87573
-3.98813 -3.87527
-3.98813 -3.63869
-3.98803 -3.98314
-3.98798 -3.75851
-3.98795 -3.87493
-3.98792 -3.63878
-3.98792 -3.87541
-3.98785 -3.87496
-3.98783 -3.63858
-3.98783 -3.75836
-3.98779 -3.75813
-3.98776 -3.63845
-3.9876 -3.87468
-3.98758 -3.75846
-3.98754 -3.63858
-3.98738 -3.75857
-3.98718 -3.63833
-3.98711 -3.63774
-3.98672 -3.63812
-3.98306 -3.75829
-3.98293 -3.63813
-3.98292 -3.63853
-3.98286 -3.75895
-3.98286 -2.97712
-3.87516 -3.75886
-3.87515 -3.87497
-3.87514 -3.75872
-3.87508 -3.75839
-3.87506 -3.75864
-3.87505 -3.75893
-3.87502 -3.75851
-3.87501 -3.75882
-3.87493 -3.75861
-3.87491 -3.75887
-3.8749 -3.75882
-3.87488 -3.75851
-3.87487 -3.7586
-3.87477 -3.63875
-3.87472 -3.75866
-3.8747 -3.63845
-3.87464 -3.87452
-3.87462 -3.75903
-3.87461 -3.75867
-3.87458 -3.63826
-3.87458 -3.63858
-3.87457 -3.75802
-3.87457 -3.75833
-3.87453 -3.75876
-3.87451 -3.75897
-3.8745 -3.63846
-3.87449 -3.75847
-3.87448 -2.97689
-3.87444 -3.6381
-3.87442 -3.75883
-3.8744 -3.63882
-3.87439 -3.75872
-3.87437 -3.75872
-3.87432 -3.759
-3.87431 -3.75883
-3.87427 -3.63853
-3.87423 -3.6384
-3.87422 -3.63842
-3.87414 -3.63839
-3.87412 -3.63851
-3.87402 -3.6385
-3.87397 -3.63883
-3.87387 -3.75821
-3.87374 -3.75837
-3.86971 -3.75896
-3.86943 -3.75851
-3.75895 -3.7589
-3.75858 -3.63897
-3.75852 -3.63899
-3.75852 -3.63929
-3.75852 -3.63929
-3.75848 -3.63917
-3.75848 -3.63841
-3.75842 -3.63868
-3.75841 -3.63908
-3.75841 -3.63883
-3.7584 -3.63883
-3.75839 -3.63891
-3.75831 -3.63901
-3.75829 -3.75828
-3.75829 -3.75823
-3.75827 -3.63856
-3.75827 -3.63895
-3.75823 -3.75321
-3.75818 -3.75315
-3.75817 -3.63874
-3.75808 -3.75322
-3.75805 -3.63907
-3.75805 -3.63838
-3.75805 -3.63832
-3.75804 -3.63888
-3.75802 -3.63837
-3.75802 -3.63873
-3.75801 -3.63873
-3.75797 -3.75312
-3.75796 -3.63864
-3.75795 -3.63851
-3.7579 -3.6383
-3.75789 -3.63818
-3.75788 -3.75309
-3.75787 -3.63836
-3.75785 -3.63846
-3.75784 -3.63839
-3.75772 -3.75771
-3.7577 -3.63815
-3.7577 -3.63916
-3.7577 -3.63864
-3.75769 -3.51458
-3.75768 -3.63869
-3.75767 -3.63823
-3.75767 -3.63828
-3.75765 -3.63812
-3.75762 -3.63776
-3.75761 -3.75754
-3.75758 -3.63859
-3.75757 -3.63801
-3.75756 -3.63847
-3.75755 -3.75309
-3.75749 -3.75749
-3.75749 -3.63808
-3.75748 -3.63835
-3.75748 -3.75309
-3.75745 -3.63832
-3.75745 -3.63849
-3.75739 -3.63814
-3.75721 -3.51493
-3.75717 -3.6389
-3.75709 -3.6383
-3.75709 -3.63834
-3.75706 -3.63775
-3.75703 -3.63896
-3.75699 -3.6375
-3.75686 -3.11907
-3.75624 -3.51437
-3.75317 -3.63906
-3.75288 -3.63841
-3.63859 -3.63859
-3.63854 -3.63815
-3.63851 -3.63819
-3.63851 -3.63827
-3.63849 -3.63833
-3.63845 -3.25602
-3.63839 -3.63807
-3.63839 -3.63827
-3.63834 -3.63797
-3.63834 -3.63796
-3.63834 -3.63814
-3.63824 -3.63781
-3.6382 -3.63804
-3.6382 -3.63809
-3.6382 -3.63804
-3.63816 -3.63781
-3.63811 -3.63755
-3.63808 -2.82919
-3.63808 -3.63715
-3.63802 -2.33782
-3.63798 -3.25596
-3.63797 -3.51538
-3.63795 -3.63782
-3.63793 -3.63774
-3.63793 -3.63793
-3.63788 -3.63295
-3.63786 -3.6372
-3.63783 -3.25597
-3.63777 -3.63774
-3.63777 -3.63768
-3.63774 -3.51506
-3.63773 -3.51467
-3.63771 -3.63764
-3.63769 -3.63743
-3.63767 -3.63749
-3.63759 -3.51513
-3.63759 -3.25601
-3.63759 -3.11922
-3.63756 -3.51458
-3.63754 -3.25598
-3.63751 -3.63747
-3.63751 -3.51485
-3.63748 -3.25563
-3.63747 -3.51454
-3.63745 -3.256
-3.63742 -3.51464
-3.63742 -3.25603
-3.63741 -3.25589
-3.6374 -3.25579
-3.63739 -3.63732
-3.63736 -3.51434
-3.63736 -3.25524
-3.63735 -3.51495
-3.63733 -3.25549
-3.63733 -3.25565
-3.6373 -2.67345
-3.6373 -3.25562
-3.63727 -3.25602
-3.63727 -3.63323
-3.63727 -3.25547
-3.63726 -3.25581
-3.63724 -3.25577
-3.63724 -3.25588
-3.63724 -3.25579
-3.63724 -3.25586
-3.63724 -3.25588
-3.63724 -3.51402
-3.63723 -3.25527
-3.63722 -3.25578
-3.63721 -3.25542
-3.63721 -3.25532
-3.63721 -3.25542
-3.63721 -3.63334
-3.63719 -3.25597
-3.63718 -3.25577
-3.63718 -3.63698
-3.63717 -3.2555
-3.63717 -3.51441
-3.63715 -3.51527
-3.63714 -3.2552
-3.63713 -3.25589
-3.63713 -3.25561
-3.63712 -3.51478
-3.6371 -3.25563
-3.6371 -3.25577
-3.63709 -3.25598
-3.63706 -3.5151
-3.63705 -3.51443
-3.63705 -3.25546
-3.63704 -3.51486
-3.63701 -3.25578
-3.637 -2.97712
-3.637 -2.97712
-3.637 -3.51453
-3.637 -3.25546
-3.63698 -3.51456
-3.63697 -3.25538
-3.63697 -3.51474
-3.63695 -3.51458
-3.63694 -3.25565
-3.63693 -3.51415
-3.63693 -3.25544
-3.63693 -3.25577
-3.63688 -3.25521
-3.63688 -3.51465
-3.63688 -3.25568
-3.63686 -3.51443
-3.63685 -3.51404
-3.63684 -3.25563
-3.63683 -3.25548
-3.63682 -3.25531
-3.63682 -3.51454
-3.6368 -3.25557
-3.6368 -3.25538
-3.63679 -3.51455
-3.63678 -3.25574
-3.63672 -3.51442
-3.63672 -3.51455
-3.63672 -3.25535
-3.63668 -3.5145
-3.63667 -3.51324
-3.63666 -3.51442
-3.63665 -3.51427
-3.63665 -3.25499
-3.63664 -3.51445
-3.63663 -3.25536
-3.63663 -3.63648
-3.63662 -3.51495
-3.63662 -3.63644
-3.63661 -3.25546
-3.63661 -3.5143
-3.63661 -3.11886
-3.63659 -3.25563
-3.63659 -3.51473
-3.63656 -3.51441
-3.63656 -3.51441
-3.63656 -3.51441
-3.63655 -3.51459
-3.6364 -3.25531
-3.6364 -3.25524
-3.6363 -3.11832
-3.63273 -3.50964
-3.63266 -3.25535
-3.63257 -3.50976
-3.63244 -3.25534
-3.63236 -3.25541
-3.51456 -3.51441
-3.51431 -3.25594
-3.51408 -3.25526
-3.51406 -3.51401
-3.51401 -3.25544
-3.51383 -3.51381
-3.5138 -3.25533
-3.51376 -3.25542
-3.51376 -3.25543
-3.51366 -3.2555
-3.51365 -3.25516
-3.51353 -3.51351
-3.5135 -3.25528
-3.51349 -3.25522
-3.51348 -3.25515
-3.5134 -3.50944
-3.51338 -3.25504
-3.51333 -3.50975
-3.51331 -3.11874
-3.51327 -3.11885
-3.51326 -3.25569
-3.51324 -3.25535
-3.51321 -3.25496
-3.51316 -3.50977
-3.513 -3.11843
-3.51294 -3.25541
-3.51293 -3.25535
-3.51271 -2.67336
-3.51258 -3.11776
-3.5124 -3.5124
-3.50919 -3.25514
-3.50898 -3.50868
-3.2556 -3.25529
-3.25556 -3.2551
-3.25549 -3.25514
-3.25546 -3.25505
-3.25538 -3.25529
-3.25538 -3.1188
-3.25537 -3.11918
-3.25536 -3.25501
-3.25534 -3.11875
-3.2553 -3.11936
-3.2553 -2.977
-3.25523 -3.11919
-3.25521 -3.25495
-3.25519 -3.11915
-3.25516 -3.11878
-3.25516 -3.25483
-3.25514 -3.11864
-3.25514 -3.25495
-3.25513 -3.11914
-3.25513 -3.11935
-3.25513 -3.25497
-3.25513 -2.97718
-3.25513 -3.11888
-3.25512 -3.25475
-3.25512 -3.11903
-3.25512 -3.11903
-3.25511 -3.25491
-3.2551 -3.25491
-3.25508 -3.25482
-3.25508 -3.1188
-3.25506 -3.25503
-3.25505 -3.25496
-3.25505 -3.11886
-3.25503 -3.11872
-3.25502 -3.11875
-3.255 -3.25481
-3.25498 -3.11843
-3.25497 -3.11892
-3.25496 -3.1144
-3.25495 -3.11882
-3.25489 -3.25459
-3.25488 -3.11854
-3.25488 -2.51096
-3.25486 -3.1187
-3.25485 -3.11902
-3.25484 -3.11848
-3.25484 -3.11889
-3.25481 -3.11802
-3.25481 -3.11908
-3.2548 -3.25478
-3.2548 -3.11841
-3.25479 -3.11879
-3.25477 -3.25422
-3.25477 -3.11803
-3.25477 -3.11884
-3.25475 -3.11859
-3.25474 -3.11837
-3.25473 -3.11823
-3.25472 -3.11871
-3.25471 -3.11834
-3.25471 -3.11882
-3.2547 -3.25449
-3.2547 -3.11879
-3.25469 -3.1145
-3.25469 -3.11842
-3.25469 -3.11868
-3.25468 -3.1191
-3.25467 -2.97668
-3.25467 -3.11873
-3.25465 -3.11839
-3.25465 -2.33739
-3.25464 -3.11873
-3.25463 -2.97708
-3.25463 -2.82896
-3.25461 -2.82897
-3.2546 -3.11879
-3.25459 -2.97697
-3.25459 -3.11845
-3.25459 -3.11425
-3.25459 -3.11864
-3.25458 -3.11931
-3.25458 -3.11874
-3.25457 -3.11893
-3.25455 -3.11861
-3.25455 -2.82858
-3.25454 -2.97624
-3.25454 -3.11855
-3.25451 -3.1187
-3.25451 -2.97612
-3.2545 -2.97679
-3.2545 -2.97711
-3.25449 -3.11853
-3.25448 -2.97627
-3.25447 -2.82893
-3.25447 -3.25444
-3.25444 -2.97691
-3.25444 -3.11829
-3.25444 -2.97668
-3.25443 -3.11857
-3.25443 -3.25431
-3.25443 -3.11846
-3.25442 -3.11782
-3.25439 -3.11446
-3.25438 -3.11861
-3.25437 -3.11876
-3.25436 -3.11813
-3.25436 -3.11916
-3.25435 -2.9769
-3.25432 -3.2539
-3.25431 -3.11895
-3.25431 -2.97685
-3.25431 -2.51073
-3.2543 -2.97651
-3.25428 -3.11863
-3.25427 -2.82899
-3.25427 -3.11867
-3.25427 -3.11835
-3.25425 -2.97633
-3.25423 -3.11882
-3.25423 -3.11868
-3.25419 -3.11808
-3.25419 -2.97665
-3.25418 -3.11871
-3.25415 -3.11837
-3.25415 -3.1185
-3.25414 -3.11833
-3.25413 -2.67393
-3.25411 -2.82925
-3.25411 -3.11826
-3.25409 -3.11838
-3.25409 -2.97673
-3.25407 -1.50532
-3.25407 -3.11438
-3.25406 -3.11834
-3.25406 -3.11789
-3.25405 -2.82888
-3.25404 -3.11856
-3.254 -2.82879
-3.25395 -3.11411
-3.25393 -3.11812
-3.25393 -3.11781
-3.25392 5.24456
-3.25389 -2.82854
-3.25388 -3.1185
-3.25385 -3.11799
-3.25376 -2.8292
-3.25372 -2.82838
-3.25371 -2.33817
-3.25367 -2.82905
-3.25356 -2.82921
-3.25346 -2.82903
-3.2532 4.69615
-3.2505 -3.11897
-3.25044 -3.11835
-3.25044 -3.11831
-3.25042 -3.11436
-3.25036 -3.1142
-3.25014 -3.1144
-3.25 -2.82825
-3.24994 -3.11432
-3.11841 -3.1184
-3.11837 -3.11835
-3.11829 -3.1182
-3.11825 -3.11817
-3.11823 -3.1182
-3.11823 -2.97624
-3.11823 -3.11425
-3.11812 -2.97678
-3.11811 -3.11799
-3.11806 -3.11415
-3.11805 -2.97667
-3.11804 -3.11395
-3.11804 -2.9768
-3.11803 -3.11797
-3.11801 -2.82877
-3.118 -2.97686
-3.11799 -3.11396
-3.11796 -2.82895
-3.11796 -3.11776
-3.11796 -2.82901
-3.11792 -3.11782
-3.1179 -3.11771
-3.11787 -2.82891
-3.11787 -2.82891
-3.11787 -2.97676
-3.11786 -3.11779
-3.11786 -2.97639
-3.11784 -2.97657
-3.11782 -2.82863
-3.11781 -2.67378
-3.11775 -2.82851
-3.11775 -2.97615
-3.11774 -2.97628
-3.11774 -2.97621
-3.11773 -2.97624
-3.11769 -3.11742
-3.11768 -3.11418
-3.11768 -2.82851
-3.11768 -2.97655
-3.11768 -2.97619
-3.11767 -2.82892
-3.11766 -3.11421
-3.11766 -2.82882
-3.11765 -2.97634
-3.11762 -2.82813
-3.11761 -2.97626
-3.11759 -3.11383
-3.11757 -2.97622
-3.11756 -2.82864
-3.11755 -2.9759
-3.11753 -2.97662
-3.11752 -2.82875
-3.1175 -2.82895
-3.11749 -2.97634
-3.11743 -2.82846
-3.11741 -2.82827
-3.11739 -2.6739
-3.11735 -2.82867
-3.11733 -2.67391
-3.11733 -2.9761
-3.11732 -2.82898
-3.1173 -2.97572
-3.11729 -2.828
-3.11729 -2.82802
-3.11727 -2.82812
-3.11723 -2.8286
-3.11722 -2.9756
-3.11722 -2.9755
-3.11721 -2.82844
-3.1172 -2.67375
-3.11719 -2.67325
-3.11716 -2.8281
-3.11716 -2.97629
-3.11713 -2.82833
-3.11703 -2.67337
-3.11701 -2.82846
-3.11695 -2.67376
-3.11691 -2.82846
-3.11684 -2.67369
-3.11678 -2.67341
-3.11675 -2.82814
-3.11671 -2.67336
-3.11666 -2.6732
-3.11649 -1.95826
-3.11632 -2.6734
-3.11615 -2.67299
-3.11382 -2.82874
-3.11373 -2.82884
-3.11356 -2.67407
-3.1132 -2.67407
-3.11273 2.66228
-2.97669 -2.82852
-2.97643 -2.67396
-2.97636 -2.8288
-2.97619 -2.97596
-2.97615 -2.97599
-2.97613 -2.97595
-2.97607 -2.82816
-2.97605 -2.82798
-2.97601 -2.82838
-2.97591 -2.82878
-2.97589 -2.82823
-2.97585 -2.82866
-2.97585 -2.97578
-2.97583 -2.82789
-2.97582 -2.82842
-2.97581 -2.82808
-2.97578 -2.82824
-2.97578 -2.8281
-2.97575 -2.51107
-2.97575 -2.8284
-2.97572 -2.82904
-2.97571 -2.82847
-2.97564 -2.82875
-2.97562 -2.8282
-2.97562 -2.82833
-2.9756 -2.82802
-2.9756 -2.8281
-2.97559 -2.82837
-2.97558 -2.51129
-2.97555 -2.829
-2.97554 -2.82809
-2.97552 -2.828
-2.97551 -2.51078
-2.97549 -2.82878
-2.97547 -2.82868
-2.97545 -2.51103
-2.97545 -2.51121
-2.97542 -2.82803
-2.97541 -2.51115
-2.97534 -2.82825
-2.97532 -2.51072
-2.97531 -2.5111
-2.97527 -2.51096
-2.97525 -2.51108
-2.97524 -2.82879
-2.97523 -2.8284
-2.9752 -2.51094
-2.9752 -2.51081
-2.9752 -2.51096
-2.9752 -2.51086
-2.97519 -2.51065
-2.97517 -2.67385
-2.97511 -2.51025
-2.97478 -2.82858
-2.97452 -2.51035
-2.82893 -2.82879
-2.82893 -2.82876
-2.82876 -2.67396
-2.82865 -2.8283
-2.8286 -2.82847
-2.82858 -2.82858
-2.8285 -2.82841
-2.82844 -2.82802
-2.82843 -2.82836
-2.82838 -2.67004
-2.82838 -2.82783
-2.82832 -2.67373
-2.82831 -2.82821
-2.82831 -2.67424
-2.82827 -2.82825
-2.82822 -2.67351
-2.82822 -2.67373
-2.82821 -2.6738
-2.8282 -2.82816
-2.82819 -2.82787
-2.82818 -2.67413
-2.82816 -2.6738
-2.82815 -2.67375
-2.82814 -2.66986
-2.82811 -2.67388
-2.82809 -2.67338
-2.82808 -2.67365
-2.82807 -2.51061
-2.82807 -2.67344
-2.82807 -2.82797
-2.82807 -2.67398
-2.82807 -2.67362
-2.82804 -2.67346
-2.82801 -2.82758
-2.828 -2.67362
-2.82797 -2.82767
-2.82797 -2.67358
-2.82796 -2.51088
-2.82794 -2.67318
-2.82793 -2.8278
-2.82792 -2.67346
-2.82791 -2.67355
-2.82791 -2.67386
-2.82791 -2.67346
-2.82788 -2.67352
-2.82788 -2.6735
-2.82784 -2.6737
-2.82783 -2.67343
-2.82781 -2.67369
-2.82778 -2.67398
-2.82778 -2.67352
-2.82777 -2.67355
-2.82777 -2.67362
-2.82777 -2.67344
-2.82776 -2.67325
-2.82776 -2.67386
-2.82775 -2.67329
-2.82774 -2.67358
-2.82773 -2.82769
-2.82773 -2.67345
-2.82773 -2.51071
-2.82771 -2.51033
-2.82771 -2.5109
-2.82771 -2.67409
-2.8277 -2.67371
-2.82769 -2.51059
-2.82769 -2.5107
-2.82767 -2.67388
-2.82763 -2.51034
-2.82762 -2.51055
-2.82762 -2.51073
-2.82761 -2.51088
-2.82761 -2.67332
-2.8276 -2.50972
-2.8276 -2.67307
-2.8276 -2.67307
-2.82759 -2.51056
-2.82759 -2.67392
-2.82759 -2.67369
-2.82757 -2.5105
-2.82755 -2.67339
-2.82755 -2.51081
-2.82754 -2.67313
-2.82753 -2.51055
-2.82753 -2.67312
-2.82752 -2.67408
-2.82752 -2.51084
-2.82752 -2.51027
-2.8275 -2.51092
-2.8275 3.8589
-2.82749 -2.51047
-2.82748 5.24456
-2.82748 -2.51102
-2.82748 -2.51083
-2.82747 -2.67395
-2.82745 -2.67344
-2.82745 -2.51053
-2.82745 -2.51039
-2.82744 -2.33833
-2.82744 -2.51088
-2.82743 -2.51063
-2.82742 -2.67323
-2.82742 -2.67299
-2.82741 -1.74347
-2.8274 -2.51059
-2.82738 -2.51021
-2.82738 -2.5105
-2.82738 -2.51088
-2.82738 -2.67352
-2.82737 -2.67341
-2.82736 -2.67327
-2.82733 -2.51027
-2.82731 -2.67347
-2.82731 -2.51014
-2.82731 -2.67331
-2.82727 3.97214
-2.82727 -2.67364
-2.82724 -2.51063
-2.82724 -2.67387
-2.82723 1.73607
-2.82722 -2.5109
-2.82721 -2.51046
-2.82721 -2.51033
-2.82719 -2.51039
-2.82718 -2.67308
-2.82718 -2.67358
-2.82716 -2.67351
-2.82712 -2.50998
-2.8271 -2.51016
-2.8271 -2.67334
-2.82709 -2.51076
-2.82704 -2.51076
-2.82703 -2.67385
-2.82702 -2.51067
-2.82698 4.88516
-2.82696 -2.51056
-2.82693 -2.50981
-2.82691 3.97214
-2.82688 4.59902
-2.82686 -2.51045
-2.8268 -2.6732
-2.82423 -2.67329
-2.8242 -2.67324
-2.8242 -2.67322
-2.82405 -2.51086
-2.67337 -2.67335
-2.6733 -2.51088
-2.67324 -2.67323
-2.67321 -2.51154
-2.67317 -2.67312
-2.67315 -2.67286
-2.67315 -2.51073
-2.67314 -2.51084
-2.67313 -2.67308
-2.67308 -2.67301
-2.67302 -2.51099
-2.67299 -2.51066
-2.67294 -2.3384
-2.67294 -2.51053
-2.67293 -2.5106
-2.67293 -2.51049
-2.67293 7.62404
-2.67291 -2.51082
-2.67287 -2.51038
-2.67287 -2.67282
-2.67287 -2.51077
-2.67286 -2.51057
-2.67286 -2.66983
-2.67285 -2.51044
-2.67285 -2.51059
-2.67285 -2.67284
-2.67285 -2.33841
-2.67281 -2.51013
-2.6728 -2.51077
-2.6728 -2.51083
-2.6728 -2.51018
-2.67278 -2.67276
-2.67276 -2.51067
-2.67274 -2.5108
-2.67274 -2.51024
-2.67274 -2.51022
-2.67273 -2.67262
-2.67272 -2.5105
-2.67272 -2.51075
-2.6727 -2.51013
-2.6727 -2.51039
-2.6727 -2.51037
-2.67269 -2.51104
-2.67268 -2.51056
-2.67265 -2.50973
-2.67265 -2.50997
-2.67264 4.19042
-2.67264 -2.51034
-2.67259 0.913889
-2.67258 -2.50993
-2.67258 -2.51081
-2.67256 -2.51041
-2.67256 2.5
-2.67255 -2.67251
-2.67253 -2.51065
-2.67253 -2.5101
-2.67253 -2.5104
-2.67253 -2.50996
-2.67253 -2.50988
-2.67251 -2.51052
-2.6725 -2.51042
-2.67249 -2.51023
-2.67247 -2.51007
-2.67244 -2.33788
-2.67243 -2.51087
-2.67243 -2.50996
-2.67242 -2.51019
-2.67239 -2.51059
-2.67235 -2.33822
-2.67229 -2.50982
-2.67226 -2.33762
-2.67225 -2.33827
-2.67222 -2.33808
-2.67218 -2.5102
-2.67208 -2.51026
-2.67207 -2.5094
-2.67206 -2.33795
-2.67204 -2.51021
-2.67204 -2.50988
-2.67202 -2.51047
-2.67193 -2.33775
-2.67193 -2.51051
-2.67191 0.498354
-2.67191 -2.51052
-2.67184 3.24166
-2.67184 -2.51055
-2.67183 -2.51035
-2.67181 -2.5113
-2.67175 -2.50978
-2.67158 -2.50941
-2.67156 -2.3372
-2.67154 -2.5096
-2.67154 -2.50949
-2.67148 -2.33726
-2.67125 -2.33685
-2.66945 -2.51011
-2.66937 -2.51027
-2.66912 -2.51021
-2.51061 -2.51009
-2.5106 -2.51014
-2.51053 -2.51052
-2.51052 -2.51003
-2.51052 -2.51049
-2.5105 -2.51032
-2.51049 -2.51035
-2.51048 -2.51004
-2.51048 -2.51001
-2.51047 -2.51003
-2.51047 -2.51007
-2.51045 -2.50998
-2.5104 -2.51015
-2.51036 -2.50982
-2.51033 -2.33814
-2.51033 -2.50984
-2.51033 -2.51021
-2.51032 -2.51032
-2.51031 -2.50689
-2.51029 -2.51001
-2.51028 -2.51017
-2.51028 -2.33825
-2.51028 -2.33761
-2.51027 -2.33824
-2.51025 -2.50977
-2.51025 -2.5102
-2.51023 -2.51013
-2.51023 -2.5101
-2.51022 -2.3379
-2.5102 -2.51005
-2.51019 -2.50934
-2.51019 -2.51004
-2.51018 -2.50968
-2.51017 -2.51014
-2.51016 -2.50978
-2.51015 -2.51008
-2.51015 -2.50998
-2.51015 -2.3383
-2.51013 -2.51002
-2.51013 -2.33839
-2.51012 -2.50992
-2.51011 -2.50996
-2.51011 -2.50967
-2.51011 -2.51007
-2.51011 -2.50996
-2.5101 -2.33829
-2.5101 -2.50986
-2.51009 -2.33785
-2.51009 -2.33801
-2.51008 -2.50989
-2.51008 -1.95793
-2.51007 -2.50973
-2.51005 -2.3382
-2.51005 -2.33827
-2.51004 1.73607
-2.51003 -2.50976
-2.51002 -2.50952
-2.51002 -2.50968
-2.51001 -2.5099
-2.51001 -2.50994
-2.51001 -2.50958
-2.51 -2.50982
-2.51 -2.50968
-2.51 -2.33816
-2.51 -2.33831
-2.51 -2.3379
-2.51 -2.33784
-2.50998 -2.33791
-2.50997 -2.33794
-2.50997 -2.33823
-2.50996 -2.50952
-2.50996 -2.33817
-2.50995 -2.3382
-2.50995 -2.5097
-2.50995 -2.338
-2.50993 -2.50975
-2.50993 -2.50958
-2.50992 -2.33878
-2.5099 -2.5099
-2.5099 -2.33792
-2.50988 -2.50973
-2.50987 -2.33779
-2.50987 -2.33814
-2.50986 -2.33809
-2.50984 -2.5095
-2.50983 -2.33787
-2.50982 -1.95844
-2.50982 -2.3378
-2.50982 -2.5096
-2.50981 -2.50978
-2.5098 -2.33829
-2.5098 -2.33826
-2.50978 -2.50978
-2.50978 -2.50973
-2.50977 -2.50973
-2.50977 -2.33854
-2.50977 -2.50966
-2.50976 -2.33823
-2.50974 -1.95867
-2.50973 -2.33784
-2.50973 -2.50958
-2.50973 -2.33852
-2.50973 -2.33778
-2.50973 -1.74228
-2.50972 -2.33777
-2.50971 -2.33806
-2.50971 -2.3385
-2.50971 -1.95781
-2.5097 -2.50882
-2.5097 -2.33879
-2.50968 -2.33778
-2.50968 -2.33802
-2.50968 -1.95827
-2.50967 -2.33809
-2.50967 -2.33746
-2.50967 -2.5095
-2.50965 -2.3382
-2.50965 -2.33809
-2.50965 -2.33775
-2.50965 -2.3382
-2.50963 -2.50959
-2.50962 -2.33784
-2.50962 -2.50949
-2.50961 -1.95791
-2.50959 -2.33837
-2.50959 -2.33749
-2.50959 -1.95812
-2.50959 -2.33802
-2.50959 7.18115
-2.50959 -2.33809
-2.50958 -2.33832
-2.50957 -2.50943
-2.50956 -1.9583
-2.50956 -2.50936
-2.50954 -2.50953
-2.50954 -2.33755
-2.50954 -2.33809
-2.50954 -2.33822
-2.50954 -2.50949
-2.50954 -2.33731
-2.50954 -2.33735
-2.50953 -2.50665
-2.50953 -2.33799
-2.50952 -2.33751
-2.50951 -2.33832
-2.50951 -2.33817
-2.50951 -2.3383
-2.50948 -2.33758
-2.50946 -2.33781
-2.50944 -2.33819
-2.50943 -2.33803
-2.50943 -2.33812
-2.50942 -2.33794
-2.50942 -2.33776
-2.5094 -2.33776
-2.5094 -2.33762
-2.5094 -2.33749
-2.50939 -1.95799
-2.50939 -2.33755
-2.50939 -1.95804
-2.50938 -2.3381
-2.50938 -2.33817
-2.50936 -2.33742
-2.50936 -2.33761
-2.50935 -2.33756
-2.50934 -2.50883
-2.50934 -2.33786
-2.50932 -2.33787
-2.50932 -1.95827
-2.50932 -1.95827
-2.50932 -2.33826
-2.5093 -2.3377
-2.5093 -2.33823
-2.50929 -2.33828
-2.50929 -2.50929
-2.50928 -2.3382
-2.50927 -2.33796
-2.50925 -2.33766
-2.50924 -2.33821
-2.50923 4.97723
-2.50923 -2.33766
-2.50922 -2.33829
-2.50921 -2.33786
-2.50921 -2.33746
-2.50919 -2.3377
-2.50919 -2.33775
-2.50918 -1.95826
-2.50917 -1.95834
-2.50916 -2.33771
-2.50913 -1.95839
-2.50912 -1.95805
-2.50912 -2.33769
-2.5091 -2.338
-2.5091 -1.95862
-2.5091 -2.33766
-2.5091 -2.50847
-2.50908 -2.33779
-2.50907 -2.33781
-2.50906 -1.95827
-2.50906 -1.95805
-2.50905 -2.33731
-2.50905 -2.33796
-2.50903 -2.33725
-2.509 -2.33755
-2.50899 -2.3382
-2.50898 -2.50665
-2.50898 -1.95817
-2.50898 -1.95794
-2.50897 -1.95799
-2.50896 -2.3375
-2.50896 -2.33762
-2.50895 -2.3378
-2.50894 -1.95802
-2.50894 -2.33802
-2.50892 -2.33744
-2.50891 -2.33745
-2.50889 -1.95827
-2.50889 -2.33738
-2.50885 -2.33755
-2.50884 -2.3377
-2.50884 2.32843
-2.50883 -2.33722
-2.50882 -2.33719
-2.50882 -1.95757
-2.50882 -1.95811
-2.50877 -2.33805
-2.50877 -1.95806
-2.50876 -1.95824
-2.50875 -1.9581
-2.50875 -2.33484
-2.50871 -2.33764
-2.5087 -2.33808
-2.50868 -2.33759
-2.50868 -2.33755
-2.50868 -1.95799
-2.50868 -1.95799
-2.50867 -2.3379
-2.50861 -2.33754
-2.50861 -2.33748
-2.50859 -2.33777
-2.50858 -1.9581
-2.50856 -2.33776
-2.50856 -1.95805
-2.50852 -1.95808
-2.50852 2.66228
-2.5085 -2.3374
-2.50846 -2.33773
-2.50843 -1.95808
-2.50842 -1.95814
-2.50839 -1.95803
-2.50836 5.66441
-2.50833 -2.33759
-2.5083 -1.95823
-2.50818 -1.95822
-2.5081 -1.50529
-2.50801 -1.95811
-2.50661 -2.33482
-2.50658 -1.95815
-2.50655 -1.74308
-2.50629 -2.3344
-2.50583 4.88516
-2.33841 -2.33838
-2.33804 -2.33794
-2.33793 -2.3375
-2.33792 -2.33792
-2.33791 -2.33789
-2.33788 -2.33743
-2.33788 -2.3375
-2.33783 -2.33471
-2.33783 -2.33768
-2.33777 -1.95736
-2.33776 -2.33745
-2.33775 -2.33764
-2.33773 -2.33763
-2.33769 -2.33479
-2.33759 -2.33759
-2.33759 -2.3374
-2.33757 -1.95791
-2.33756 -2.33747
-2.33754 -1.95809
-2.33754 -1.9582
-2.33754 3.24166
-2.33752 -2.33483
-2.3375 -2.3375
-2.33747 -2.3373
-2.3374 -1.9575
-2.33738 -2.33738
-2.33738 -2.33723
-2.33737 -1.95809
-2.33735 -1.74298
-2.33733 -2.33696
-2.33731 -1.95822
-2.33731 -1.95789
-2.3373 -1.958
-2.33729 -1.95806
-2.33727 -1.9578
-2.33726 -1.9578
-2.33724 -1.95792
-2.33723 -1.95786
-2.33723 -2.33723
-2.33723 -1.9582
-2.33719 -1.95806
-2.33718 -1.95793
-2.33716 -1.95777
-2.33715 -2.33456
-2.33715 -1.95801
-2.33714 -1.95809
-2.33712 -1.95808
-2.33708 1.94949
-2.33707 -1.95748
-2.33706 -1.95807
-2.33704 -2.33691
-2.33703 -1.9579
-2.33701 -1.95769
-2.33701 -1.95768
-2.33699 -1.95789
-2.33699 -1.95733
-2.33698 -1.95819
-2.33697 -1.95768
-2.33695 -1.95791
-2.33695 -1.95778
-2.33692 -1.9582
-2.33692 -1.95805
-2.33692 -1.95815
-2.33691 -1.74331
-2.33691 -1.95799
-2.3369 -1.9576
-2.33689 -1.95793
-2.33688 -1.95791
-2.33687 -2.33478
-2.33686 -1.95838
-2.33686 -1.95772
-2.33684 -1.7429
-2.33683 -1.95791
-2.33681 -2.33676
-2.33681 -1.7439
-2.33679 -1.74326
-2.33679 -1.95745
-2.33678 -1.95767
-2.33678 -1.95827
-2.33674 -1.9577
-2.33673 -2.33672
-2.33673 -1.95805
-2.33672 -1.95765
-2.3367 -1.9582
-2.3367 -1.95757
-2.3367 -1.9574
-2.3367 -1.95805
-2.33668 -1.958
-2.33665 -1.74393
-2.3366 -1.95747
-2.33659 -1.9576
-2.33657 -1.95789
-2.33655 -1.95757
-2.33652 1.5
-2.33651 -1.95816
-2.3365 -1.95772
-2.33648 -1.74346
-2.33647 -1.74373
-2.33644 3.10555
-2.33643 -1.95784
-2.33643 2.9641
-2.33641 -1.74364
-2.33641 -1.95788
-2.33639 -1.95812
-2.33637 -1.95806
-2.33635 -1.95801
-2.33632 -1.95801
-2.3363 -1.74372
-2.33628 -1.74343
-2.33628 -0.917594
-2.33626 -1.74348
-2.33624 -1.74338
-2.33618 -1.74334
-2.33614 -1.74284
-2.33609 -1.7434
-2.33609 -1.74293
-2.33609 -1.74341
-2.33608 -1.74375
-2.33607 -1.74341
-2.33599 -1.74358
-2.33597 -1.95757
-2.33595 4.08258
-2.33592 -1.74359
-2.33584 -1.74328
-2.33558 -1.74348
-2.33558 -1.95703
-2.33547 -1.74345
-2.33498 3.24166
-2.33452 -1.95734
-2.3342 -1.95787
-2.33401 -1.74359
-2.334 -1.95733
-2.33389 -1.50688
-2.33371 -1.74315
-2.33284 6.84847
-1.95828 -1.95745
-1.95806 -1.95781
-1.95804 -1.9575
-1.95798 -1.95754
-1.95798 -1.95754
-1.95797 -1.95754
-1.95796 -1.9572
-1.95796 -1.95726
-1.95794 -1.95772
-1.95792 -1.95765
-1.9579 -1.95773
-1.95783 -1.95749
-1.95783 -1.95764
-1.95783 -1.95744
-1.95782 -1.95779
-1.9578 -1.95753
-1.95779 -1.95768
-1.95778 -1.9576
-1.95777 -1.95771
-1.95776 -1.95764
-1.95776 -1.95769
-1.95766 -1.95752
-1.95762 -1.95728
-1.95757 -1.74388
-1.95754 -1.957
-1.95754 -1.95731
-1.95747 -1.95741
-1.95746 -1.74403
-1.95741 -1.9572
-1.9574 -1.74421
-1.95739 -1.74374
-1.95739 -1.95672
-1.95738 -1.95729
-1.95736 -1.74352
-1.95736 -1.74387
-1.95735 -1.95724
-1.95735 -1.74385
-1.95735 -1.74381
-1.95732 -1.95709
-1.95731 -1.95718
-1.9573 -1.74352
-1.95729 -1.74363
-1.95729 -1.74387
-1.95728 -1.9569
-1.95727 -1.9568
-1.95727 -1.95703
-1.95727 -1.95722
-1.95727 -1.7435
-1.95725 -1.95713
-1.95724 -1.74357
-1.95724 -1.9571
-1.95723 -1.74393
-1.95723 -1.74381
-1.9572 -1.74338
-1.9572 -1.95706
-1.9572 -1.74379
-1.95719 -1.74409
-1.95719 -1.74365
-1.95718 3.62311
-1.95718 -1.74367
-1.95715 -1.74378
-1.95715 -1.74346
-1.95714 -1.95714
-1.95711 -1.95674
-1.95711 -1.74364
-1.95709 -1.95679
-1.95709 -1.7439
-1.95709 -1.7437
-1.95706 -1.74399
-1.95706 -1.95695
-1.95701 -1.74387
-1.95699 -1.7439
-1.95699 -1.74331
-1.95696 -1.74297
-1.95695 -1.74346
-1.95692 -1.74287
-1.95691 -1.74398
-1.9569 -1.74384
-1.9569 -1.74409
-1.9569 -1.74362
-1.95689 -1.74397
-1.95689 -1.74349
-1.95688 1.73607
-1.95688 3.62311
-1.95688 -1.74388
-1.95686 -1.74402
-1.95685 -1.74335
-1.95685 -1.74339
-1.95684 -1.74333
-1.95681 -1.7434
-1.95681 -1.74381
-1.9568 -1.74338
-1.95679 -1.74244
-1.95678 -1.74337
-1.95676 -1.7438
-1.95676 -1.74323
-1.95676 -1.74329
-1.95675 -1.74324
-1.95675 -1.7441
-1.95673 -1.74313
-1.95672 -1.74324
-1.9567 -1.74384
-1.95669 -1.7427
-1.95668 -1.74398
-1.95668 -1.74324
-1.95668 -1.74373
-1.95666 -1.74292
-1.95665 -1.7427
-1.95664 -1.7434
-1.95663 -1.74258
-1.95661 -1.74386
-1.95661 -1.74374
-1.95659 -1.74354
-1.95658 -1.74336
-1.95657 -1.74323
-1.95655 -1.74276
-1.95649 -1.74397
-1.95648 -1.74327
-1.95647 -1.74328
-1.95641 -1.74353
-1.9564 -1.74312
-1.95638 -1.74372
-1.95638 -1.74357
-1.95638 -1.74295
-1.95638 -1.74294
-1.95632 -1.74323
-1.95629 -1.74364
-1.95628 -1.74318
-1.95617 -1.74325
-1.95615 -0.918105
-1.9561 -1.74289
-1.95608 -1.23803
-1.95608 4.19042
-1.95606 -1.74333
-1.95601 -1.74282
-1.95589 -1.23781
-1.95588 -0.503348
-1.95437 -1.74348
-1.95409 6.5
-1.95401 -0.917758
-1.74347 -1.74343
-1.74341 -1.74338
-1.74335 -1.74304
-1.74331 -1.74316
-1.74327 -1.74289
-1.74326 -1.74319
-1.74323 -1.74287
-1.74318 -1.74105
-1.74315 6.5
-1.74314 -1.74303
-1.74311 -1.74266
-1.74311 -1.74305
-1.74308 -1.74296
-1.74304 -1.74276
-1.74304 -1.74082
-1.74304 -1.74253
-1.74303 -1.74247
-1.74302 -1.74287
-1.74302 -1.74291
-1.74301 -1.74291
-1.743 -1.74283
-1.74295 -1.74274
-1.74295 -1.74291
-1.74293 2.81662
-1.74286 -1.74276
-1.74286 -1.74285
-1.74285 -1.74246
-1.74283 -0.918719
-1.74281 -1.74267
-1.74271 -1.74269
-1.7427 -1.74213
-1.74269 -1.74248
-1.74265 -1.7421
-1.74265 -1.23818
-1.74264 -1.74229
-1.74261 -1.74247
-1.74261 -1.74216
-1.74261 -1.74254
-1.74257 -1.74243
-1.74257 -1.74246
-1.74254 3.62311
-1.74253 -1.5066
-1.74253 -1.5066
-1.74252 3.74264
-1.74249 -1.23785
-1.74249 -1.74228
-1.74245 -1.74217
-1.74245 -1.74222
-1.74244 1.73607
-1.74244 3.10555
-1.74243 -1.74236
-1.74242 1.23197
-1.7424 6.2082
-1.7424 -1.7423
-1.7424 -1.74238
-1.74235 -1.23793
-1.74234 -1.23791
-1.74233 -1.74212
-1.74231 -1.7423
-1.74231 -1.74213
-1.74231 -0.917908
-1.7423 3.10555
-1.74226 -1.23766
-1.74226 -1.23796
-1.74225 -1.74201
-1.74224 5.5
-1.74224 3.24166
-1.7422 -1.74194
-1.74219 -1.23774
-1.74219 -1.23755
-1.74214 -1.23741
-1.74212 -1.50574
-1.74211 4.08258
-1.7421 -1.23775
-1.74202 -1.50616
-1.74201 -1.23755
-1.74199 -1.50572
-1.74197 -1.74191
-1.74197 -1.74196
-1.74193 -1.50607
-1.74191 -1.23741
-1.7419 -1.238
-1.74188 0.498354
-1.74185 2.9641
-1.74183 -1.2369
-1.74182 -1.50608
-1.74181 -1.23733
-1.74179 -1.23733
-1.74178 -1.23737
-1.74175 -1.23772
-1.74175 -1.23724
-1.74174 4.88516
-1.74173 -1.23772
-1.7417 -1.23738
-1.74168 -1.50606
-1.74168 -1.23742
-1.74166 -1.23742
-1.74166 -1.23724
-1.74164 -1.50624
-1.74162 -1.50687
-1.74161 -1.23703
-1.74161 7.37401
-1.74157 5.66441
-1.74156 -1.23711
-1.74153 -1.50593
-1.74153 -1.23798
-1.74151 -1.50602
-1.7415 -1.23763
-1.74144 -1.5055
-1.74142 -1.23744
-1.74141 -1.50593
-1.74141 -1.23764
-1.74141 -1.23756
-1.74138 -1.23751
-1.74126 4.5
-1.74105 0.499271
-1.74102 -1.23718
-1.74071 -1.50588
-1.74065 -1.50659
-1.74058 -1.50438
-1.74042 2.5
-1.74019 -1.50594
-1.50574 -1.50563
-1.50571 -1.23774
-1.50565 -1.23711
-1.50562 2.5
-1.50561 -1.23771
-1.50549 -1.23766
-1.50535 -1.50531
-1.50532 -1.23729
-1.50532 -1.23764
-1.50519 -1.2377
-1.50516 -1.23722
-1.50513 -1.23712
-1.50501 -1.23719
-1.50497 -1.23717
-1.50483 -0.503333
-1.50479 -1.23742
-1.50476 -1.50397
-1.50461 3.62311
-1.50456 -1.2369
-1.50453 -1.23693
-1.50441 -1.2369
-1.50437 -1.23686
-1.50422 3.5
-1.50339 -0.918421
-1.50292 5.33095
-1.50292 -1.50292
-1.50292 6.64143
-1.50288 -0.501618
-1.50278 5.24456
-1.50255 -0.500729
-1.5025 1.23189
-1.23764 -1.2376
-1.23749 -1.23739
-1.23749 -1.23743
-1.23746 -1.23696
-1.23745 -1.23716
-1.23742 -1.2372
-1.23731 -1.23725
-1.237 -1.23697
-1.2369 -0.919221
-1.23671 -1.23663
-1.23669 -0.918902
-1.23659 -0.918643
-1.23659 -0.918209
-1.23653 -0.918983
-1.23649 -0.918667
-1.23642 3.74264
-1.23639 1.73607
-1.23628 -0.918525
-1.23618 -0.91817
-1.23583 -0.918079
-1.23503 4.59902
-0.918495 -0.91845
-0.918452 -0.91839
-0.918275 -0.91797
-0.918275 -0.918119
-0.918247 -0.91818
-0.918044 3.10555
-0.917917 -0.917712
-0.917866 -0.917332
-0.917804 -0.917728
-0.917769 -0.91737
-0.917754 -0.504156
-0.917589 -0.502561
-0.916695 5.41608
-0.916613 -0.502899
-0.916452 0.913889
-0.916402 6.28233
-0.916216 2.9641
-0.916178 3.24166
-0.915927 6.2082
-0.915883 4.59902
-0.915344 -0.500729
-0.502694 -0.502599
-0.50251 -0.502468
-0.502401 -0.502158
-0.502223 3.8589
-0.502091 2.32843
-0.501741 0.913808
-0.501698 2.5
-0.501674 1.73607
-0.50163 1.94949
-0.501026 -0.500729
-0.500877 3.97214
-0.500877 -0.500729
-0.500864 1.73607
-0.500729 -0.500729
-0.500729 1.73607
-0.500729 1.73607
-0.500729 2.5
-0.500648 2.5
-0.500648 6.84847
-0.500648 4.08258
-0.500567 0.914132
-0.500486 1.5
0.499514 1.5
0.499514 3.62311
0.499514 1.73607
0.499676 0.913646
0.499676 0.499676
0.499676 4.5
0.499757 0.91397
0.499919 2.5
0.913808 0.91397
0.913889 0.91397
0.91397 2.32843
0.91397 0.91397
0.914051 1.23197
0.914051 3.5
0.914051 2.9641
0.914051 1.23197
0.914132 1.23197
0.914132 0.914132
1.23197 1.94949
1.23197 1.23197
1.23197 1.73607
1.23197 1.23197
1.5 1.73607
1.5 4.59902
1.5 1.5
1.5 1.73607
1.5 1.73607
1.5 1.73607
1.5 1.5
1.5 1.73607
1.5 1.73607
1.5 1.5
1.5 1.5
1.5 8.93398
1.5 2.9641
1.5 1.5
1.5 1.5
1.5 1.73607
1.5 1.73607
1.5 1.5
1.5 1.73607
1.5 1.73607
1.73607 1.73607
1.73607 1.73607
1.73607 4.59902
1.73607 1.73607
1.73607 3.62311
1.73607 1.73607
1.73607 1.73607
1.73607 1.73607
1.73607 1.73607
1.73607 1.73607
1.73607 1.73607
1.73607 2.66228
1.73607 1.73607
1.73607 1.73607
1.73607 1.73607
1.73607 1.73607
1.73607 1.94949
1.73607 2.9641
1.73607 2.5
1.73607 1.73607
1.73607 1.73607
1.73607 1.73607
1.73607 3.97214
1.73607 1.94949
1.73607 1.73607
1.94949 1.94949
1.94949 1.94949
1.94949 2.32843
1.94949 1.94949
1.94949 1.94949
1.94949 1.94949
1.94949 6.4282
1.94949 4.69615
1.94949 2.32843
1.94949 2.32843
1.94949 2.32843
1.94949 1.94949
1.94949 1.94949
1.94949 1.94949
2.32843 2.5
2.32843 2.5
2.32843 2.32843
2.32843 2.5
2.32843 2.5
2.32843 2.5
2.32843 2.32843
2.32843 2.32843
2.32843 2.32843
2.32843 2.5
2.32843 3.10555
2.32843 2.5
2.32843 2.66228
2.32843 2.32843
2.32843 2.32843
2.32843 2.66228
2.32843 2.5
2.32843 2.5
2.32843 2.32843
2.32843 2.5
2.32843 2.32843
2.5 5.24456
2.5 2.5
2.5 3.10555
2.5 2.5
2.5 2.5
2.5 2.5
2.5 2.5
2.5 2.5
2.5 2.5
2.5 2.5
2.5 2.5
2.5 2.66228
2.5 2.5
2.5 2.5
2.5 2.5
2.5 2.81662
2.5 2.66228
2.5 2.5
2.5 2.5
2.5 2.5
2.5 2.5
2.5 2.5
2.5 2.66228
2.5 3.10555
2.5 2.5
2.5 2.5
2.5 2.5
2.5 2.66228
2.5 2.5
2.5 5.90312
2.5 2.5
2.5 2.5
2.5 2.5
2.5 2.5
2.5 2.5
2.5 2.5
2.5 3.62311
2.5 2.5
2.5 2.5
2.5 2.5
2.66228 2.66228
2.66228 4.08258
2.66228 2.81662
2.66228 2.81662
2.66228 2.81662
2.66228 2.81662
2.66228 2.66228
2.66228 2.66228
2.66228 2.81662
2.66228 4.5
2.66228 2.81662
2.66228 2.66228
2.66228 2.66228
2.66228 2.66228
2.66228 2.66228
2.66228 3.62311
2.66228 2.66228
2.81662 3.10555
2.81662 2.81662
2.81662 2.9641
2.81662 2.81662
2.81662 2.9641
2.81662 3.24166
2.81662 2.81662
2.81662 3.24166
2.81662 3.24166
2.81662 3.10555
2.81662 3.10555
2.81662 2.81662
2.81662 2.81662
2.81662 2.81662
2.9641 3.24166
2.9641 3.24166
2.9641 3.24166
2.9641 3.10555
2.9641 2.9641
2.9641 3.10555
2.9641 3.10555
2.9641 2.9641
3.10555 6.2082
3.10555 3.10555
3.10555 3.5
3.10555 3.10555
3.10555 3.24166
3.10555 3.10555
3.10555 3.10555
3.10555 3.24166
3.10555 3.24166
3.10555 3.24166
3.10555 3.62311
3.10555 3.10555
3.10555 3.10555
3.10555 3.10555
3.10555 3.10555
3.10555 3.10555
3.10555 3.10555
3.10555 3.10555
3.10555 3.24166
3.10555 3.10555
3.10555 3.24166
3.10555 3.24166
3.10555 3.24166
3.10555 3.10555
3.10555 3.10555
3.10555 3.10555
3.10555 3.24166
3.10555 3.10555
3.10555 3.10555
3.10555 3.10555
3.10555 3.10555
3.10555 3.10555
3.10555 3.10555
3.10555 3.24166
3.10555 3.10555
3.10555 3.24166
3.10555 3.10555
3.10555 3.10555
3.10555 3.24166
3.10555 3.10555
3.10555 3.24166
3.10555 3.10555
3.10555 3.24166
3.10555 3.62311
3.24166 4.08258
3.24166 3.5
3.24166 3.24166
3.24166 3.24166
3.24166 3.24166
3.24166 3.24166
3.24166 3.24166
3.24166 5.33095
3.24166 3.24166
3.24166 3.24166
3.24166 3.24166
3.24166 3.62311
3.24166 3.24166
3.24166 3.24166
3.24166 3.24166
3.24166 3.62311
3.24166 3.62311
3.24166 3.24166
3.24166 3.24166
3.24166 3.62311
3.24166 3.74264
3.24166 3.62311
3.24166 3.62311
3.24166 3.5
3.24166 3.24166
3.24166 3.62311
3.5 3.62311
3.5 3.62311
3.5 3.62311
3.5 3.62311
3.5 3.5
3.5 3.5
3.5 3.62311
3.5 3.5
3.5 3.5
3.5 3.5
3.5 3.5
3.5 3.5
3.5 3.5
3.5 3.62311
3.5 3.62311
3.5 3.5
3.5 3.5
3.5 3.62311
3.5 3.97214
3.5 3.62311
3.5 3.62311
3.5 3.5
3.5 3.5
3.5 3.5
3.5 3.5
3.5 3.5
3.5 3.5
3.5 3.5
3.5 3.5
3.5 3.5
3.5 3.62311
3.5 3.5
3.62311 3.62311
3.62311 3.62311
3.62311 4.08258
3.62311 3.62311
3.62311 3.62311
3.62311 3.62311
3.62311 3.62311
3.62311 3.8589
3.62311 4.5
3.62311 3.62311
3.62311 3.97214
3.62311 3.8589
3.62311 3.74264
3.62311 3.74264
3.62311 3.74264
3.62311 3.62311
3.62311 5.24456
3.62311 3.8589
3.62311 3.74264
3.62311 3.62311
3.62311 3.74264
3.62311 3.74264
3.62311 3.74264
3.62311 3.74264
3.62311 3.62311
3.62311 3.74264
3.62311 3.62311
3.62311 3.62311
3.62311 3.74264
3.62311 3.74264
3.62311 3.74264
3.62311 3.74264
3.62311 3.74264
3.62311 3.62311
3.62311 3.62311
3.62311 3.62311
3.62311 3.62311
3.62311 3.62311
3.62311 3.62311
3.62311 3.74264
3.62311 3.97214
3.62311 3.62311
3.62311 3.74264
3.62311 3.62311
3.62311 3.62311
3.62311 3.8589
3.62311 3.62311
3.62311 3.62311
3.62311 3.62311
3.62311 3.74264
3.62311 3.62311
3.62311 3.62311
3.62311 6.57107
3.62311 3.74264
3.62311 3.62311
3.62311 3.74264
3.62311 3.62311
3.62311 3.97214
3.62311 3.74264
3.62311 3.62311
3.62311 3.62311
3.62311 3.74264
3.62311 3.74264
3.62311 3.74264
3.62311 3.74264
3.62311 3.62311
3.74264 4.69615
3.74264 3.97214
3.74264 3.8589
3.74264 3.8589
3.74264 3.74264
3.74264 3.74264
3.74264 7.11577
3.74264 3.97214
3.74264 3.74264
3.74264 3.74264
3.74264 3.74264
3.74264 3.74264
3.74264 3.8589
3.74264 3.8589
3.74264 3.74264
3.74264 5.66441
3.74264 3.8589
3.74264 3.8589
3.74264 3.8589
3.74264 3.74264
3.74264 3.8589
3.74264 3.74264
3.74264 3.74264
3.74264 3.8589
3.74264 3.74264
3.74264 3.8589
3.74264 3.74264
3.74264 3.8589
3.74264 3.74264
3.74264 3.8589
3.74264 3.74264
3.74264 3.8589
3.74264 3.74264
3.74264 3.74264
3.74264 3.74264
3.74264 3.74264
3.74264 3.74264
3.74264 3.74264
3.74264 3.74264
3.74264 3.8589
3.74264 3.74264
3.74264 4.08258
3.74264 3.8589
3.74264 4.08258
3.74264 4.08258
3.74264 3.74264
3.74264 3.97214
3.74264 4.08258
3.74264 3.74264
3.74264 3.74264
3.8589 4.08258
3.8589 3.8589
3.8589 3.8589
3.8589 3.8589
3.8589 3.97214
3.8589 3.8589
3.8589 4.08258
3.8589 3.8589
3.8589 3.97214
3.8589 3.97214
3.8589 3.97214
3.8589 4.08258
3.8589 3.97214
3.8589 4.08258
3.8589 3.97214
3.97214 3.97214
3.97214 4.08258
3.97214 3.97214
3.97214 3.97214
3.97214 3.97214
3.97214 3.97214
3.97214 3.97214
3.97214 4.08258
3.97214 4.08258
3.97214 3.97214
3.97214 4.08258
3.97214 4.39898
3.97214 4.08258
3.97214 3.97214
3.97214 3.97214
3.97214 3.97214
3.97214 3.97214
3.97214 4.5
3.97214 3.97214
3.97214 3.97214
3.97214 4.08258
3.97214 4.08258
3.97214 4.08258
3.97214 4.08258
3.97214 3.97214
3.97214 4.08258
3.97214 4.59902
4.08258 6.28233
4.08258 4.39898
4.08258 4.5
4.08258 4.08258
4.08258 4.08258
4.08258 4.5
4.08258 4.08258
4.08258 4.39898
4.08258 4.08258
4.08258 4.39898
4.08258 4.39898
4.08258 4.39898
4.08258 4.39898
4.08258 4.08258
4.19042 4.19042
4.19042 4.19042
4.19042 4.19042
4.19042 4.19042
4.19042 4.19042
4.19042 4.39898
4.19042 4.39898
4.39898 4.5
4.39898 4.5
4.39898 4.59902
4.39898 4.39898
4.39898 4.69615
4.39898 4.59902
4.39898 4.69615
4.39898 4.59902
4.39898 4.69615
4.39898 4.39898
4.39898 4.59902
4.39898 4.59902
4.39898 4.39898
4.39898 4.5
4.39898 4.39898
4.39898 4.39898
4.39898 5.90312
4.39898 4.69615
4.39898 4.69615
4.5 4.5
4.5 4.59902
4.5 4.5
4.5 4.5
4.5 4.5
4.5 5.15685
4.5 4.5
4.5 4.69615
4.5 4.59902
4.5 4.59902
4.5 4.59902
4.5 4.5
4.5 4.5
4.5 4.5
4.5 4.5
4.5 4.5
4.5 4.5
4.5 4.5
4.5 4.5
4.5 4.5
4.5 4.5
4.5 4.5
4.5 4.5
4.5 4.5
4.5 4.5
4.5 4.59902
4.5 4.5
4.5 4.5
4.5 4.5
4.5 4.5
4.5 4.59902
4.5 4.5
4.5 4.59902
4.5 4.5
4.5 4.59902
4.5 4.5
4.5 4.5
4.5 4.59902
4.5 4.5
4.5 4.5
4.5 4.5
4.5 4.5
4.5 4.5
4.5 4.5
4.5 4.59902
4.5 4.5
4.5 4.88516
4.5 4.5
4.5 4.5
4.5 4.59902
4.5 4.59902
4.5 4.5
4.5 4.59902
4.5 4.5
4.5 4.59902
4.5 4.59902
4.5 4.5
4.5 4.5
4.5 4.5
4.5 4.59902
4.59902 4.59902
4.59902 4.59902
4.59902 5.24456
4.59902 4.69615
4.59902 4.59902
4.59902 4.59902
4.59902 4.59902
4.59902 5.90312
4.59902 4.59902
4.59902 4.59902
4.59902 6.57107
4.59902 4.69615
4.59902 4.59902
4.59902 4.59902
4.59902 4.59902
4.59902 4.69615
4.59902 4.69615
4.59902 4.59902
4.59902 4.59902
4.59902 4.59902
4.59902 4.59902
4.59902 4.59902
4.59902 4.88516
4.59902 4.59902
4.59902 4.69615
4.59902 4.59902
4.59902 4.59902
4.59902 4.59902
4.59902 4.88516
4.59902 4.69615
4.69615 4.97723
4.69615 4.88516
4.69615 5.41608
4.69615 5.66441
4.69615 4.97723
4.69615 4.88516
4.69615 4.88516
4.88516 4.88516
4.88516 4.88516
4.88516 5.24456
4.88516 5.24456
4.88516 4.88516
4.88516 4.88516
4.88516 4.97723
4.88516 5.24456
4.88516 4.88516
4.88516 4.88516
4.88516 4.88516
4.88516 4.97723
4.88516 4.97723
4.88516 4.88516
4.88516 4.88516
4.88516 5.24456
4.88516 4.97723
4.88516 5.24456
4.88516 5.24456
4.88516 4.88516
4.88516 4.97723
4.88516 4.97723
4.88516 4.97723
4.88516 4.88516
4.88516 4.97723
4.88516 4.88516
4.88516 4.88516
4.88516 4.88516
4.88516 4.88516
4.88516 4.88516
4.88516 4.88516
4.88516 4.88516
4.88516 4.88516
4.88516 4.88516
4.88516 4.97723
4.88516 4.88516
4.88516 4.88516
4.88516 4.88516
4.88516 4.97723
4.88516 5.82456
4.88516 4.97723
4.88516 4.88516
4.88516 4.97723
4.88516 4.88516
4.88516 4.97723
4.88516 4.97723
4.88516 4.97723
4.97723 4.97723
4.97723 4.97723
4.97723 4.97723
4.97723 5.15685
4.97723 5.24456
4.97723 5.15685
4.97723 5.15685
4.97723 5.24456
5.15685 5.24456
5.15685 5.15685
5.15685 5.15685
5.15685 5.15685
5.15685 5.15685
5.15685 5.24456
5.15685 5.15685
5.15685 5.24456
5.15685 5.24456
5.15685 5.15685
5.15685 5.24456
5.15685 6.2082
5.15685 5.15685
5.15685 5.24456
5.15685 5.24456
5.15685 5.24456
5.15685 5.15685
5.24456 5.24456
5.24456 5.33095
5.24456 5.41608
5.24456 5.24456
5.24456 5.24456
5.24456 5.24456
5.24456 5.66441
5.24456 5.24456
5.24456 5.24456
5.24456 5.33095
5.24456 5.41608
5.24456 5.41608
5.24456 5.41608
5.24456 5.41608
5.24456 5.24456
5.24456 5.41608
5.24456 5.24456
5.24456 5.41608
5.24456 5.24456
5.24456 5.33095
5.24456 5.24456
5.24456 5.24456
5.24456 5.33095
5.33095 5.33095
5.33095 5.5
5.33095 5.41608
5.33095 5.66441
5.33095 5.33095
5.33095 5.66441
5.33095 5.33095
5.33095 5.41608
5.33095 5.41608
5.33095 5.41608
5.33095 5.41608
5.33095 5.41608
5.33095 5.33095
5.33095 5.33095
5.33095 5.33095
5.33095 5.41608
5.33095 5.33095
5.33095 5.33095
5.33095 5.66441
5.33095 5.5
5.33095 5.33095
5.33095 5.33095
5.33095 5.33095
5.33095 5.66441
5.33095 5.33095
5.33095 5.33095
5.33095 5.33095
5.33095 5.33095
5.33095 5.33095
5.33095 5.33095
5.33095 5.41608
5.33095 5.41608
5.41608 5.41608
5.41608 5.41608
5.41608 5.41608
5.41608 5.66441
5.41608 5.66441
5.41608 5.66441
5.41608 5.58276
5.41608 5.5
5.5 5.5
5.5 5.5
5.5 5.5
5.5 5.5
5.5 5.58276
5.5 5.5
5.5 9.5
5.5 5.58276
5.5 5.66441
5.5 5.5
5.5 5.66441
5.5 5.66441
5.5 5.5
5.5 5.5
5.5 6.2082
5.5 5.5
5.5 5.5
5.5 5.66441
5.5 5.5
5.5 5.66441
5.5 5.5
5.5 5.66441
5.58276 5.66441
5.58276 5.58276
5.58276 5.66441
5.58276 5.58276
5.58276 5.66441
5.58276 5.90312
5.58276 5.66441
5.58276 5.58276
5.58276 5.58276
5.66441 5.66441
5.66441 5.66441
5.66441 5.66441
5.66441 5.66441
5.66441 5.66441
5.66441 5.66441
5.66441 5.90312
5.66441 5.66441
5.66441 5.66441
5.66441 5.82456
5.66441 5.90312
5.66441 5.82456
5.66441 5.82456
5.82456 5.82456
5.82456 5.82456
5.82456 5.90312
5.82456 6.5
5.82456 5.90312
5.82456 5.82456
5.82456 5.90312
5.82456 5.90312
5.82456 5.82456
5.82456 5.82456
5.82456 5.82456
5.82456 5.82456
5.90312 5.90312
5.90312 5.90312
5.90312 5.90312
5.90312 5.90312
5.90312 5.90312
5.90312 5.90312
5.90312 5.98074
5.90312 5.90312
5.90312 5.90312
5.90312 5.90312
5.90312 5.90312
5.90312 5.90312
5.90312 5.90312
5.90312 6.05744
5.90312 5.90312
5.90312 5.90312
5.90312 5.90312
5.90312 6.2082
5.90312 6.2082
5.90312 5.90312
5.90312 5.98074
5.90312 6.05744
5.90312 5.90312
5.90312 5.90312
5.90312 6.05744
5.98074 6.13325
5.98074 5.98074
5.98074 6.57107
5.98074 5.98074
5.98074 6.13325
5.98074 6.13325
5.98074 6.05744
6.05744 6.2082
6.05744 6.13325
6.05744 6.13325
6.05744 6.13325
6.05744 6.13325
6.13325 6.57107
6.13325 6.13325
6.13325 6.5
6.13325 6.2082
6.2082 6.28233
6.2082 6.2082
6.2082 6.2082
6.2082 6.98331
6.2082 6.28233
6.2082 6.2082
6.2082 6.28233
6.2082 6.2082
6.2082 6.5
6.28233 6.28233
6.28233 6.5
6.28233 6.5
6.28233 6.28233
6.28233 6.5
6.28233 6.5
6.4282 6.4282
6.4282 6.4282
6.4282 6.4282
6.4282 6.4282
6.4282 6.4282
6.5 6.5
6.5 6.5
6.5 6.57107
6.5 6.57107
6.5 6.57107
6.5 6.64143
6.5 6.5
6.5 6.5
6.5 6.5
6.57107 6.57107
6.57107 6.64143
6.57107 6.78011
6.57107 6.64143
6.57107 6.64143
6.57107 6.64143
6.57107 6.57107
6.57107 7.04983
6.57107 6.84847
6.57107 6.78011
6.57107 6.57107
6.57107 6.57107
6.57107 6.78011
6.57107 6.57107
6.57107 6.64143
6.57107 6.57107
6.57107 6.57107
6.57107 6.57107
6.57107 6.57107
6.57107 6.57107
6.57107 6.57107
6.57107 6.57107
6.64143 6.64143
6.64143 6.84847
6.64143 6.84847
6.64143 6.64143
6.64143 6.78011
6.64143 6.84847
6.64143 6.78011
6.64143 6.78011
6.7111 6.78011
6.7111 6.78011
6.7111 6.78011
6.7111 6.7111
6.7111 6.78011
6.7111 6.7111
6.7111 7.31025
6.7111 6.78011
6.78011 6.84847
6.78011 6.84847
6.78011 6.84847
6.78011 6.84847
6.78011 6.84847
6.78011 6.84847
6.78011 6.84847
6.84847 6.98331
6.84847 6.84847
6.84847 6.84847
6.84847 6.84847
6.84847 7.18115
6.84847 6.84847
6.84847 6.84847
6.98331 6.98331
6.98331 7.31025
7.04983 8.10233
7.04983 7.04983
7.11577 7.11577
7.11577 7.11577
7.11577 7.11577
7.18115 7.18115
7.18115 7.31025
7.18115 7.31025
7.18115 7.37401
7.18115 7.31025
7.18115 7.18115
7.31025 7.31025
7.31025 7.31025
7.31025 7.37401
7.31025 7.31025
7.31025 7.31025
7.31025 7.31025
7.31025 7.31025
7.31025 7.98528
7.31025 7.31025
7.31025 7.31025
7.31025 7.31025
7.31025 7.31025
7.31025 7.37401
7.31025 7.31025
7.37401 7.37401
7.37401 7.56226
7.37401 7.68535
7.37401 7.56226
7.37401 7.62404
7.37401 7.37401
7.37401 7.62404
7.37401 7.62404
7.5 7.5
7.5 7.5
7.5 7.56226
7.5 7.62404
7.56226 7.56226
7.56226 7.56226
7.56226 7.8666
7.56226 7.56226
7.56226 7.56226
7.56226 7.62404
7.56226 7.56226
7.56226 8.10233
7.56226 7.74621
7.62404 7.80662
7.62404 7.80662
7.62404 7.80662
7.62404 7.62404
7.62404 8.10233
7.62404 7.8666
7.62404 7.74621
7.62404 7.62404
7.62404 7.62404
7.62404 7.80662
7.62404 7.80662
7.62404 7.62404
7.74621 8.5
7.74621 8.10233
7.80662 7.80662
7.8666 8.10233
7.8666 8.10233
7.8666 8.10233
7.8666 8.10233
7.98528 8.044
7.98528 8.27496
7.98528 7.98528
7.98528 8.044
7.98528 8.10233
8.044 8.044
8.044 8.044
8.044 8.10233
8.044 8.10233
8.044 8.2178
8.044 8.044
8.044 8.044
8.044 8.10233
8.10233 8.16025
8.10233 8.27496
8.10233 8.10233
8.10233 8.27496
8.10233 8.10233
8.10233 8.16025
8.16025 8.27496
8.2178 8.5
8.2178 8.33176
8.2178 8.2178
8.2178 8.2178
8.2178 8.27496
8.2178 8.55538
8.2178 8.33176
8.27496 8.27496
8.27496 8.27496
8.27496 8.33176
8.44427 8.44427
8.5 8.61043
8.5 8.5
8.5 8.5
8.5 8.5
8.5 8.5
8.5 8.5
8.5 8.5
8.55539 8.71954
8.55539 8.61043
8.55539 8.61043
8.71954 8.71954
8.71954 8.71954
8.71954 8.71954
8.71954 8.71954
8.77362 8.93398
8.77362 8.77362
8.77362 8.93398
8.77362 8.77362
8.77362 8.77362
8.88083 8.98683
8.88083 8.93398
8.93398 8.93398
8.93398 9.14365
8.93398 9.19536
8.93398 8.93398
8.93398 8.98683
8.98683 9.03939
8.98683 9.14365
8.98683 9.14365
9.34886 9.34886
9.3995 9.5
9.3995 9.44987
9.5 9.5
9.5 9.54988
9.54988 9.54988
9.54988 9.54988
9.54988 9.54988
9.5995 9.5995
9.74695 9.8923
9.79563 9.98809
9.79563 9.94031
9.79563 9.84408
9.79563 9.79563
9.79563 9.79563
9.84408 9.94031
9.8923 10.5
9.8923 10.1301
9.94031 9.94031
9.94031 9.94031
9.94031 9.98809
9.98809 10.1301
9.98809 10.1301
9.98809 10.1301
9.98809 10.1301
10.1301 10.1771
10.1301 10.2238
10.1301 10.2238
10.2703 10.3167
10.3167 10.3628
10.3167 10.3167
10.5 10.5
10.5454 10.5454
10.5454 10.5454
10.5454 10.5454
10.5454 10.5454
10.5905 10.725
10.8137 10.8578
10.9018 10.9018
12.1886 12.2279
12.2279 12.2279
12.5384 12.5767
