-7.86262 -7.80129
-7.42721 -7.4263
-7.36033 -7.23287
-7.36031 -7.23283
-5.53832 -5.53814
-5.28113 -5.2809
-5.2804 -5.01327
-5.27995 -5.01305
-5.2797 -4.92041
-5.27953 -5.01349
-5.01278 -4.92101
-5.01173 -4.72973
-5.01124 -4.91965
-4.91892 -4.63212
-4.91862 -4.63218
-4.91833 -4.72883
-4.91769 -4.63228
-4.91741 -4.632
-4.91713 -4.63099
-4.72884 -4.63143
-4.72884 -4.6316
-4.72852 -4.43066
-4.72829 -4.22132
-4.72783 -4.22063
-4.63113 -4.53208
-4.63068 -4.6305
-4.63068 -4.63056
-4.63028 -4.62122
-4.62991 -4.4298
-4.62931 -4.22067
-4.62909 -4.53135
-4.62041 -4.52159
-4.53041 -4.42926
-4.52943 -4.43012
-4.52907 -4.52045
-4.42926 -4.22003
-4.42881 -4.22048
-4.21975 -4.00023
-4.2188 -4.11126
-4.21853 -4.11192
-4.21834 -4.11166
-4.11077 -4.00056
-4.11015 -4.00101
-4.11003 -3.88609
-4.10981 -4.00096
-4.10981 -3.88631
-4.10978 -3.99103
-4.10949 -4.00042
-4.10934 -3.88654
-4.10923 -3.77039
-3.99914 -3.77002
-3.999 -3.88716
-3.99741 -3.64868
-3.88523 -3.6491
-3.8851 -3.64888
-3.88463 -3.64882
-3.88398 -3.52448
-3.76952 -3.76053
-3.7682 -3.64907
-3.76796 -3.76795
-3.76768 -3.76019
-3.76762 -3.64962
-3.76757 -3.76019
-3.64855 -3.64838
-3.64767 -3.52464
-3.64728 -3.26575
-3.64723 -3.52441
-3.6469 -3.64011
-3.64678 -3.52593
-3.64658 -2.68089
-3.64588 -3.12769
-3.63986 -3.52593
-3.52265 -3.51546
-3.52251 -3.51585
-3.52216 -3.26487
-3.5209 -2.34521
-3.26392 -3.26378
-3.26369 -2.98449
-3.26338 -3.12758
-3.263 -3.12774
-3.26299 -3.12667
-3.26277 -3.12783
-3.26271 -3.12659
-3.26245 -3.1274
-3.26164 -2.83776
-3.25591 -3.12017
-3.12684 -3.12016
-3.12652 -2.98542
-3.12628 -3.12598
-3.12594 -3.12548
-3.12586 -2.98466
-3.12577 -3.11945
-3.12574 -2.98445
-3.12547 -2.83619
-3.12527 -2.83573
-3.1247 -2.68157
-3.12451 -2.68218
-3.11899 -2.68208
-2.9844 -2.98401
-2.98394 -2.98371
-2.98389 -2.83611
-2.98388 -2.51832
-2.98348 -2.83577
-2.98332 -2.83588
-2.9832 -2.51853
-2.98309 -2.51873
-2.98286 -2.51841
-2.98282 -2.51823
-2.98275 -2.51837
-2.97696 -2.67509
-2.97655 -2.51809
-2.83728 -2.83701
-2.83674 -2.83651
-2.83637 -2.67532
-2.83637 -2.83544
-2.83628 -2.68241
-2.83617 -2.83616
-2.83596 -2.67502
-2.83574 -2.83502
-2.83558 -2.6809
-2.83536 -2.68192
-2.83534 -2.68121
-2.8353 -2.68077
-2.83528 -2.68126
-2.8352 -2.51778
-2.8352 -2.51798
-2.83497 -2.51816
-2.83496 -2.68051
-2.8348 -2.51745
-2.83473 -2.51778
-2.83468 -2.68096
-2.8345 -2.68136
-2.83446 -2.51786
-2.8344 -2.51756
-2.83426 -2.51677
-2.82914 -2.68071
-2.82858 -2.51747
-2.82858 -2.51755
-2.68079 -2.51827
-2.68054 -2.68005
-2.68019 -2.51768
-2.67985 -2.51814
-2.67982 -2.51763
-2.6795 -2.51696
-2.67932 -2.51672
-2.67909 -2.51648
-2.67888 -2.67467
-2.67846 0.497236
-2.67783 -2.51593
-2.67773 -2.34326
-2.51781 -2.51694
-2.51768 -2.51685
-2.51764 -2.51734
-2.51747 -2.51172
-2.51735 -2.34474
-2.51735 -2.51653
-2.51726 -2.51709
-2.51725 -2.34491
-2.51704 -2.34502
-2.51696 -2.34499
-2.51694 -2.34425
-2.51694 -2.34452
-2.51688 -2.34496
-2.51687 1.73607
-2.51679 -2.34503
-2.51675 -2.3444
-2.51671 -2.51628
-2.51671 -2.3445
-2.51666 -2.34582
-2.51663 -2.34452
-2.51652 -2.51595
-2.51641 -2.51633
-2.5164 -2.34488
-2.51634 -2.51609
-2.51625 -2.34453
-2.5162 -2.34465
-2.5161 -2.34466
-2.51604 -2.34545
-2.51593 -2.3438
-2.51585 -2.34482
-2.51581 -2.3441
-2.51579 -2.3441
-2.51576 -2.34468
-2.51547 -2.34426
-2.51546 -2.3436
-2.51543 -2.34401
-2.51543 -2.34408
-2.51538 -2.34401
-2.51528 -2.34393
-2.51506 -2.34367
-2.51485 -2.344
-2.51471 -1.96419
-2.5146 -2.34463
-2.51458 -2.34375
-2.51431 -1.96391
-2.5142 -2.34405
-2.51136 -2.3453
-2.51136 -2.34534
-2.51121 -2.34474
-2.51023 -2.51012
-2.5099 5.82456
-2.34376 -2.34361
-2.3437 -2.33918
-2.34347 -2.34346
-2.34338 -2.34276
-2.34327 -1.96344
-2.34325 -1.96345
-2.34314 -1.96388
-2.34309 -1.96339
-2.34302 -1.96391
-2.34292 -1.9639
-2.34269 -1.96386
-2.34269 -1.96404
-2.34265 -1.96311
-2.34237 -1.96387
-2.34232 -1.96387
-2.34186 2.9641
-2.34176 -1.96387
-2.34154 -1.74835
-2.34139 -1.7484
-2.34129 -1.74854
-2.33867 -1.96268
-2.33811 -1.96356
-1.96376 -1.96301
-1.96376 -1.96301
-1.96371 -1.96244
-1.96371 -1.96254
-1.96368 -1.9633
-1.96342 -1.96325
-1.96339 -1.96317
-1.96275 -1.96176
-1.96269 -1.96251
-1.96269 -1.74913
-1.96265 -1.96225
-1.96261 -1.74859
-1.96258 -1.96194
-1.96256 -1.96177
-1.96256 -1.96216
-1.96255 -1.74854
-1.96251 -1.96227
-1.96249 -1.74907
-1.96245 -1.74835
-1.96245 -1.9622
-1.96244 -1.74773
-1.96241 -1.74881
-1.96226 -1.96175
-1.96209 -1.74784
-1.96201 -1.74749
-1.96185 -1.74829
-1.9617 -1.74809
-1.96167 -1.748
-1.96164 -1.74793
-1.96158 -1.74721
-1.96152 -1.74757
-1.9615 -1.74786
-1.9615 -1.74839
-1.96148 -1.747
-1.96141 -1.74861
-1.96106 -1.74763
-1.96106 -1.74761
-1.9609 -1.74801
-1.74798 -1.74777
-1.74771 -1.74743
-1.74759 2.81662
-1.74756 -1.74694
-1.74745 -1.7468
-1.74712 -1.24235
-1.7471 -1.74651
-1.74705 -1.74631
-1.74705 -1.74694
-1.74699 -1.74675
-1.7467 -1.74668
-1.74623 -1.50964
-1.74591 -1.5102
-1.74561 -1.24158
-1.74504 -1.24144
-1.74499 -1.24121
-1.50862 -1.24057
-1.50805 -1.24106
-1.50735 -1.24013
-1.50569 -0.921279
-1.5049 7.68535
-1.50484 -0.502718
-1.23914 -0.921453
-0.920433 -0.920089
-0.919882 -0.504301
-0.917513 3.24166
-0.501225 1.73607
-0.501089 6.84847
-0.501089 4.08258
0.499456 4.5
0.913805 0.913805
0.913941 3.5
0.914077 0.914077
1.5 1.5
1.5 1.73607
1.5 1.73607
1.73607 2.5
1.73607 1.73607
1.73607 1.73607
1.73607 1.73607
1.73607 1.94949
1.94949 1.94949
1.94949 1.94949
1.94949 1.94949
2.32843 2.5
2.32843 3.10555
2.32843 2.5
2.32843 2.32843
2.5 4.97723
2.5 2.5
2.5 2.5
2.5 4.5
2.5 2.5
2.5 2.5
2.5 2.5
2.5 2.5
2.5 2.5
2.66228 2.66228
2.81662 2.81662
2.81662 3.24166
2.81662 3.24166
2.81662 3.10555
2.9641 3.10555
2.9641 3.10555
2.9641 2.9641
3.10555 3.24166
3.10555 3.24166
3.10555 3.24166
3.10555 3.24166
3.10555 3.10555
3.10555 3.10555
3.10555 3.10555
3.10555 3.24166
3.24166 3.24166
3.24166 3.62311
3.24166 3.62311
3.5 3.5
3.5 3.5
3.5 3.5
3.5 3.5
3.5 3.5
3.62311 3.62311
3.62311 3.62311
3.62311 3.74264
3.62311 3.62311
3.62311 3.62311
3.62311 3.8589
3.62311 3.62311
3.62311 3.62311
3.62311 3.74264
3.62311 3.62311
3.62311 3.62311
3.62311 6.57107
3.62311 3.74264
3.62311 3.74264
3.62311 3.62311
3.74264 3.74264
3.74264 3.74264
3.74264 3.8589
3.74264 3.74264
3.8589 4.08258
3.8589 4.08258
3.97214 3.97214
4.08258 4.39898
4.39898 4.5
4.5 4.5
4.5 4.59902
4.5 4.5
4.5 4.59902
4.5 4.59902
4.5 4.59902
4.5 4.5
4.5 4.88516
4.5 4.59902
4.5 4.5
4.59902 4.59902
4.88516 4.88516
4.88516 4.97723
4.88516 4.88516
4.88516 4.88516
4.88516 4.97723
5.15685 5.24456
5.15685 5.33095
5.24456 5.41608
5.24456 5.66441
5.24456 5.24456
5.24456 5.41608
5.33095 5.41608
5.33095 5.66441
5.33095 5.5
5.41608 5.41608
5.41608 5.41608
5.41608 5.66441
5.41608 6.64143
5.41608 5.66441
5.41608 5.66441
5.5 5.66441
5.5 6.7111
5.66441 5.90312
5.66441 5.66441
5.82456 5.90312
5.90312 5.98074
6.13325 6.2082
6.2082 6.2082
6.2082 6.5
6.2082 6.5
6.28233 6.5
6.28233 6.5
6.5 6.84847
6.57107 6.57107
6.57107 6.57107
6.57107 6.64143
6.7111 6.7111
6.84847 6.84847
7.18115 7.18115
7.31025 7.31025
7.37401 7.56226
7.37401 7.68535
7.37401 7.56226
7.37401 7.62404
7.37401 7.62404
7.37401 7.62404
7.62404 7.80662
7.62404 7.80662
7.62404 7.62404
7.74621 7.74621
8.044 8.10233
8.10233 8.10233
8.10233 8.10233
8.2178 8.2178
8.5 8.5
8.5 8.5
8.77362 8.77362
8.98683 9.14365
