-8.25914 -8.14331
-8.14166 -7.90632
-7.90585 -7.84632
-7.01707 -6.88211
-6.88184 -6.53263
-6.60354 -6.53246
-6.60328 -6.53212
-6.60321 -6.3144
-6.60312 -6.53196
-6.60277 -6.5322
-6.53233 -6.46031
-6.53225 -6.23997
-6.5318 -6.24005
-6.53106 -6.31379
-6.53105 -6.31415
-6.45977 -6.31412
-6.31385 -6.23912
-6.23914 -6.01093
-6.23905 -6.23898
-6.2389 -5.93323
-6.23879 -5.93326
-6.23841 -6.01145
-6.23828 -6.16423
-6.23824 -6.01091
-6.23815 -6.23799
-6.238 -6.1641
-6.16309 -5.93346
-6.1624 -5.93229
-6.08799 -5.93344
-6.08791 -5.93329
-6.08747 -5.93282
-6.08735 -6.01042
-6.08716 -6.01081
-6.01066 -5.93263
-6.01044 -5.93281
-6.01035 -5.93361
-6.01009 -5.93311
-5.93302 -5.93297
-5.933 -5.9329
-5.93295 -5.93284
-5.9329 -5.93278
-5.9329 -5.93248
-5.9325 -5.93203
-5.9325 -5.93173
-5.93217 -5.85365
-5.93208 -5.69357
-5.93196 -5.69293
-5.93196 -5.69323
-5.93194 -5.44391
-5.93182 -5.27156
-5.93179 -5.69333
-5.93177 -5.44385
-5.93176 -5.85323
-5.93176 -5.8544
-5.93172 -5.52822
-5.93156 -5.52801
-5.93156 -5.85444
-5.93139 -5.69338
-5.9312 -5.52801
-5.93116 -5.2713
-5.85274 -5.69286
-5.85257 -5.6933
-5.84345 -5.60192
-5.69322 -5.69295
-5.6924 -5.52805
-5.69218 -5.35795
-5.69217 -5.35792
-5.69216 -5.69215
-5.69214 -5.44364
-5.69209 -5.69204
-5.69195 -5.35818
-5.69192 -5.44405
-5.69174 -5.35838
-5.69174 -5.35804
-5.69155 -5.61068
-5.69146 -5.44358
-5.69144 -5.60966
-5.69126 -5.44374
-5.6912 -5.44356
-5.69089 -5.27139
-5.61114 -5.61107
-5.61014 -5.5282
-5.61011 -5.60968
-5.60969 -5.44375
-5.52758 -5.35829
-5.52743 -5.35752
-5.52734 -5.44407
-5.52734 -5.2716
-5.52714 -5.35809
-5.5271 -5.35741
-5.52703 -5.27095
-5.52617 -5.27121
-5.52617 -5.44203
-5.52576 -5.44284
-5.52572 -5.4417
-5.44322 -5.35832
-5.44311 -5.35817
-5.44277 -5.35782
-5.44264 -5.44225
-5.4425 -5.35774
-5.44228 -5.35803
-5.44196 -5.27092
-5.44189 -5.27147
-5.44168 -5.35637
-5.35745 -5.35734
-5.35723 -5.27133
-5.35721 -5.27076
-5.35712 -5.27107
-5.35708 -5.27045
-5.35705 -5.27132
-5.35689 -4.91054
-5.35643 -5.18293
-5.35597 -5.27058
-5.27083 -5.18316
-5.27054 -5.2697
-5.27026 -5.18296
-5.27025 -5.00257
-5.27025 -5.00274
-5.26998 -5.26994
-5.26997 -5.18317
-5.26996 -5.18243
-5.26995 -5.18324
-5.26992 -5.00243
-5.26975 -5.00254
-5.26969 -4.90988
-5.26969 -4.90964
-5.26966 -5.00268
-5.26966 -5.00299
-5.26966 -5.18255
-5.2696 -5.00273
-5.26951 -4.90944
-5.26936 -4.90993
-5.26932 -5.0025
-5.26868 -4.90995
-5.18251 -5.18247
-5.18234 -5.18231
-5.18231 -5.18224
-5.18204 -5.18192
-5.18106 -4.90961
-5.00227 -4.91042
-5.00225 -4.91019
-5.0022 -4.90985
-5.0022 -4.91028
-5.00218 -4.90971
-5.0021 -4.91022
-5.00207 -4.91001
-5.00206 -4.9103
-5.00206 -4.91015
-5.00203 -5.00191
-5.00203 -4.90993
-5.00203 -4.72032
-5.00196 -4.91044
-5.00195 -4.91031
-5.00179 -4.90972
-5.00175 -4.90971
-5.00171 -4.90975
-5.0017 -4.90903
-5.00169 -4.9102
-5.00167 -4.90997
-5.00162 -4.90896
-5.00153 -4.7202
-5.00146 -4.91043
-5.00135 -4.9097
-5.00133 -4.90974
-5.00132 -4.90926
-5.00131 -4.72023
-5.00102 -4.90989
-5.00099 -4.90922
-5.00087 -4.90933
-4.9099 -4.9094
-4.90971 -4.90922
-4.90962 -4.72035
-4.90958 -4.7199
-4.90954 -4.9094
-4.90954 -4.90952
-4.90944 -4.90908
-4.90937 -4.90922
-4.90921 -4.52295
-4.90912 -4.6227
-4.90894 -4.62297
-4.90893 -4.21219
-4.90876 -4.62272
-4.90874 -4.62283
-4.90869 -4.71994
-4.90865 -4.62261
-4.90863 -4.90125
-4.90863 -4.62242
-4.90853 -4.62197
-4.90849 -4.7206
-4.90848 -4.90819
-4.90847 -4.62168
-4.9084 -4.42155
-4.90832 -4.62246
-4.90822 -4.62186
-4.90816 -4.62217
-4.90816 -4.62202
-4.90815 -4.62219
-4.90796 -4.62214
-4.9075 -4.62252
-4.90107 -4.6225
-4.71968 -4.61478
-4.71968 -4.71948
-4.7196 -4.62278
-4.71955 -4.62237
-4.71947 -4.62283
-4.71938 -4.62286
-4.71918 -4.62227
-4.71914 -4.62248
-4.71914 -4.62248
-4.71908 -4.62249
-4.71905 -4.6218
-4.71903 -4.42159
-4.71902 -4.62248
-4.71902 -4.62252
-4.71898 -4.62213
-4.71892 -4.21222
-4.71892 -4.4217
-4.71884 -4.42131
-4.71884 -4.21222
-4.71884 -4.42165
-4.7187 -4.62217
-4.7187 -4.21222
-4.71856 -4.62218
-4.71811 -4.62246
-4.62224 -4.52304
-4.6221 -4.52274
-4.62184 -4.52233
-4.62182 -4.62124
-4.62174 -4.52245
-4.62164 -4.51509
-4.62161 -4.52281
-4.6216 -4.52234
-4.62159 -4.62154
-4.62159 -4.62147
-4.62158 -4.62149
-4.62158 -4.62121
-4.62148 -4.62119
-4.62143 -4.52229
-4.6214 -4.52283
-4.62132 -4.5232
-4.62131 -4.52307
-4.62129 -4.52253
-4.62127 -4.523
-4.62124 -4.52294
-4.62123 -4.42091
-4.62123 -4.52266
-4.62122 -4.5228
-4.62118 -4.52194
-4.62118 -4.52188
-4.62118 -4.42117
-4.62118 -4.21168
-4.62114 -4.52215
-4.62113 -4.5222
-4.62112 -4.42098
-4.62101 -4.52286
-4.621 -4.21176
-4.62088 -4.6146
-4.62079 -4.52321
-4.62079 -4.52192
-4.62076 -4.42036
-4.62074 -4.52127
-4.62073 -4.52201
-4.62071 -4.52246
-4.62069 -4.52309
-4.62058 -4.42024
-4.62054 -4.52255
-4.62049 -4.62037
-4.62048 -4.52296
-4.62037 -4.42128
-4.62036 -4.42089
-4.62023 -4.2113
-4.62015 -4.52255
-4.61987 -4.21122
-4.61437 -4.52295
-4.614 -4.52168
-4.52227 -4.5221
-4.52221 -4.52183
-4.52221 -4.51492
-4.52215 -4.52212
-4.52213 -4.42131
-4.52189 -4.42152
-4.52189 -4.42103
-4.52172 -4.52169
-4.5217 -4.5211
-4.52167 -4.21208
-4.52164 -4.42129
-4.52162 -4.21145
-4.52159 -4.42049
-4.52154 -4.52146
-4.5215 -4.21152
-4.52147 -4.42103
-4.52146 -4.42042
-4.52138 -4.52133
-4.52135 -4.21188
-4.52123 -4.1034
-4.52122 -4.521
-4.52121 -4.42076
-4.52121 -4.41997
-4.52112 -4.42109
-4.52102 -4.42088
-4.52092 -4.5208
-4.52089 -4.10362
-4.52078 -4.4197
-4.52064 -4.52061
-4.52057 -4.42054
-4.52024 -3.64077
-4.51986 -3.99193
-4.51462 -4.51454
-4.514 -4.10342
-4.51355 -4.10271
-4.42115 -4.4211
-4.4209 -4.42083
-4.42057 -4.42056
-4.42038 -4.41986
-4.42037 -4.21108
-4.42037 -4.21137
-4.42032 -4.21156
-4.42032 -3.99282
-4.4202 -4.21122
-4.42019 -4.21174
-4.42012 -4.21193
-4.42009 -4.10377
-4.42003 -4.10373
-4.42003 -4.2112
-4.42001 -4.21152
-4.42 -4.10384
-4.41997 -4.10348
-4.41994 -4.10374
-4.41985 -4.10371
-4.41985 -4.1032
-4.41979 -4.21159
-4.41977 -4.21135
-4.41976 -4.10276
-4.41976 -4.21149
-4.41971 -4.10305
-4.41971 -4.1034
-4.4197 -4.10326
-4.41959 -4.10365
-4.41959 -3.87854
-4.41954 -4.10303
-4.41951 -3.99262
-4.41948 -4.10383
-4.41942 -3.76178
-4.41936 -4.1037
-4.4193 -4.1036
-4.41928 -4.10346
-4.41923 -4.1036
-4.41906 -4.2113
-4.41904 -4.21138
-4.41876 -4.10228
-4.21158 -4.1033
-4.21129 -3.99214
-4.21117 -4.21116
-4.21105 -4.10346
-4.21096 -4.10345
-4.21079 -4.10341
-4.21077 -4.10317
-4.21071 -4.10333
-4.21062 -4.10282
-4.21057 -4.10251
-4.21057 -3.99226
-4.21055 -3.87857
-4.21053 -4.10343
-4.21051 -3.7616
-4.21051 -3.87839
-4.21048 -4.10294
-4.21033 -4.103
-4.21033 -4.10326
-4.21027 -4.10249
-4.21025 -4.10303
-4.21014 -3.87845
-4.21004 -3.64167
-4.20998 -3.64113
-4.20987 -4.1024
-4.20977 -3.87871
-4.20976 -4.10306
-4.10322 -4.10304
-4.10321 -4.1027
-4.10312 -4.10293
-4.10299 -3.99241
-4.1029 -4.10283
-4.10283 -4.10268
-4.10283 -3.99251
-4.1028 -3.99277
-4.10266 -3.99194
-4.10263 -3.87835
-4.10263 -3.99199
-4.10261 -3.99264
-4.10258 -3.9924
-4.10258 -3.99229
-4.10253 -4.10241
-4.10251 -3.87843
-4.10248 -3.99181
-4.10247 -3.99219
-4.10243 -3.8778
-4.10243 -3.99179
-4.10238 -3.98547
-4.10236 -3.87789
-4.10236 -3.99228
-4.10235 -3.99258
-4.10233 -3.99276
-4.10231 -3.99239
-4.10228 -3.87833
-4.10228 -3.99172
-4.10225 -3.87848
-4.10223 -3.99196
-4.10222 -3.76148
-4.10221 -3.87859
-4.10217 -3.99226
-4.10216 -3.87765
-4.10213 -3.99257
-4.10212 -3.87816
-4.10212 -3.87843
-4.10211 -3.76198
-4.10205 -3.87846
-4.10204 -3.87866
-4.10202 -3.87857
-4.10201 -1.74401
-4.10201 -3.64193
-4.102 -3.87846
-4.10197 -3.99215
-4.10195 -3.76151
-4.10194 -3.76147
-4.10193 -3.87827
-4.10193 -3.76145
-4.1019 -3.87833
-4.10189 -3.99132
-4.10189 -3.99249
-4.10186 -3.99225
-4.10185 -3.87802
-4.10185 -3.99195
-4.1018 -3.64155
-4.10178 -3.99223
-4.10168 -3.8782
-4.10167 -3.99137
-4.10165 -3.87786
-4.1016 -3.99256
-4.10154 -3.76225
-4.10152 -3.99186
-4.10152 -3.87817
-4.10141 -3.64154
-4.10141 -3.64146
-4.10134 -3.87761
-4.10131 -3.99131
-4.10127 -3.64179
-4.10118 -3.87756
-4.10117 -3.7611
-4.10097 -3.64143
-4.10096 -3.76142
-3.9921 -3.99184
-3.99179 -3.98551
-3.99165 -3.8789
-3.99157 -3.64217
-3.99148 -3.76083
-3.99146 -3.76173
-3.99144 -3.76152
-3.99143 -3.87823
-3.99142 -3.76201
-3.99135 -3.76185
-3.99129 -3.99119
-3.99121 -3.76088
-3.99121 -3.87792
-3.9912 -3.87826
-3.99119 -3.76191
-3.99118 -3.87817
-3.99117 -3.76137
-3.99115 -3.76182
-3.99103 -3.76163
-3.99103 -3.87851
-3.99096 -3.87807
-3.99095 -3.76117
-3.99089 -3.64186
-3.99088 -3.87841
-3.99087 -3.64146
-3.99083 -3.87801
-3.99073 -3.76124
-3.99058 -3.64161
-3.9904 -3.76087
-3.99015 -3.64174
-3.98948 -3.64045
-3.98458 -3.76191
-3.87812 -3.76187
-3.87809 -3.64172
-3.87808 -3.76178
-3.87805 -3.76188
-3.87802 -3.76194
-3.878 -3.76176
-3.87799 -3.8778
-3.87792 -3.76198
-3.87788 -3.76183
-3.87784 -3.76196
-3.87782 -3.76196
-3.87781 -3.76122
-3.8778 -3.76193
-3.87778 -3.76133
-3.87778 -3.76154
-3.87777 -3.64103
-3.87776 -3.64133
-3.87774 -3.64157
-3.87773 -3.7613
-3.8776 -3.75513
-3.87758 -3.76144
-3.87756 -3.76126
-3.87756 -3.76118
-3.87754 -3.76175
-3.87754 -3.64186
-3.8775 -3.75522
-3.87749 -3.76127
-3.87749 -3.76164
-3.87749 -3.76123
-3.87748 -3.76175
-3.87744 -3.6416
-3.87731 -3.76125
-3.87729 -3.76107
-3.87729 -3.64106
-3.87726 -3.76148
-3.87724 -3.76204
-3.87715 -3.76048
-3.87713 -3.64138
-3.87713 -3.64051
-3.87711 -3.76175
-3.87692 -3.76069
-3.8769 -3.64146
-3.87683 -3.64145
-3.87678 -3.76118
-3.8767 -3.64136
-3.87665 -3.64036
-3.87663 -3.64106
-3.87659 -3.64096
-3.87596 -3.64155
-3.87144 -3.76148
-3.7617 -3.64189
-3.76135 -3.64211
-3.76124 -3.76115
-3.76121 -3.64204
-3.7612 -3.76105
-3.76119 -3.64192
-3.76113 -3.64135
-3.7611 -3.64155
-3.76109 -3.75511
-3.76108 -3.64131
-3.76107 -3.6411
-3.76107 -3.64132
-3.76102 -3.64146
-3.76101 -3.64134
-3.761 -3.64232
-3.76099 -3.76074
-3.76098 -3.64221
-3.76095 -3.64126
-3.76093 -3.64078
-3.76093 -3.64156
-3.76088 -3.64156
-3.76086 -3.6414
-3.76086 -3.64081
-3.76084 -3.64107
-3.76082 -3.6417
-3.76081 -3.76065
-3.76081 -3.64172
-3.7608 -3.64149
-3.76079 -3.6411
-3.76074 -3.76059
-3.76074 -3.75518
-3.76074 -3.64123
-3.76074 -3.64191
-3.76073 -3.76054
-3.76073 -3.64117
-3.76069 -3.76055
-3.76068 -3.64082
-3.76063 -3.6408
-3.76059 -3.64105
-3.76055 -3.64068
-3.76055 -3.64153
-3.76054 -3.64154
-3.76053 -3.64117
-3.76052 -3.64197
-3.7605 -3.64048
-3.7605 -3.64068
-3.76048 -3.64113
-3.76048 -3.64184
-3.76045 -3.6416
-3.76045 -3.64146
-3.76044 1.23195
-3.76044 -3.64155
-3.7604 -3.64148
-3.7604 -3.64184
-3.76033 -3.76002
-3.76032 -3.64052
-3.76025 -3.64186
-3.76022 -3.64139
-3.76022 -3.64062
-3.76021 -3.64124
-3.76021 -3.64118
-3.76014 -3.64066
-3.76011 -3.64068
-3.76004 -3.64091
-3.75995 -3.64089
-3.75993 -3.64062
-3.75992 -3.6401
-3.75991 -3.64034
-3.75982 -3.25787
-3.75982 -3.64179
-3.75924 -3.12157
-3.75517 -3.75497
-3.75477 -3.25823
-3.75412 -3.64033
-3.75407 -3.64051
-3.64159 -3.64122
-3.64154 -3.64146
-3.64152 -3.64133
-3.64139 -3.64111
-3.64137 -3.64131
-3.64133 -3.64103
-3.64133 -3.64108
-3.64129 -3.64107
-3.64126 -3.64099
-3.64122 -3.64083
-3.6412 -3.64093
-3.64113 -3.64105
-3.64113 -3.64111
-3.6411 -3.64097
-3.64108 -3.64095
-3.64103 -3.64059
-3.64102 -3.64099
-3.64102 -3.64078
-3.64098 -3.64091
-3.64097 -3.64085
-3.6409 -3.64086
-3.64087 -3.64074
-3.64085 -3.64039
-3.6408 -3.64076
-3.64079 -3.64077
-3.64078 -3.64069
-3.64076 -3.64048
-3.64075 -3.51816
-3.64075 -3.25864
-3.64063 -3.64058
-3.64055 -3.64054
-3.64053 -3.64041
-3.64051 -3.25864
-3.64047 -3.51765
-3.64038 -3.25819
-3.64036 -3.12125
-3.64036 -3.25879
-3.64035 -3.5177
-3.64035 -3.63514
-3.64034 -3.25845
-3.64034 -3.64031
-3.64032 -3.51798
-3.64024 -3.64022
-3.64023 -3.25793
-3.6402 -3.64003
-3.64019 -3.6401
-3.64016 -3.63482
-3.64013 -3.25795
-3.64012 -3.258
-3.6401 -3.51732
-3.64009 -3.25821
-3.64007 -3.25822
-3.64006 -3.25857
-3.64004 -3.25835
-3.64003 -3.63985
-3.63998 -3.63992
-3.63998 -3.25849
-3.63992 -3.25792
-3.63991 -3.25803
-3.6399 -3.51797
-3.63988 -3.51694
-3.63988 -3.51822
-3.63986 -3.51708
-3.63985 -3.25846
-3.63984 -3.25846
-3.63984 -3.63948
-3.63983 -3.25879
-3.63983 -3.51758
-3.6398 -3.51707
-3.6398 -3.5169
-3.63979 -3.25802
-3.63978 -3.25852
-3.63978 -3.2582
-3.63978 -3.5167
-3.63977 -3.25834
-3.63976 -3.25802
-3.63971 -3.63966
-3.6397 -3.51745
-3.6397 -3.5181
-3.63967 -3.25868
-3.63967 -3.51769
-3.63966 -3.25853
-3.63965 -3.6349
-3.63965 -3.51786
-3.63963 -3.25856
-3.63962 -3.25816
-3.63958 -3.25796
-3.63958 -3.25796
-3.63956 -3.25772
-3.63953 -3.51695
-3.63952 -3.25802
-3.63951 -3.51793
-3.63951 -3.2579
-3.6395 -3.25835
-3.63948 -1.74517
-3.63947 -3.25738
-3.63946 -3.25832
-3.63946 -3.25827
-3.63945 -3.51761
-3.63944 -3.25801
-3.63944 -3.51755
-3.63944 -3.2585
-3.63943 -3.25816
-3.63941 -3.63926
-3.6394 -3.25767
-3.6394 -3.51765
-3.63939 -3.51715
-3.63936 -3.63931
-3.63933 -3.25795
-3.63933 -3.25855
-3.63932 -3.51623
-3.63932 -3.51764
-3.63932 -3.25785
-3.6393 -2.83114
-3.63928 -3.25804
-3.63927 -3.25767
-3.63926 -3.25772
-3.63925 -3.25824
-3.63923 -3.51672
-3.63922 -3.25828
-3.6392 -3.25772
-3.63919 -3.25822
-3.63917 -3.25762
-3.63916 -3.25802
-3.63916 -3.51765
-3.63916 -3.25788
-3.63909 -3.5167
-3.63909 -3.51691
-3.63907 -3.25763
-3.63904 -3.25705
-3.63902 -3.12156
-3.639 -3.51618
-3.63893 -3.25823
-3.63892 -3.51673
-3.6389 -3.25843
-3.63889 -3.25821
-3.63875 -3.12121
-3.63872 -3.25848
-3.63856 -3.51696
-3.63464 -3.51745
-3.63422 -3.51154
-3.63419 -3.258
-3.63393 -3.51119
-3.51734 -3.51727
-3.5168 -3.25817
-3.51677 -3.25804
-3.51659 -3.2584
-3.51653 -2.83089
-3.51644 -3.25784
-3.51641 -3.25792
-3.51636 -3.25753
-3.51636 -3.25802
-3.51633 -3.25778
-3.51633 -3.25797
-3.51629 -3.51119
-3.51626 -3.25789
-3.51623 -3.51623
-3.5162 -3.25846
-3.51615 -3.25768
-3.51613 -3.25808
-3.51612 -3.25774
-3.51606 -3.51551
-3.51599 -3.2579
-3.51597 -3.25784
-3.51595 -3.25742
-3.51595 -3.25797
-3.51591 -3.25801
-3.51589 -2.97914
-3.51588 -3.12147
-3.51577 -3.25779
-3.51577 -3.25813
-3.51569 -3.25748
-3.51567 -3.25798
-3.51566 -3.25744
-3.51563 -3.25762
-3.51557 -3.25762
-3.51557 -3.25757
-3.51555 0.913829
-3.51547 -3.25723
-3.51542 -3.25756
-3.51505 -3.25785
-3.51064 -3.50744
-3.25824 -3.25808
-3.25812 -3.25766
-3.25802 -3.25727
-3.25796 -3.12149
-3.25784 -3.25747
-3.25784 -3.25749
-3.25781 -3.1217
-3.25781 -3.25774
-3.25779 -3.25758
-3.25778 -3.25753
-3.25778 -3.25759
-3.25772 -3.25755
-3.25768 -3.12131
-3.25767 -3.25733
-3.25767 -3.25724
-3.25762 -3.25753
-3.25756 -3.25722
-3.25754 -3.12121
-3.25752 -3.2574
-3.25751 -3.12093
-3.25748 -3.12163
-3.25748 -3.2573
-3.25747 -3.12126
-3.25746 -3.12159
-3.25744 -3.25743
-3.25744 -3.25739
-3.25743 -3.12112
-3.25743 -3.12074
-3.25738 -3.2573
-3.25735 -1.96017
-3.25733 -3.12181
-3.25732 -3.25695
-3.2573 -2.97903
-3.2573 -2.979
-3.2573 -3.12166
-3.25729 -2.97865
-3.25727 -2.97943
-3.25726 -3.12118
-3.25725 -3.12069
-3.25725 -3.12091
-3.25724 -3.12105
-3.25723 -3.12132
-3.25723 -3.12114
-3.25723 -2.97947
-3.25723 -2.97935
-3.25722 -3.12123
-3.25722 -2.97917
-3.2572 -3.12181
-3.25717 -3.12192
-3.25716 -2.97911
-3.25716 -2.97938
-3.25716 -3.12127
-3.25715 -2.97904
-3.25715 -3.12066
-3.25714 -2.51323
-3.25714 -3.25699
-3.25714 -3.12148
-3.25714 -3.12146
-3.25712 -3.12067
-3.2571 -3.12108
-3.2571 -3.12076
-3.25709 -2.97937
-3.25709 -2.97918
-3.25707 -2.97851
-3.25707 -3.1207
-3.25706 -3.12066
-3.25705 -2.97916
-3.25704 -3.12145
-3.25703 -3.12163
-3.25702 -3.12123
-3.25701 -3.12141
-3.25701 -2.97911
-3.25701 -3.12149
-3.257 -3.12099
-3.257 -2.97873
-3.257 -2.97893
-3.25698 -3.12136
-3.25695 -2.97918
-3.25695 4.88516
-3.25693 -2.83089
-3.25691 -2.97918
-3.25691 -3.12057
-3.25691 -2.97935
-3.25689 -3.12152
-3.25689 -3.12128
-3.25689 -3.1208
-3.25688 -2.83077
-3.25688 -2.97853
-3.25685 -2.97894
-3.25685 -2.97935
-3.25684 -3.12078
-3.25684 -3.12116
-3.25683 -3.12087
-3.25683 -2.9786
-3.25682 -3.12073
-3.25681 -3.12127
-3.2568 -2.83115
-3.2568 -3.12028
-3.25679 -2.97841
-3.25679 -2.97832
-3.25679 -3.12157
-3.25679 -3.12088
-3.25678 -3.12057
-3.25676 -2.97862
-3.25675 -2.97886
-3.25675 -2.97918
-3.25675 -2.97859
-3.25675 -3.12128
-3.25674 -3.12122
-3.25674 -3.12155
-3.25673 -3.12084
-3.2567 -3.121
-3.2567 -3.25645
-3.25668 -2.97843
-3.25668 -2.97901
-3.25667 -2.97866
-3.25666 -3.12054
-3.25666 -2.97873
-3.25665 -2.51194
-3.25664 -3.12017
-3.25663 -3.12136
-3.25662 -3.12085
-3.25662 -3.12127
-3.2566 -3.12103
-3.25659 -3.12107
-3.25659 -3.12096
-3.25658 -2.83089
-3.25658 -2.83097
-3.25658 -3.12095
-3.25657 -2.9788
-3.25655 -3.12117
-3.25655 -2.83073
-3.25653 -3.12122
-3.25653 -3.12036
-3.25651 -2.97911
-3.25651 -2.83163
-3.25651 -3.12114
-3.25649 -3.12153
-3.25648 -3.12111
-3.25648 -2.97871
-3.25648 -3.12096
-3.25648 -2.97833
-3.25645 -2.83161
-3.25645 -2.83103
-3.25645 -3.1214
-3.25645 -2.83133
-3.25641 -3.1207
-3.2564 -3.12106
-3.25639 -3.12109
-3.25639 -2.83117
-3.25639 -3.1209
-3.25639 -3.12109
-3.25639 -3.12084
-3.25635 -2.83083
-3.25635 -2.9784
-3.25633 -2.83068
-3.25633 -2.83099
-3.25632 -2.97907
-3.25629 -3.12099
-3.25627 -2.83135
-3.25624 -2.97864
-3.25624 -3.12107
-3.25623 -3.12071
-3.25623 -2.83094
-3.25621 -3.12056
-3.2562 -2.83125
-3.2562 -3.12085
-3.2562 -3.11955
-3.25618 -3.1208
-3.25617 -2.97869
-3.25617 -3.12108
-3.25616 -2.9792
-3.25616 -2.97835
-3.25616 -2.83159
-3.25613 -3.12038
-3.2561 -1.50593
-3.25607 -2.8316
-3.25607 -3.12122
-3.25606 -3.12106
-3.25603 -3.12066
-3.256 -3.12061
-3.25599 -2.97781
-3.25596 -2.83071
-3.25593 -2.83058
-3.25586 -2.97859
-3.25586 -2.83104
-3.25584 -2.83147
-3.25575 -2.33901
-3.25567 -2.83084
-3.25233 -3.12159
-3.25217 -3.12092
-3.25207 -3.11603
-3.2518 -3.12069
-3.12108 -3.11607
-3.12099 -3.12089
-3.12084 -3.12073
-3.12082 -3.12016
-3.12066 -2.83141
-3.12065 -2.83112
-3.12063 -3.11582
-3.12052 -2.97888
-3.1205 -2.83131
-3.12049 -3.11985
-3.12047 -2.97821
-3.12042 -2.83134
-3.12042 -2.97896
-3.12041 -3.12036
-3.12037 -2.83126
-3.12037 -2.83079
-3.12035 -2.83133
-3.12035 -2.83151
-3.12031 -2.97835
-3.1203 -2.97872
-3.12029 -2.83145
-3.12029 -2.83128
-3.12028 -2.83115
-3.12028 -2.83048
-3.12028 -2.97907
-3.12026 -1.96012
-3.12023 -2.83112
-3.12023 -2.8311
-3.12021 -2.97852
-3.12018 -3.11969
-3.12015 -1.74462
-3.12014 -2.83109
-3.12012 -2.97929
-3.12012 -2.83151
-3.12011 -3.12007
-3.1201 -2.8312
-3.12009 -2.97927
-3.12008 -2.83118
-3.12008 -2.83101
-3.12007 -2.51334
-3.12006 -2.97907
-3.12004 -2.97887
-3.12004 -2.97837
-3.12003 -2.83087
-3.12001 -2.97845
-3.12 -2.97915
-3.12 -2.97924
-3.11996 -2.97861
-3.11993 -2.83073
-3.11993 -2.83068
-3.11992 -3.11979
-3.1199 -2.83116
-3.1199 -2.83138
-3.11988 -2.83085
-3.11988 -2.83119
-3.11988 -2.83034
-3.11988 -2.67561
-3.11988 4.5
-3.11986 -2.97835
-3.11986 -3.11553
-3.11985 -2.97863
-3.11983 -2.83074
-3.11983 -2.97787
-3.1198 -2.83086
-3.11978 -2.97811
-3.11977 -2.83104
-3.11975 -2.9785
-3.11973 -3.11941
-3.11973 -2.83079
-3.11971 -2.83112
-3.1197 -2.97835
-3.11969 -2.97836
-3.11969 -2.83041
-3.11969 -0.920739
-3.11969 -2.83133
-3.11969 -2.83081
-3.11967 -2.83094
-3.11967 -3.11967
-3.11966 -3.11569
-3.11962 -2.83072
-3.11961 -2.83114
-3.11958 -2.34011
-3.11957 -2.83077
-3.11955 -3.11942
-3.11955 -2.83047
-3.11954 -2.67653
-3.11951 -2.83061
-3.1195 -2.67628
-3.1195 -2.83061
-3.11949 -2.83051
-3.11949 -2.67582
-3.11949 -3.11895
-3.11945 -2.51312
-3.11945 2.5
-3.11942 -2.67534
-3.11941 -2.83058
-3.11935 -1.95894
-3.11935 -2.97832
-3.11933 -2.83114
-3.11932 -2.9783
-3.1193 -2.83032
-3.11927 -2.83081
-3.11927 -2.83026
-3.11926 -2.83078
-3.11923 -2.33875
-3.11922 -2.83087
-3.11921 -2.83029
-3.11918 -2.97733
-3.11913 -2.67561
-3.11908 -2.97788
-3.119 -2.83054
-3.11896 -2.67579
-3.11894 -2.67597
-3.11892 -2.67608
-3.11892 -2.83047
-3.11888 -2.67614
-3.11887 -2.51202
-3.11885 -2.6756
-3.1188 -2.8307
-3.11877 -2.67564
-3.11871 -2.67625
-3.1186 -2.83046
-3.11853 -2.51313
-3.1185 -2.67542
-3.1185 -2.67515
-3.11828 6.5
-3.11809 -2.51032
-3.11484 -2.67579
-3.11464 -2.6759
-3.11461 -2.51291
-3.11446 -2.50693
-3.11421 4.88516
-2.97907 -2.97899
-2.97899 -2.83058
-2.97899 -2.83124
-2.97899 -2.83118
-2.97898 -2.97864
-2.97891 -2.97869
-2.97887 -2.97849
-2.97882 -2.97864
-2.97882 -2.97845
-2.97881 -2.83088
-2.97873 -2.97849
-2.97868 -2.9778
-2.97868 -2.82985
-2.97868 -2.83091
-2.97865 -2.83045
-2.9786 -2.97819
-2.9786 -2.83078
-2.9786 5.33095
-2.97859 -2.97805
-2.97853 -2.97775
-2.97853 -2.83
-2.97852 -2.97791
-2.97852 -2.97841
-2.97842 -2.97839
-2.97839 -2.83142
-2.97839 -2.83079
-2.97839 -2.97833
-2.97837 -2.83034
-2.97837 -2.51322
-2.97836 -2.9779
-2.97832 -2.83041
-2.97831 -2.97826
-2.97825 -2.97796
-2.97824 -2.8297
-2.97824 -2.978
-2.97821 -2.83111
-2.97821 -0.503193
-2.97821 5.24456
-2.9782 -2.5134
-2.9782 -2.83057
-2.97818 -2.8303
-2.97812 -2.51249
-2.9781 -2.83024
-2.97808 -2.83017
-2.97807 -2.82952
-2.97807 -2.83072
-2.97806 -2.83094
-2.97805 -2.97776
-2.97805 -2.51318
-2.97805 -2.83017
-2.97801 -2.83029
-2.97797 -2.83123
-2.97795 -2.83063
-2.97794 -2.83038
-2.97794 -2.83078
-2.97794 -2.83019
-2.97793 -2.51315
-2.97793 -2.83068
-2.97793 -2.83096
-2.97792 -2.83032
-2.97791 -2.82996
-2.9779 -2.33859
-2.97789 -2.83014
-2.97786 -2.83099
-2.97785 -2.83023
-2.97785 -2.831
-2.97781 -2.51295
-2.9778 -2.83088
-2.97779 -2.8301
-2.97779 -2.83064
-2.97778 -2.51324
-2.97775 -2.83127
-2.97774 -2.83048
-2.97774 -2.83076
-2.97773 -2.8308
-2.97772 -2.83011
-2.97772 -2.83019
-2.97772 -2.83106
-2.97771 -1.95851
-2.97769 -2.83075
-2.97768 -2.51307
-2.97768 -2.51302
-2.97768 -2.83066
-2.97768 -2.83051
-2.97768 -2.83047
-2.97767 -2.83113
-2.97767 -2.82959
-2.97766 -2.83046
-2.97765 -2.83027
-2.97765 -2.83015
-2.97762 -2.83102
-2.97761 -2.83096
-2.9776 -2.67545
-2.97757 -2.5131
-2.97756 -2.83102
-2.97755 -2.51309
-2.97754 -2.83034
-2.97753 -2.82999
-2.97753 -1.74553
-2.97752 -2.51341
-2.97752 -2.51289
-2.97752 -2.5131
-2.97749 -2.83031
-2.97747 -2.67631
-2.97747 -2.83138
-2.97745 -2.83017
-2.97744 -2.82976
-2.97742 -2.83049
-2.97742 -2.83034
-2.97742 -2.83013
-2.97741 -2.51287
-2.97737 -2.83064
-2.97735 -2.51294
-2.97735 -2.51291
-2.97735 3.24166
-2.97734 -2.51248
-2.97734 -2.51272
-2.97733 -2.51296
-2.97732 -2.67589
-2.97732 -2.83008
-2.97731 -2.5125
-2.9773 -2.34042
-2.97726 -2.67584
-2.97709 -2.83121
-2.97707 -2.83059
-2.97704 -2.83012
-2.977 -2.51287
-2.97689 -2.51285
-2.97688 -2.51277
-2.97288 -2.5124
-2.83132 -2.83068
-2.83126 -2.83099
-2.83122 -2.83067
-2.83097 -2.83045
-2.83071 -2.83069
-2.83071 -2.67612
-2.8306 -2.67648
-2.8306 -2.83035
-2.83058 -2.676
-2.83055 -2.83037
-2.83049 -2.67617
-2.83048 -2.6762
-2.83048 -2.67597
-2.83048 -2.83026
-2.83044 -2.67595
-2.83042 -2.8302
-2.83041 -2.83028
-2.8304 -2.67638
-2.83039 -2.67551
-2.83039 -2.67554
-2.83035 -2.67625
-2.83035 -2.67564
-2.83035 -2.67585
-2.83034 -2.51316
-2.83034 -2.67128
-2.83034 -2.67612
-2.83034 -2.67599
-2.83033 -2.83027
-2.83031 -2.51335
-2.83031 -2.8303
-2.83027 -2.67155
-2.83026 -2.67629
-2.83025 -2.67612
-2.83024 -2.67632
-2.83024 -2.67144
-2.83023 -2.67586
-2.83022 -2.67526
-2.8302 -2.67581
-2.8302 -2.67629
-2.8302 -2.67657
-2.83019 -2.67652
-2.83018 -2.67612
-2.83017 -2.67578
-2.83016 -2.67597
-2.83015 -2.6759
-2.83015 -2.82988
-2.83014 -2.67595
-2.83014 -2.67562
-2.83014 -2.67562
-2.83014 -2.67595
-2.83014 -2.67578
-2.83013 -2.67611
-2.83011 -2.67512
-2.83011 -2.67551
-2.83011 -2.83007
-2.8301 -2.67586
-2.83009 -2.51297
-2.83009 -1.74384
-2.83008 -2.67543
-2.83007 -2.67624
-2.83006 -2.67549
-2.83006 -2.67625
-2.83005 -2.67609
-2.83004 -2.82997
-2.83003 -2.67575
-2.83003 -2.67566
-2.83003 -2.67542
-2.83003 -2.67573
-2.83002 -2.67574
-2.83002 -2.67574
-2.83001 -2.67543
-2.83 -2.5126
-2.83 -2.6753
-2.83 -2.67576
-2.83 -2.67578
-2.83 -2.67606
-2.82999 -2.67594
-2.82995 -2.67597
-2.82993 -2.5125
-2.82993 -2.6759
-2.82992 -2.67598
-2.82991 -2.67558
-2.82991 -2.6753
-2.8299 -2.51299
-2.8299 -2.82969
-2.8299 -2.51334
-2.8299 -2.67614
-2.82988 -2.6762
-2.82987 -2.67579
-2.82986 -2.67523
-2.82984 -2.51262
-2.82983 -2.67556
-2.82983 -2.67549
-2.82983 -2.51327
-2.82983 -2.67579
-2.82979 -2.51275
-2.82979 -2.5126
-2.82978 -2.51282
-2.82978 -2.51247
-2.82977 -2.34015
-2.82977 -2.51295
-2.82976 -2.51291
-2.82976 -2.67564
-2.82976 -2.67547
-2.82975 -2.51291
-2.82974 -2.5128
-2.82973 4.97723
-2.82972 -2.51294
-2.82971 -2.67575
-2.82971 -2.67559
-2.8297 -2.51329
-2.82969 -2.6754
-2.82968 -2.67548
-2.82967 -2.67557
-2.82964 -2.67612
-2.82963 -2.67569
-2.82963 -2.67531
-2.82962 -2.67513
-2.82962 -2.67509
-2.82961 -2.51265
-2.8296 -2.51244
-2.8296 -2.51271
-2.8296 -2.51281
-2.82959 -2.51253
-2.82959 -2.67555
-2.82958 -2.51288
-2.82957 -2.5128
-2.82956 -2.5131
-2.82955 -2.6756
-2.82955 -2.51288
-2.82954 -2.51281
-2.82954 -2.67564
-2.82953 2.66228
-2.82953 -2.51283
-2.82952 -2.6756
-2.8295 -2.67536
-2.8295 -2.51259
-2.8295 -2.67602
-2.82949 -2.51314
-2.82949 -2.51293
-2.82949 -2.67591
-2.82949 -2.51257
-2.82948 -2.51296
-2.82947 -2.51288
-2.82946 -2.51307
-2.82944 -2.6757
-2.82944 -2.51245
-2.82944 -2.6752
-2.82943 -2.51291
-2.82942 -2.67606
-2.82942 -2.67149
-2.82942 -2.51239
-2.82941 -2.67549
-2.82939 -2.67591
-2.82939 -2.67546
-2.82939 -2.5125
-2.82939 -2.51267
-2.82939 -2.51293
-2.82938 -2.51313
-2.82937 -2.67588
-2.82937 -2.6755
-2.82936 -2.51267
-2.82935 -2.51273
-2.82934 -2.51278
-2.82933 -2.51237
-2.82933 -2.51232
-2.82932 -2.67605
-2.82932 -2.67644
-2.82931 -2.51221
-2.82927 2.5
-2.82927 -2.67149
-2.82925 -2.6757
-2.82924 -2.67538
-2.82923 -2.67528
-2.82923 -2.67561
-2.82922 -2.67571
-2.82921 -2.51265
-2.82919 -2.51271
-2.82919 -2.51223
-2.82917 -2.51281
-2.82916 -2.51262
-2.82914 -2.34028
-2.82912 -2.67584
-2.8291 -2.67473
-2.82907 -2.67559
-2.82907 -2.67507
-2.82907 -2.33949
-2.82906 -2.51276
-2.82894 -2.51282
-2.82894 -2.67608
-2.82894 -2.51263
-2.8289 -2.67061
-2.82874 -2.67636
-2.82871 -2.67593
-2.82552 -1.50655
-2.82525 -2.67115
-2.82508 -2.5124
-2.82479 -2.51167
-2.67571 -2.67562
-2.6757 -2.67564
-2.67556 -2.67131
-2.67547 -2.67541
-2.67544 -2.51329
-2.67542 -2.51348
-2.67539 -2.51309
-2.67536 -2.67535
-2.67534 -2.6751
-2.67533 -2.6752
-2.67524 -2.51342
-2.6752 -2.67505
-2.6752 -0.501569
-2.6752 -2.51264
-2.67519 -2.51299
-2.6751 -2.67494
-2.67506 -2.67487
-2.67503 -2.51311
-2.67499 -2.51304
-2.67495 -2.51269
-2.67494 -2.67484
-2.67494 -2.51283
-2.67493 -2.51286
-2.67493 -2.51284
-2.67493 -2.51286
-2.67492 -2.51289
-2.67491 -2.51218
-2.67491 -2.51211
-2.6749 -2.51301
-2.67488 -2.51263
-2.67488 -2.51268
-2.67487 -2.51231
-2.67487 -2.51196
-2.67486 -2.51253
-2.67486 -2.51175
-2.67485 -2.51235
-2.67485 -2.51274
-2.67484 -2.51261
-2.67482 -2.51235
-2.67481 -2.51308
-2.67481 -2.5126
-2.67481 -2.67458
-2.67481 -2.51275
-2.6748 -2.5128
-2.67479 -2.51281
-2.67478 -2.51221
-2.67477 -2.51296
-2.67477 -2.51289
-2.67476 -2.51195
-2.67476 -2.51242
-2.67475 -2.51346
-2.67475 -2.51183
-2.67475 -2.51277
-2.67474 -2.67443
-2.67474 -2.5123
-2.67473 -2.51201
-2.67472 -2.51219
-2.67472 -2.51221
-2.67472 -2.51247
-2.67472 -2.5125
-2.67469 -2.51301
-2.67468 -2.51286
-2.67467 -2.51251
-2.67467 -2.51207
-2.67464 -2.51263
-2.67463 -2.51175
-2.67463 -2.51231
-2.67462 -2.51207
-2.6746 -2.51201
-2.6746 -2.51264
-2.67459 -2.51233
-2.67459 -2.51259
-2.67459 -2.34039
-2.67459 -2.51289
-2.67457 -2.51212
-2.67456 -2.512
-2.67456 -2.5127
-2.67456 -2.51237
-2.67456 -2.51189
-2.67454 -2.5127
-2.67454 -2.51228
-2.67452 -2.67445
-2.67452 -2.51215
-2.67452 -2.51203
-2.67452 -2.51241
-2.67448 -2.51286
-2.67448 -2.51223
-2.67447 -2.34019
-2.67447 -2.51223
-2.67447 -2.51273
-2.67447 -2.51292
-2.67447 -2.51149
-2.67444 -2.51253
-2.67444 -2.51161
-2.67443 -2.51247
-2.67442 -2.51262
-2.67442 -2.51205
-2.67439 -2.5131
-2.67438 -2.51247
-2.67438 -2.51298
-2.67437 -2.51288
-2.67435 -2.51234
-2.67434 -2.51169
-2.67434 -2.34023
-2.67433 -2.51207
-2.67432 -2.51134
-2.67431 -2.51094
-2.6743 -2.51214
-2.6743 -2.51226
-2.6743 -2.5118
-2.67429 -2.5124
-2.67429 -2.51217
-2.67428 -2.51305
-2.67427 -2.33867
-2.67426 -2.51266
-2.67426 -1.74489
-2.67425 -2.51296
-2.67421 -2.51282
-2.67419 -2.51262
-2.67413 -2.51246
-2.67413 -2.51256
-2.67411 -2.51295
-2.6741 4.59902
-2.67408 -2.51225
-2.67406 -2.51219
-2.67404 -2.51226
-2.67402 -2.5133
-2.67399 -2.51204
-2.67396 -2.33989
-2.67396 -2.33968
-2.67394 -2.51241
-2.67393 -2.51305
-2.67392 -2.51184
-2.67387 3.24166
-2.67379 -1.95968
-2.67375 -2.51155
-2.67373 -2.51188
-2.67371 -0.92
-2.67365 -2.51143
-2.67359 -2.51185
-2.67347 -2.33965
-2.67337 -2.51114
-2.67329 1.73607
-2.6732 -2.3389
-2.67314 -2.51139
-2.67309 -2.33884
-2.67302 -2.33983
-2.67089 -2.5128
-2.67087 -2.51193
-2.67079 -2.51194
-2.67067 -2.51241
-2.66974 -2.51164
-2.51272 -2.51263
-2.51265 -2.51256
-2.51265 -2.51233
-2.51263 -2.51218
-2.51261 -2.51258
-2.51261 -2.51161
-2.51254 -2.51241
-2.51253 -2.51243
-2.51253 -2.51236
-2.51253 -2.51185
-2.51247 -2.51238
-2.51247 -2.51214
-2.51246 -2.51237
-2.51245 -2.5121
-2.51245 -2.51194
-2.51245 -2.51197
-2.51244 -2.51232
-2.51243 -2.51236
-2.51239 -2.51231
-2.51238 -2.51229
-2.51238 -2.51226
-2.51237 -2.51228
-2.51234 5.33095
-2.51234 -2.34025
-2.51233 -2.33955
-2.5123 -2.51201
-2.51229 -2.51223
-2.51227 -2.50822
-2.51226 -2.51162
-2.51226 -2.33963
-2.51224 -2.51153
-2.51223 -2.34019
-2.51222 -2.51217
-2.5122 -2.5118
-2.5122 -2.51202
-2.51218 -2.51171
-2.51218 -2.51183
-2.51216 -2.51161
-2.51216 -2.51185
-2.51216 -2.5121
-2.51213 -1.74512
-2.51213 -2.5116
-2.51212 -2.5118
-2.51212 -2.51166
-2.51209 -2.51163
-2.51209 -2.5114
-2.51209 -2.51131
-2.51206 -2.51193
-2.51205 -2.51165
-2.51205 -2.51174
-2.51205 -2.34048
-2.51204 -2.51197
-2.51203 -2.34036
-2.51202 -2.51197
-2.51201 -2.51186
-2.512 -2.51168
-2.512 5.24456
-2.512 -2.51156
-2.51199 -2.51164
-2.51199 -2.34028
-2.51198 -2.51168
-2.51198 -2.3405
-2.51198 -2.33978
-2.51197 -2.51194
-2.51197 -2.34002
-2.51196 -2.34032
-2.51195 -2.33959
-2.51195 -2.51163
-2.51194 -2.51161
-2.51193 -2.3397
-2.51193 -2.51188
-2.51193 -2.51176
-2.51193 -2.3401
-2.51191 -2.3397
-2.51191 -2.51173
-2.51191 -2.51153
-2.51191 -2.51154
-2.5119 -2.34067
-2.5119 -2.34003
-2.5119 -2.51185
-2.5119 -2.5117
-2.51189 -2.34066
-2.51189 -2.34058
-2.51189 -2.34002
-2.51188 -2.51146
-2.51188 -2.5118
-2.51187 -2.33995
-2.51187 -2.34058
-2.51187 -2.34082
-2.51186 -2.51089
-2.51185 -2.51168
-2.51184 -2.34014
-2.51184 -2.33973
-2.51183 -2.51178
-2.51183 -2.51176
-2.51183 -2.51161
-2.51183 -2.5117
-2.51182 -2.51171
-2.51181 -2.33974
-2.51181 2.32843
-2.51179 -2.3401
-2.51179 -2.33959
-2.51178 -2.34029
-2.51178 -2.5117
-2.51178 -2.51174
-2.51177 -2.5116
-2.51176 -2.51142
-2.51176 -2.51091
-2.51175 -2.34048
-2.51175 -2.51171
-2.51174 -2.5116
-2.51174 4.39898
-2.51173 -2.34013
-2.51173 -2.3395
-2.51173 -2.51166
-2.51173 -2.51092
-2.51171 -2.33951
-2.51171 -2.33959
-2.5117 -2.51167
-2.5117 -2.51167
-2.5117 -2.51167
-2.5117 -2.33985
-2.51169 -2.34031
-2.51168 -2.51151
-2.51168 -2.51158
-2.51168 -2.51154
-2.51168 -2.34014
-2.51168 -2.51153
-2.51167 -2.51167
-2.51167 -2.33961
-2.51167 -2.51154
-2.51166 -2.3394
-2.51165 -2.51147
-2.51165 -1.96027
-2.51163 -2.34001
-2.51162 -2.34041
-2.51161 -2.33961
-2.51161 3.10555
-2.5116 -2.33985
-2.5116 -2.51147
-2.5116 -2.34016
-2.5116 -2.33953
-2.51159 -2.51112
-2.51159 -2.51147
-2.51157 -2.33908
-2.51156 -2.33972
-2.51156 -2.33975
-2.51155 -2.33931
-2.51155 -1.50766
-2.51153 -2.33967
-2.51152 -2.34002
-2.51152 -2.5115
-2.51152 -2.33981
-2.51152 -2.34006
-2.5115 -2.33952
-2.5115 -2.33947
-2.51149 -2.33968
-2.51149 -2.33927
-2.51149 -2.33961
-2.51148 -0.503104
-2.51147 -2.34006
-2.51146 -2.34058
-2.51145 -2.51117
-2.51145 -2.33963
-2.51145 -2.34035
-2.51144 -2.33954
-2.51144 -2.34008
-2.51144 -2.51121
-2.51143 -2.51127
-2.51142 -2.33952
-2.51141 -2.34035
-2.5114 -2.51131
-2.51139 3.62311
-2.51139 -2.34033
-2.51138 -2.33922
-2.51138 -2.33961
-2.51138 -2.51124
-2.51137 -2.33921
-2.51137 -2.51107
-2.51137 -2.34023
-2.51136 -2.33952
-2.51136 -2.3395
-2.51135 -2.33954
-2.51135 -2.3401
-2.51135 -2.33935
-2.51134 -2.33979
-2.51134 -1.96026
-2.51133 -2.51118
-2.51132 4.19042
-2.51132 -2.51123
-2.51131 -1.95982
-2.51129 -2.51117
-2.51129 2.9641
-2.51129 -1.96015
-2.51126 -2.34015
-2.51126 -2.511
-2.51125 -2.33926
-2.51125 -2.33884
-2.51125 -2.33944
-2.51125 -2.34017
-2.51124 -2.34001
-2.51124 -2.33959
-2.51122 -2.33995
-2.51122 -2.34018
-2.51122 -2.5109
-2.51122 -2.33961
-2.51121 -2.34037
-2.51121 -2.34013
-2.51121 -2.33874
-2.5112 -2.34022
-2.5112 -2.33969
-2.5112 -2.51113
-2.51119 -2.33946
-2.51119 -2.33939
-2.51117 -2.3395
-2.51116 -2.33899
-2.51116 -2.33981
-2.51116 -2.33974
-2.51116 -2.33933
-2.51116 -2.33947
-2.51114 -2.3401
-2.51113 -2.33954
-2.51112 -2.33947
-2.51112 -2.33951
-2.5111 -2.33989
-2.5111 -1.95978
-2.5111 -2.33926
-2.51108 -1.95965
-2.51107 -2.3392
-2.51107 -2.33949
-2.51106 -1.9601
-2.51106 -2.33935
-2.51105 -2.3397
-2.51104 -2.33923
-2.51104 -2.33985
-2.51103 -2.34013
-2.51103 -2.33924
-2.51103 -2.3399
-2.51102 -1.2378
-2.51102 -2.33943
-2.51102 -2.33935
-2.51102 -2.33924
-2.51102 -2.33887
-2.51101 -2.51063
-2.51101 -2.33975
-2.51101 -2.34057
-2.51101 -2.3403
-2.511 -1.95948
-2.51099 -2.33999
-2.51098 -1.96003
-2.51097 -2.33941
-2.51097 -2.33982
-2.51097 -2.51095
-2.51097 -2.33863
-2.51096 -2.33895
-2.51096 -2.33951
-2.51095 -2.33892
-2.51095 -2.33994
-2.51094 -2.3401
-2.51093 -1.95986
-2.51092 3.8589
-2.51092 -1.95994
-2.5109 -2.33942
-2.51089 -2.34009
-2.51088 -1.95959
-2.51087 -2.33994
-2.51087 -2.33972
-2.51085 -2.33929
-2.51085 -1.95972
-2.51083 -1.95997
-2.51083 -2.34027
-2.51082 -2.33929
-2.51082 -2.33948
-2.51082 -2.33918
-2.51081 -1.96005
-2.51081 -2.50799
-2.5108 -1.95985
-2.5108 -2.33933
-2.5108 -2.34015
-2.51079 -2.33948
-2.51078 -1.95985
-2.51078 -1.95985
-2.51078 -1.9603
-2.51078 -2.33928
-2.51078 -2.33893
-2.51077 -2.3398
-2.51077 -2.33952
-2.51076 -1.95912
-2.51075 -1.9601
-2.51072 -1.95985
-2.51072 -2.33972
-2.51071 -2.3396
-2.5107 6.2082
-2.51069 3.74264
-2.51069 -2.33944
-2.51069 -1.95968
-2.51068 -2.33955
-2.51068 -1.95939
-2.51068 -2.33978
-2.51068 -2.33907
-2.51067 -2.33951
-2.51064 -1.96027
-2.51064 -2.34044
-2.51064 -2.33899
-2.51063 -1.95958
-2.51063 -2.33995
-2.51063 -2.33902
-2.5106 -1.95841
-2.5106 -2.339
-2.51057 -1.95912
-2.51057 -2.33932
-2.51057 -2.33966
-2.51056 -1.95965
-2.51056 -1.95937
-2.51055 -2.33961
-2.51054 -1.95978
-2.51053 -1.95919
-2.51053 -1.95912
-2.51053 -2.33956
-2.51053 4.39898
-2.51053 -1.95995
-2.51052 -2.33947
-2.51052 -1.96
-2.51051 -2.3395
-2.5105 -1.95973
-2.5105 -1.95932
-2.51049 -2.33917
-2.51047 -1.95986
-2.51047 -2.33935
-2.51046 -2.34022
-2.51041 -1.95962
-2.51041 -1.95982
-2.5104 -2.33885
-2.5104 -2.33917
-2.5104 -2.33936
-2.51038 -1.95932
-2.51038 -2.33953
-2.51038 -2.33942
-2.51036 -1.95972
-2.51036 -2.33935
-2.51034 -2.33931
-2.51033 -2.34033
-2.51033 -1.96006
-2.51031 -1.95954
-2.51027 -2.33867
-2.51027 -2.33908
-2.51026 -1.74475
-2.51024 -1.95931
-2.51021 -2.33917
-2.5102 -1.95919
-2.5102 -1.95995
-2.51019 -1.7455
-2.51018 -1.95946
-2.51014 -1.74404
-2.51009 -2.33941
-2.51008 -2.339
-2.51007 -1.74526
-2.51004 -1.95949
-2.51 -1.95968
-2.50997 -2.33941
-2.50996 -2.33916
-2.50995 -1.95906
-2.50993 -2.33914
-2.50991 -1.95981
-2.50991 -1.95966
-2.50988 -1.95933
-2.50987 -1.95942
-2.50984 -2.33932
-2.5098 -1.95937
-2.50976 -2.33922
-2.50975 -1.95975
-2.50975 -2.33894
-2.50974 -2.33907
-2.50939 -1.74522
-2.50781 -2.33622
-2.50752 -2.33968
-2.50724 -2.33593
-2.50717 -2.33556
-2.50709 -2.33556
-2.50702 -2.33598
-2.50699 -1.95857
-2.50641 2.32843
-2.33992 -2.33942
-2.33971 -2.33947
-2.33965 -2.33944
-2.33958 -2.33903
-2.33955 -2.3391
-2.33955 -2.33926
-2.33954 -2.33908
-2.33948 -2.33921
-2.33948 -1.95966
-2.33947 -2.33908
-2.33946 -2.33913
-2.33944 -2.33579
-2.33944 -1.95979
-2.33943 -2.33922
-2.33941 -1.95979
-2.33934 -2.33915
-2.33934 -2.33927
-2.33932 -2.33927
-2.33931 -2.33923
-2.33927 -2.3391
-2.33927 -2.33921
-2.33921 -1.9591
-2.3392 -1.95986
-2.3392 -2.33881
-2.33919 -1.95964
-2.33914 -1.95973
-2.33913 -1.95943
-2.33912 -1.95952
-2.33912 -2.339
-2.33911 -1.95949
-2.3391 -2.3361
-2.33907 -2.33901
-2.33907 -1.95991
-2.33905 -1.96007
-2.33904 -2.339
-2.33902 -1.95937
-2.33902 -1.96005
-2.33901 -1.95946
-2.33901 -2.33895
-2.339 -1.95946
-2.339 -1.95983
-2.33897 -1.95955
-2.33897 -1.96008
-2.33897 -1.9597
-2.33896 -1.95971
-2.33896 -1.95927
-2.33894 -1.95957
-2.33892 -2.33872
-2.33892 -1.95946
-2.33892 -1.95982
-2.33891 -1.95988
-2.33891 -2.33863
-2.3389 -1.95957
-2.33889 -1.9597
-2.33889 -1.9598
-2.33888 -2.33885
-2.33888 -1.95976
-2.33888 -1.95951
-2.33888 -1.95958
-2.33888 -1.96002
-2.33887 -1.95986
-2.33885 -1.95955
-2.33885 -1.9597
-2.33884 -1.95945
-2.33883 -1.95946
-2.33882 -2.33618
-2.33882 -1.9598
-2.33882 3.24166
-2.33878 -2.33873
-2.33877 -1.95968
-2.33877 -1.9594
-2.33877 -1.95979
-2.33876 -1.95949
-2.33876 -1.95962
-2.33876 -1.95876
-2.33876 -1.95927
-2.33875 -1.95945
-2.33875 -1.95926
-2.33874 -1.95955
-2.33874 -1.96026
-2.33874 -2.33873
-2.33873 -1.95976
-2.33872 -1.95963
-2.3387 -1.95968
-2.3387 -1.95937
-2.3387 -1.95931
-2.33869 4.08258
-2.33869 -1.95945
-2.33868 -1.95962
-2.33867 -1.95994
-2.33865 -1.96004
-2.33865 -1.95908
-2.33864 -1.95964
-2.33863 -1.95949
-2.33862 -1.95936
-2.33862 -1.95915
-2.33862 -1.95954
-2.33861 -1.95967
-2.3386 -1.9593
-2.33857 -1.95984
-2.33856 -0.920249
-2.33856 -1.9595
-2.33856 -1.95943
-2.33854 -1.95944
-2.33853 -1.95951
-2.33853 -1.95928
-2.33853 -2.33849
-2.33851 -1.95893
-2.33851 -1.95907
-2.33851 -1.95905
-2.33849 -1.95969
-2.33849 -1.95906
-2.33849 -1.96003
-2.33847 3.24166
-2.33846 -1.95992
-2.33846 -1.74359
-2.33846 -1.95956
-2.33846 -1.95952
-2.33845 -1.95967
-2.33842 -1.95948
-2.33841 -1.9595
-2.33839 -1.74363
-2.33837 -1.95978
-2.33836 -1.95932
-2.33831 -1.95962
-2.33826 -1.9588
-2.33826 -1.96001
-2.33825 -1.9588
-2.33825 -1.95903
-2.33825 -1.95931
-2.33824 -1.95985
-2.33823 -1.74537
-2.33822 -1.95939
-2.33821 -1.74536
-2.33815 -1.95891
-2.33814 -1.95959
-2.33814 -2.33573
-2.33809 -1.95939
-2.33805 -1.95888
-2.33802 -1.95913
-2.338 -1.95891
-2.33796 -1.95937
-2.33793 -2.33575
-2.33792 -1.95907
-2.3379 -1.95934
-2.3379 -1.9594
-2.3379 -1.95869
-2.33789 -1.95886
-2.3378 -1.95946
-2.33773 -1.95918
-2.33772 -1.95972
-2.33772 -1.95944
-2.33771 -1.95931
-2.33769 -1.95932
-2.33763 3.10555
-2.33762 -1.95908
-2.33759 -1.9596
-2.33754 -1.50737
-2.33752 -1.9588
-2.33745 -1.95905
-2.33738 -1.74529
-2.33737 -1.95913
-2.33733 -1.74536
-2.33732 -1.95848
-2.33726 -1.74558
-2.33725 -1.95906
-2.33723 4.5
-2.33717 -1.95859
-2.33652 -1.50736
-2.33621 1.23195
-2.33582 -1.74517
-2.33523 -1.95933
-2.33492 -1.74547
-2.33463 -1.50749
-2.33462 -1.95907
-2.3346 3.10555
-2.33458 5.41608
-1.95978 -1.74557
-1.95957 -1.95894
-1.95956 -1.95922
-1.95952 -1.9595
-1.95942 -1.9586
-1.95942 -1.95872
-1.95942 -1.95878
-1.95939 -1.95932
-1.95935 -1.95924
-1.95935 -1.95924
-1.95935 -1.95869
-1.95935 -1.95878
-1.95935 -1.95928
-1.95934 -1.95925
-1.95934 -1.95904
-1.95934 -1.95927
-1.95934 -1.95908
-1.95929 -1.95926
-1.95926 -1.95863
-1.95925 -1.95885
-1.95923 -1.95868
-1.95923 -1.74581
-1.95921 -1.95885
-1.95921 -1.95909
-1.95919 -1.95888
-1.95918 -1.95908
-1.95918 -1.95857
-1.95918 -1.95874
-1.95918 -1.95844
-1.95915 -1.95878
-1.95913 -1.95859
-1.95913 -1.95834
-1.95912 -1.95906
-1.95911 -1.74451
-1.95907 -1.74544
-1.95905 -1.9586
-1.95905 -1.95904
-1.95903 -1.95888
-1.95902 -1.95872
-1.95902 -1.95892
-1.95901 -1.95861
-1.959 -1.95881
-1.959 -1.9585
-1.95899 -1.95868
-1.95899 -1.95897
-1.95898 -1.95871
-1.95898 -1.95873
-1.95897 -1.95866
-1.95892 -1.95886
-1.95891 -1.95877
-1.95891 -1.95865
-1.9589 -1.95861
-1.95888 -1.95882
-1.95885 1.23195
-1.95885 -1.95885
-1.95885 -1.95875
-1.95885 -1.95868
-1.95885 -1.95841
-1.95885 -1.95858
-1.95885 -1.95865
-1.95885 -1.95865
-1.95885 -1.95875
-1.95884 -1.74604
-1.95883 -1.74501
-1.95883 -1.74504
-1.95882 -1.95853
-1.95881 -1.74554
-1.9588 -1.95846
-1.9588 -1.95843
-1.95876 -1.74526
-1.95875 -1.74536
-1.95874 -1.95844
-1.95874 -1.74529
-1.95874 -1.74536
-1.95872 -1.74514
-1.95872 -1.74563
-1.95869 -1.74531
-1.95868 -1.95868
-1.95867 -1.74587
-1.95866 -1.74596
-1.95865 -1.74497
-1.95865 -1.7454
-1.95864 -1.74465
-1.95863 -1.74516
-1.95862 -1.74472
-1.95854 -1.7453
-1.95854 -1.95832
-1.95854 -1.74549
-1.95852 -1.74492
-1.9585 -1.74485
-1.9585 -1.74454
-1.9585 -1.74464
-1.9585 -1.74512
-1.95849 -1.74532
-1.95848 -1.74586
-1.95847 -1.95815
-1.95845 -1.95786
-1.95844 -1.74524
-1.95844 -1.95837
-1.95844 -1.74475
-1.95843 -1.74543
-1.95843 -1.74549
-1.95842 -1.95837
-1.9584 -1.74494
-1.95839 -1.74503
-1.95839 -1.74501
-1.95838 -1.74455
-1.95838 -1.74505
-1.95836 -1.74502
-1.95836 -1.74481
-1.95835 -1.74526
-1.95834 -1.74596
-1.95833 2.5
-1.95831 -1.74423
-1.95831 -1.7443
-1.95831 -1.74489
-1.9583 -1.74583
-1.95828 -1.74541
-1.95828 -1.74438
-1.95826 -1.74533
-1.95826 -1.74545
-1.95824 -1.745
-1.9582 -1.74451
-1.9582 -1.74496
-1.95819 -1.74502
-1.95818 -1.74479
-1.95818 -1.74472
-1.95818 -1.74438
-1.95818 -1.74516
-1.95817 -1.74468
-1.95817 -1.23942
-1.95816 -1.7453
-1.95816 -1.74506
-1.95815 3.10555
-1.95815 -1.74491
-1.95815 -1.74438
-1.95814 -1.74512
-1.95814 -1.74443
-1.95814 -1.74558
-1.95813 -1.74562
-1.95812 -1.74423
-1.95812 -1.74429
-1.95812 -1.74445
-1.9581 -1.7448
-1.9581 -1.74533
-1.9581 -1.74522
-1.95809 -1.74468
-1.95808 -1.9579
-1.95807 -1.74415
-1.95807 -1.74513
-1.95806 -1.74473
-1.95806 -1.7443
-1.95803 -1.74576
-1.95801 -1.74455
-1.958 -1.74476
-1.958 -1.74414
-1.958 -1.74585
-1.95799 -1.74434
-1.95799 -1.74438
-1.95799 -1.74525
-1.95798 -1.74399
-1.95798 -1.74482
-1.95797 -1.74484
-1.95797 -1.7453
-1.95796 -1.74485
-1.95796 -1.74556
-1.95795 -1.74485
-1.95794 -1.7452
-1.95794 -1.74553
-1.95794 -1.74496
-1.95792 -1.74568
-1.9579 -1.7451
-1.95788 -1.74443
-1.95787 -1.74463
-1.95787 -1.74384
-1.95787 -1.74402
-1.95785 -1.7444
-1.95785 -1.74389
-1.95785 -1.74415
-1.95785 -1.74474
-1.95784 -1.50796
-1.95783 -1.74494
-1.95778 -1.74455
-1.95777 -1.74398
-1.95774 -1.74433
-1.95774 -1.74398
-1.95773 -1.74516
-1.95773 -1.74458
-1.95772 -1.74468
-1.95772 4.88516
-1.95769 -1.74502
-1.95767 -1.74419
-1.95766 -1.74468
-1.95764 -1.74451
-1.95764 -1.74454
-1.9576 -1.74507
-1.95759 -1.74512
-1.95758 -1.74465
-1.95757 -1.74389
-1.95757 -1.74456
-1.95757 -1.74471
-1.95754 -1.74488
-1.95751 -1.74499
-1.95751 -1.74516
-1.95748 -1.74435
-1.95739 -1.74408
-1.95738 -1.74557
-1.95737 -1.74386
-1.95735 -1.50471
-1.95723 -1.50759
-1.74491 -1.74485
-1.74484 -1.74483
-1.74481 -1.74434
-1.74479 -1.74471
-1.74478 -1.74371
-1.74478 -1.74471
-1.74477 -1.74472
-1.74474 -1.74465
-1.74469 -1.74447
-1.74468 -1.74456
-1.74468 -1.74449
-1.74464 -1.74427
-1.74464 -1.74424
-1.74461 -1.74406
-1.7446 -1.7442
-1.74454 -1.74446
-1.74452 -1.74441
-1.74452 -1.74449
-1.74451 -1.74427
-1.74449 -1.74447
-1.74449 -1.74442
-1.74449 4.59902
-1.74447 -1.74445
-1.74445 -1.74434
-1.74444 -1.74403
-1.74444 -1.74385
-1.7444 -1.74425
-1.74438 4.88516
-1.74435 -1.74397
-1.74432 -0.919309
-1.7443 2.32843
-1.74428 -1.74354
-1.74428 -1.74401
-1.74424 -1.74385
-1.74423 -1.7442
-1.74423 -1.50803
-1.7442 -1.74397
-1.74417 -1.74417
-1.74416 -1.74403
-1.74411 -1.74385
-1.74411 -1.74403
-1.74409 -1.74385
-1.74409 -1.7439
-1.74408 -1.74405
-1.74408 -1.74403
-1.74407 -1.74374
-1.74407 4.5
-1.74406 -1.74397
-1.74406 -1.50766
-1.74404 -1.74401
-1.74403 -1.74391
-1.74399 -1.74391
-1.74399 -1.50794
-1.74397 -1.74366
-1.74396 -1.74389
-1.74394 -1.74377
-1.74393 -1.74373
-1.74392 -1.74381
-1.74392 -1.74389
-1.7439 -1.74329
-1.74388 -1.74349
-1.74388 -1.7436
-1.74388 -1.74386
-1.74387 -1.7433
-1.74387 -1.74381
-1.74386 -1.7435
-1.74382 -1.50766
-1.74379 -1.74326
-1.74378 -1.74377
-1.74372 -1.74344
-1.74371 -1.74364
-1.7437 -1.74322
-1.74369 -1.50759
-1.74368 -1.74366
-1.74363 -1.50715
-1.74363 -1.74363
-1.74361 2.66228
-1.7436 -1.74169
-1.74358 -1.74347
-1.74358 -1.23911
-1.74356 -1.23936
-1.74356 2.5
-1.74356 1.73607
-1.74355 -1.50734
-1.74354 -1.74318
-1.74354 4.39898
-1.74349 -0.50369
-1.74348 -1.74347
-1.74348 -1.74338
-1.74348 3.24166
-1.74348 -1.5078
-1.74346 -1.74344
-1.74341 -1.23878
-1.74341 -1.5072
-1.74341 -1.23901
-1.74339 -1.50757
-1.74339 -1.74326
-1.74337 -1.2391
-1.74337 -1.50721
-1.74334 -1.74333
-1.74334 -1.23874
-1.74331 -1.74326
-1.7433 -1.23829
-1.74328 -1.50777
-1.74326 -1.50808
-1.74326 -1.74318
-1.74325 2.5
-1.74324 -1.23879
-1.74322 -1.23867
-1.74319 -1.23855
-1.74317 -1.2391
-1.74317 -1.50668
-1.74316 -1.50798
-1.74314 -0.920208
-1.74313 -1.50682
-1.74311 -1.50709
-1.74309 -1.23864
-1.74309 -0.502989
-1.74308 -1.23899
-1.74308 -1.50718
-1.74307 -1.23831
-1.74305 -0.50286
-1.74304 -1.23829
-1.74303 -1.50712
-1.74301 -1.23866
-1.74301 -1.23905
-1.74301 -1.23829
-1.74301 -1.23851
-1.74299 -1.50681
-1.74299 -1.23846
-1.74299 -1.23878
-1.74299 -1.50694
-1.74299 -1.23897
-1.74297 -1.50691
-1.74296 -1.50681
-1.74296 -1.50692
-1.7429 -1.50692
-1.74286 -1.50682
-1.74285 -1.23912
-1.74285 -1.23865
-1.74284 -1.50678
-1.74284 2.81662
-1.74284 -1.23834
-1.74282 -1.50669
-1.74281 2.81662
-1.74281 1.73607
-1.74281 -1.50701
-1.74279 -1.50678
-1.74279 2.81662
-1.74274 -1.23821
-1.74272 -1.23834
-1.74268 -1.50686
-1.74267 -1.23823
-1.74265 -1.50678
-1.74264 2.32843
-1.74262 -1.23793
-1.7426 -1.50705
-1.74259 2.9641
-1.7425 -1.23873
-1.74248 -1.23873
-1.74248 -1.23832
-1.74246 -1.23817
-1.74246 -1.23872
-1.74243 -1.23848
-1.74242 -1.50704
-1.7424 -1.5075
-1.74239 -1.2383
-1.74239 -1.23791
-1.74235 -1.50609
-1.74235 -1.5062
-1.74227 -1.23817
-1.74224 -1.50702
-1.74224 -1.2381
-1.74222 -1.50689
-1.7422 -1.23771
-1.74215 -1.50671
-1.74214 3.5
-1.74212 -1.2386
-1.74212 2.66228
-1.74212 -1.50676
-1.74198 -0.91914
-1.74196 -0.919406
-1.74142 -1.50636
-1.74101 -1.50473
-1.74079 -1.50513
-1.74058 -1.50501
-1.7405 3.74264
-1.74049 -1.50331
-1.74035 -1.50656
-1.50684 -1.50672
-1.50683 -1.5068
-1.50671 -1.23849
-1.5066 -1.50632
-1.50655 -1.50637
-1.50648 -1.50645
-1.50647 -1.2383
-1.50647 -1.23809
-1.50646 -1.23837
-1.50646 -1.23805
-1.5064 3.62311
-1.50639 -1.23844
-1.50628 2.32843
-1.50624 -1.50606
-1.50624 2.81662
-1.50621 -1.23783
-1.50621 -1.50618
-1.50617 -1.23823
-1.50609 -1.23804
-1.50604 -1.5049
-1.50603 -1.23851
-1.50599 -1.23816
-1.50595 -1.50588
-1.50593 -1.23856
-1.50591 -0.919401
-1.50588 -1.23807
-1.50575 4.88516
-1.50572 -1.50553
-1.50568 3.74264
-1.50568 -1.23816
-1.50568 -1.23821
-1.50566 -1.23882
-1.50554 -0.919375
-1.50549 -1.23787
-1.50536 -1.23761
-1.50529 -1.23747
-1.50527 3.5
-1.50525 -1.23799
-1.50525 -1.5043
-1.5052 -1.23751
-1.50507 -0.919235
-1.50506 -1.23807
-1.50505 -1.23774
-1.50496 -1.23768
-1.50434 4.19042
-1.50362 3.5
-1.50325 2.5
-1.50293 5.58276
-1.23883 -1.23854
-1.23883 -1.23864
-1.23868 -1.23815
-1.23868 -1.23854
-1.23867 -1.23806
-1.2386 -1.23848
-1.23842 -1.23798
-1.2384 -1.23776
-1.23809 -1.23773
-1.23809 -1.23725
-1.23807 -1.23779
-1.23803 -0.919763
-1.23799 -0.919338
-1.23799 -0.919876
-1.23796 -0.920111
-1.23792 4.19042
-1.23791 -1.23781
-1.2379 -0.919927
-1.23787 -0.502862
-1.23783 -1.23753
-1.23777 0.498064
-1.23776 -0.919597
-1.23773 -0.918718
-1.23772 -0.9195
-1.23751 3.62311
-1.23748 -0.919763
-1.23747 -0.919207
-1.23741 -0.919579
-1.23737 -0.919885
-1.23733 -0.91945
-1.23727 -0.920225
-1.2372 -0.919149
-1.23716 -0.919525
-1.23713 -1.23699
-1.23712 -0.919461
-1.2371 -0.919557
-1.23708 2.5
-1.23707 3.24166
-1.23704 -0.919698
-1.23703 -0.91957
-1.23703 -0.919202
-1.23686 -0.919779
-1.23683 -0.919312
-1.23677 -0.919212
-1.23674 -0.919656
-1.23664 -0.91937
-1.23651 -0.919768
-1.23651 -0.919365
-1.23638 2.66228
-1.2363 -0.920039
-1.23603 -0.918672
-1.23584 -0.919763
-1.2355 -0.91937
-1.23545 -0.919155
-0.919325 -0.919264
-0.919235 -0.918753
-0.919122 -0.918931
-0.919076 -0.919043
-0.919032 -0.918755
-0.919025 -0.918946
-0.918981 0.498846
-0.91893 -0.918754
-0.918799 -0.91761
-0.918477 1.73607
-0.918476 2.9641
-0.918473 -0.918331
-0.918388 4.59902
-0.91832 2.5
-0.918221 -0.918176
-0.918178 2.66228
-0.918175 -0.91814
-0.918099 2.9641
-0.917836 1.5
-0.917804 3.24166
-0.917725 -0.503591
-0.917725 -0.503494
-0.917711 1.73607
-0.91765 -0.504275
-0.917643 2.32843
-0.917584 -0.503257
-0.917554 1.23195
-0.917521 -0.503273
-0.917509 3.5
-0.917488 -0.503257
-0.917488 -0.503257
-0.917441 3.5
-0.917347 -0.503336
-0.917336 -0.503483
-0.917301 4.88516
-0.917282 3.10555
-0.917268 -0.503071
-0.917266 -0.50286
-0.917223 3.74264
-0.917202 -0.503228
-0.917171 -0.502959
-0.917127 -0.502878
-0.917125 -0.916965
-0.91711 -0.502737
-0.917062 -0.50381
-0.917012 -0.503116
-0.916949 -0.502402
-0.916949 -0.503357
-0.916871 -0.502449
-0.916871 -0.502641
-0.916791 -0.502193
-0.916774 2.81662
-0.916552 4.39898
-0.916196 4.08258
-0.915959 4.19042
-0.503747 -0.503114
-0.503249 -0.503233
-0.502989 0.913925
-0.502895 -0.502843
-0.502817 -0.502702
-0.502817 -0.502369
-0.502641 -0.502606
-0.502641 -0.502641
-0.502482 -0.502386
-0.502482 -0.502386
-0.502287 0.913733
-0.502146 4.59902
-0.502034 2.5
-0.501954 3.24166
-0.501841 -0.501666
-0.501839 3.62311
-0.501795 -0.501619
-0.501619 2.5
-0.501602 6.84847
-0.501523 0.497748
-0.501523 0.498161
-0.50133 0.913829
-0.50133 0.498766
-0.501297 -0.501218
-0.501234 5.5
-0.501042 0.498046
-0.501042 2.9641
-0.500962 0.499134
-0.500962 3.62311
-0.50077 3.62311
-0.50077 0.498301
-0.500673 1.94949
0.498782 0.499134
0.498975 0.498975
0.498975 1.73607
0.499055 1.73607
0.499134 3.74264
0.499151 1.73607
0.49923 0.49923
0.499423 3.62311
0.499423 2.5
0.499423 3.24166
0.499519 5.24456
0.499519 3.62311
0.499615 0.499711
0.499808 3.10555
0.499904 2.5
0.913653 1.5
0.913733 0.913925
0.913829 0.913829
0.913829 3.62311
0.914021 1.73607
0.914021 0.914021
0.914021 2.5
0.914021 0.914021
0.914021 1.23195
0.914021 0.914021
0.914021 3.10555
0.914021 3.10555
0.914021 1.23195
0.914117 7.5
0.914117 1.23195
0.914117 1.5
0.914117 1.94949
0.914117 1.23195
1.23195 1.5
1.23195 2.5
1.23195 1.23195
1.23195 3.62311
1.23195 1.5
1.23195 1.73607
1.23195 1.23195
1.23195 3.10555
1.23195 1.94949
1.23195 2.5
1.23195 1.23195
1.5 1.5
1.5 1.5
1.5 1.73607
1.5 1.94949
1.5 1.73607
1.5 1.73607
1.5 1.5
1.5 1.5
1.5 1.5
1.5 1.5
1.5 1.5
1.5 1.5
1.5 1.73607
1.5 1.5
1.73607 3.5
1.73607 2.9641
1.73607 1.73607
1.73607 1.73607
1.73607 1.73607
1.73607 1.73607
1.73607 1.73607
1.73607 1.73607
1.73607 1.73607
1.73607 1.73607
1.73607 3.24166
1.73607 1.73607
1.73607 1.73607
1.73607 1.73607
1.73607 4.08258
1.73607 2.32843
1.73607 1.73607
1.73607 1.73607
1.73607 1.73607
1.73607 1.73607
1.73607 1.73607
1.73607 1.94949
1.73607 1.73607
1.73607 1.73607
1.73607 1.73607
1.73607 1.73607
1.73607 1.73607
1.73607 1.73607
1.73607 4.19042
1.73607 1.94949
1.73607 1.73607
1.73607 1.73607
1.73607 1.73607
1.73607 1.73607
1.73607 3.62311
1.73607 1.73607
1.73607 1.73607
1.73607 1.73607
1.73607 1.73607
1.73607 1.73607
1.73607 1.73607
1.94949 1.94949
1.94949 2.32843
1.94949 1.94949
1.94949 2.32843
1.94949 1.94949
1.94949 3.62311
1.94949 2.32843
1.94949 3.62311
1.94949 1.94949
1.94949 2.66228
1.94949 2.32843
1.94949 1.94949
1.94949 1.94949
1.94949 2.32843
1.94949 2.32843
1.94949 2.32843
1.94949 2.32843
1.94949 1.94949
1.94949 2.32843
1.94949 1.94949
1.94949 2.5
1.94949 2.32843
1.94949 4.59902
1.94949 2.32843
1.94949 1.94949
1.94949 2.5
1.94949 2.5
1.94949 2.32843
1.94949 1.94949
1.94949 2.32843
1.94949 1.94949
2.32843 2.32843
2.32843 2.5
2.32843 2.5
2.32843 2.32843
2.32843 2.32843
2.32843 2.5
2.32843 2.5
2.32843 2.32843
2.32843 2.32843
2.32843 2.5
2.32843 2.32843
2.32843 2.5
2.32843 2.32843
2.32843 2.5
2.32843 2.32843
2.32843 2.5
2.32843 2.5
2.32843 2.32843
2.32843 2.32843
2.32843 2.5
2.32843 2.32843
2.32843 2.32843
2.32843 2.32843
2.32843 2.32843
2.32843 2.32843
2.32843 2.5
2.32843 2.5
2.32843 2.32843
2.32843 2.32843
2.32843 2.32843
2.32843 2.32843
2.32843 2.32843
2.32843 2.32843
2.32843 2.32843
2.32843 2.32843
2.32843 4.5
2.32843 2.5
2.32843 2.5
2.32843 2.66228
2.32843 2.32843
2.32843 2.32843
2.32843 2.32843
2.32843 2.5
2.32843 2.5
2.32843 2.32843
2.32843 2.32843
2.32843 2.32843
2.32843 2.32843
2.32843 2.81662
2.32843 2.32843
2.32843 2.32843
2.32843 2.5
2.32843 2.32843
2.32843 2.32843
2.32843 2.5
2.32843 3.74264
2.32843 4.19042
2.32843 2.5
2.32843 3.10555
2.32843 2.5
2.5 3.62311
2.5 2.5
2.5 2.5
2.5 2.5
2.5 2.5
2.5 2.5
2.5 6.2082
2.5 2.5
2.5 2.66228
2.5 2.81662
2.5 2.5
2.5 2.5
2.5 2.5
2.5 3.5
2.5 2.9641
2.5 2.66228
2.5 2.5
2.5 2.5
2.5 3.5
2.5 2.5
2.5 2.5
2.5 2.66228
2.5 2.66228
2.5 2.66228
2.5 2.5
2.5 2.5
2.5 2.5
2.5 2.5
2.5 2.5
2.5 2.5
2.5 2.66228
2.5 3.10555
2.5 2.66228
2.5 2.5
2.5 2.5
2.5 2.66228
2.5 2.81662
2.5 2.5
2.5 2.66228
2.5 2.66228
2.5 2.5
2.5 2.5
2.5 2.5
2.5 2.5
2.5 2.5
2.5 2.5
2.5 3.10555
2.5 2.66228
2.5 2.5
2.5 3.8589
2.5 3.24166
2.5 4.19042
2.5 2.5
2.5 2.66228
2.5 2.5
2.5 2.5
2.5 2.5
2.5 4.39898
2.5 2.5
2.5 2.5
2.5 2.5
2.5 2.5
2.5 2.5
2.5 2.66228
2.5 2.5
2.5 2.5
2.5 2.5
2.5 2.5
2.5 2.5
2.5 2.5
2.5 2.5
2.5 3.24166
2.5 2.5
2.5 2.66228
2.5 2.5
2.5 4.39898
2.5 2.5
2.5 2.5
2.5 2.5
2.5 2.5
2.5 2.81662
2.5 2.81662
2.5 4.59902
2.5 2.5
2.5 2.81662
2.5 2.66228
2.5 2.66228
2.5 2.66228
2.5 2.5
2.5 2.5
2.5 2.5
2.5 2.5
2.5 2.5
2.5 2.5
2.5 3.74264
2.5 2.81662
2.5 2.5
2.5 2.81662
2.5 2.66228
2.5 2.81662
2.5 4.5
2.5 2.5
2.5 2.5
2.5 2.5
2.5 2.81662
2.5 2.66228
2.5 2.66228
2.66228 2.66228
2.66228 5.90312
2.66228 2.81662
2.66228 2.81662
2.66228 2.81662
2.66228 3.10555
2.66228 2.66228
2.66228 2.81662
2.66228 2.81662
2.66228 2.81662
2.66228 3.10555
2.66228 2.81662
2.66228 2.9641
2.66228 3.10555
2.66228 3.62311
2.66228 2.66228
2.66228 2.81662
2.66228 2.81662
2.66228 2.81662
2.66228 2.81662
2.66228 2.66228
2.66228 2.66228
2.66228 3.10555
2.66228 2.81662
2.66228 3.10555
2.66228 2.81662
2.66228 2.66228
2.66228 2.81662
2.66228 2.81662
2.66228 2.81662
2.66228 2.66228
2.66228 2.81662
2.66228 2.81662
2.66228 2.66228
2.66228 2.81662
2.66228 3.10555
2.66228 2.66228
2.66228 2.81662
2.66228 2.81662
2.66228 3.10555
2.66228 2.66228
2.66228 2.81662
2.66228 2.81662
2.66228 3.24166
2.66228 2.81662
2.66228 2.81662
2.66228 2.81662
2.66228 2.66228
2.66228 2.66228
2.66228 2.66228
2.81662 2.81662
2.81662 2.81662
2.81662 3.62311
2.81662 3.10555
2.81662 3.62311
2.81662 3.24166
2.81662 3.24166
2.81662 3.10555
2.81662 3.10555
2.81662 3.24166
2.81662 2.81662
2.81662 3.24166
2.81662 3.10555
2.81662 2.81662
2.81662 3.24166
2.81662 3.24166
2.81662 2.81662
2.81662 3.10555
2.81662 3.10555
2.81662 2.81662
2.9641 2.9641
2.9641 2.9641
2.9641 2.9641
2.9641 3.10555
2.9641 3.24166
2.9641 2.9641
2.9641 3.10555
2.9641 2.9641
2.9641 3.97214
2.9641 3.24166
2.9641 3.10555
2.9641 3.74264
2.9641 3.74264
2.9641 2.9641
2.9641 2.9641
2.9641 3.10555
2.9641 3.24166
2.9641 2.9641
2.9641 2.9641
2.9641 2.9641
3.10555 3.24166
3.10555 3.24166
3.10555 3.10555
3.10555 3.24166
3.10555 3.24166
3.10555 3.10555
3.10555 3.10555
3.10555 3.10555
3.10555 3.5
3.10555 3.10555
3.10555 3.74264
3.10555 3.10555
3.10555 3.10555
3.10555 3.10555
3.10555 3.5
3.10555 3.24166
3.10555 3.24166
3.10555 3.10555
3.10555 3.24166
3.10555 3.10555
3.10555 3.10555
3.10555 3.24166
3.10555 3.10555
3.10555 3.24166
3.10555 3.10555
3.10555 3.10555
3.10555 3.10555
3.10555 3.10555
3.10555 3.10555
3.10555 3.24166
3.10555 3.24166
3.10555 3.24166
3.10555 3.24166
3.10555 3.24166
3.10555 3.10555
3.10555 3.10555
3.10555 3.24166
3.10555 3.24166
3.10555 4.88516
3.10555 3.10555
3.10555 3.10555
3.10555 3.10555
3.10555 3.10555
3.10555 3.74264
3.10555 3.10555
3.10555 3.24166
3.10555 3.10555
3.10555 3.24166
3.10555 3.10555
3.10555 3.10555
3.10555 3.24166
3.10555 3.24166
3.10555 3.24166
3.10555 3.10555
3.10555 3.10555
3.10555 3.24166
3.10555 3.24166
3.10555 3.24166
3.10555 3.24166
3.10555 3.10555
3.10555 3.62311
3.10555 3.10555
3.10555 3.5
3.10555 3.62311
3.10555 4.39898
3.10555 3.10555
3.10555 3.10555
3.10555 3.10555
3.10555 3.24166
3.10555 3.10555
3.10555 3.10555
3.10555 3.10555
3.10555 3.10555
3.10555 3.10555
3.10555 3.24166
3.10555 3.10555
3.10555 3.10555
3.10555 3.24166
3.10555 3.10555
3.10555 3.10555
3.24166 3.24166
3.24166 3.24166
3.24166 3.5
3.24166 3.24166
3.24166 3.62311
3.24166 3.24166
3.24166 3.24166
3.24166 3.24166
3.24166 3.24166
3.24166 3.24166
3.24166 3.62311
3.24166 3.62311
3.24166 7.31025
3.24166 3.24166
3.24166 3.62311
3.24166 3.24166
3.24166 3.24166
3.24166 3.24166
3.24166 3.24166
3.24166 3.24166
3.24166 3.62311
3.24166 3.62311
3.24166 3.62311
3.24166 3.62311
3.24166 3.62311
3.24166 3.62311
3.24166 3.24166
3.24166 3.24166
3.24166 3.5
3.24166 3.24166
3.24166 3.24166
3.24166 3.24166
3.24166 3.5
3.24166 3.24166
3.24166 3.24166
3.24166 3.24166
3.5 3.62311
3.5 3.62311
3.5 3.5
3.5 3.5
3.5 3.5
3.5 3.62311
3.5 3.62311
3.5 3.5
3.5 3.5
3.5 3.5
3.5 3.5
3.5 3.5
3.5 3.5
3.5 3.62311
3.5 3.62311
3.5 3.5
3.5 3.5
3.5 3.5
3.5 3.62311
3.5 3.5
3.5 3.5
3.5 3.5
3.5 3.5
3.5 3.5
3.5 3.74264
3.5 3.5
3.5 3.5
3.5 3.62311
3.5 3.62311
3.5 3.5
3.5 4.88516
3.5 3.62311
3.62311 3.62311
3.62311 3.62311
3.62311 3.62311
3.62311 3.8589
3.62311 3.74264
3.62311 3.62311
3.62311 3.62311
3.62311 3.62311
3.62311 3.74264
3.62311 3.74264
3.62311 3.62311
3.62311 3.62311
3.62311 3.74264
3.62311 3.62311
3.62311 3.62311
3.62311 3.62311
3.62311 3.62311
3.62311 3.62311
3.62311 3.74264
3.62311 3.62311
3.62311 3.62311
3.62311 7.18115
3.62311 3.74264
3.62311 3.74264
3.62311 3.62311
3.62311 3.74264
3.62311 3.62311
3.62311 3.74264
3.62311 3.62311
3.62311 3.74264
3.62311 3.62311
3.62311 3.62311
3.62311 3.62311
3.62311 3.62311
3.62311 3.62311
3.62311 3.74264
3.62311 3.74264
3.62311 3.62311
3.62311 3.62311
3.62311 3.74264
3.62311 3.74264
3.62311 3.62311
3.62311 3.62311
3.62311 3.62311
3.62311 3.62311
3.62311 4.69615
3.62311 3.62311
3.62311 3.62311
3.62311 3.62311
3.62311 3.74264
3.62311 3.74264
3.62311 3.62311
3.62311 3.74264
3.62311 3.74264
3.62311 3.74264
3.62311 3.62311
3.62311 3.62311
3.62311 3.62311
3.62311 3.62311
3.62311 3.62311
3.62311 3.74264
3.62311 3.62311
3.62311 3.74264
3.74264 3.8589
3.74264 3.74264
3.74264 3.97214
3.74264 3.8589
3.74264 3.8589
3.74264 3.74264
3.74264 3.8589
3.74264 3.97214
3.74264 3.97214
3.74264 3.74264
3.74264 4.08258
3.74264 3.74264
3.74264 3.74264
3.74264 3.74264
3.74264 3.74264
3.74264 3.97214
3.74264 3.74264
3.74264 3.74264
3.74264 3.74264
3.74264 3.74264
3.74264 3.8589
3.74264 4.5
3.74264 3.8589
3.74264 3.8589
3.74264 3.74264
3.74264 4.39898
3.74264 3.8589
3.74264 3.74264
3.74264 3.8589
3.74264 3.8589
3.74264 3.97214
3.74264 5.5
3.74264 3.74264
3.74264 3.8589
3.74264 3.97214
3.74264 4.69615
3.74264 4.69615
3.74264 4.5
3.74264 3.74264
3.74264 3.74264
3.74264 3.74264
3.74264 3.74264
3.74264 3.74264
3.74264 3.74264
3.74264 3.74264
3.74264 3.74264
3.74264 3.97214
3.74264 3.74264
3.74264 3.74264
3.74264 3.8589
3.74264 3.8589
3.74264 3.74264
3.74264 3.74264
3.74264 3.74264
3.8589 3.8589
3.8589 4.19042
3.8589 3.8589
3.8589 4.39898
3.8589 4.08258
3.8589 4.08258
3.8589 5.98074
3.8589 4.08258
3.8589 3.97214
3.8589 3.8589
3.8589 4.08258
3.8589 4.08258
3.8589 3.8589
3.8589 3.8589
3.8589 4.08258
3.8589 3.8589
3.8589 3.8589
3.97214 4.08258
3.97214 4.08258
3.97214 3.97214
3.97214 4.08258
3.97214 3.97214
3.97214 4.08258
3.97214 4.08258
3.97214 3.97214
3.97214 4.08258
3.97214 3.97214
3.97214 4.08258
3.97214 4.08258
3.97214 3.97214
3.97214 4.08258
3.97214 4.08258
3.97214 4.5
3.97214 4.08258
3.97214 4.08258
3.97214 3.97214
3.97214 4.08258
3.97214 4.5
3.97214 3.97214
3.97214 3.97214
3.97214 4.08258
3.97214 4.08258
3.97214 4.08258
4.08258 4.08258
4.08258 4.59902
4.08258 4.39898
4.08258 4.39898
4.08258 4.08258
4.08258 4.5
4.08258 4.39898
4.08258 4.08258
4.08258 4.39898
4.08258 4.19042
4.08258 4.08258
4.08258 4.39898
4.08258 4.39898
4.08258 4.39898
4.08258 4.39898
4.08258 4.39898
4.08258 4.39898
4.08258 4.5
4.19042 4.19042
4.19042 4.39898
4.19042 4.5
4.19042 4.19042
4.19042 4.19042
4.19042 4.19042
4.19042 4.19042
4.19042 4.19042
4.19042 4.39898
4.19042 4.19042
4.19042 4.19042
4.19042 5.24456
4.19042 4.39898
4.19042 4.39898
4.19042 4.19042
4.19042 4.39898
4.19042 4.39898
4.19042 4.39898
4.19042 4.39898
4.19042 4.5
4.19042 4.39898
4.39898 4.59902
4.39898 4.39898
4.39898 4.39898
4.39898 4.59902
4.39898 4.5
4.39898 4.88516
4.39898 4.39898
4.39898 4.39898
4.39898 4.59902
4.39898 4.59902
4.39898 4.39898
4.5 4.59902
4.5 4.59902
4.5 5.66441
4.5 4.59902
4.5 4.88516
4.5 4.59902
4.5 4.5
4.5 4.5
4.5 4.59902
4.5 4.5
4.5 4.59902
4.5 4.59902
4.5 4.59902
4.5 4.5
4.5 4.59902
4.5 4.59902
4.5 4.59902
4.5 4.5
4.5 4.5
4.5 4.5
4.5 4.5
4.5 4.88516
4.5 4.5
4.5 4.5
4.5 4.5
4.5 4.59902
4.5 4.5
4.5 4.5
4.5 4.88516
4.5 4.5
4.5 5.15685
4.5 4.5
4.5 4.5
4.5 4.5
4.5 4.5
4.5 4.5
4.5 4.5
4.5 4.5
4.5 4.5
4.5 4.5
4.5 4.59902
4.5 4.5
4.5 4.5
4.5 4.5
4.5 4.5
4.5 4.59902
4.5 4.88516
4.5 4.5
4.5 4.5
4.5 4.59902
4.5 4.5
4.5 4.5
4.5 4.5
4.5 4.5
4.5 4.5
4.5 4.59902
4.5 4.59902
4.5 4.5
4.5 4.59902
4.5 4.59902
4.5 4.5
4.5 4.59902
4.5 4.59902
4.5 4.5
4.5 4.59902
4.5 4.5
4.5 4.5
4.5 4.5
4.5 4.5
4.59902 4.59902
4.59902 4.59902
4.59902 4.69615
4.59902 4.69615
4.59902 4.59902
4.59902 4.59902
4.59902 4.59902
4.59902 4.59902
4.59902 4.59902
4.59902 4.59902
4.59902 5.24456
4.59902 4.59902
4.59902 4.59902
4.59902 4.59902
4.59902 4.88516
4.59902 4.69615
4.59902 4.69615
4.59902 4.69615
4.59902 4.69615
4.59902 4.69615
4.59902 4.69615
4.59902 4.59902
4.59902 4.59902
4.59902 4.59902
4.59902 4.59902
4.59902 4.59902
4.59902 4.88516
4.59902 4.59902
4.59902 4.59902
4.59902 4.59902
4.59902 4.88516
4.69615 5.33095
4.69615 4.88516
4.69615 4.69615
4.69615 4.69615
4.69615 4.69615
4.69615 4.69615
4.69615 4.69615
4.69615 4.97723
4.69615 4.88516
4.69615 4.69615
4.69615 4.88516
4.69615 4.88516
4.69615 4.69615
4.69615 4.69615
4.69615 4.88516
4.88516 4.88516
4.88516 5.24456
4.88516 4.97723
4.88516 5.41608
4.88516 5.24456
4.88516 4.97723
4.88516 4.88516
4.88516 4.97723
4.88516 5.24456
4.88516 4.88516
4.88516 5.24456
4.88516 4.88516
4.88516 5.15685
4.88516 4.88516
4.88516 5.24456
4.88516 4.88516
4.88516 4.97723
4.88516 4.88516
4.88516 4.97723
4.88516 4.97723
4.88516 4.97723
4.88516 4.88516
4.88516 4.88516
4.88516 4.88516
4.88516 4.88516
4.88516 4.88516
4.88516 4.88516
4.88516 4.88516
4.88516 4.88516
4.88516 4.88516
4.88516 4.88516
4.88516 4.88516
4.88516 4.88516
4.88516 4.88516
4.88516 4.97723
4.88516 4.88516
4.88516 4.88516
4.88516 4.88516
4.88516 4.88516
4.97723 5.24456
4.97723 4.97723
4.97723 5.24456
4.97723 5.24456
4.97723 5.24456
4.97723 5.24456
4.97723 5.24456
4.97723 5.24456
4.97723 4.97723
4.97723 5.24456
4.97723 5.24456
5.15685 5.15685
5.15685 5.15685
5.15685 5.15685
5.15685 5.41608
5.15685 5.15685
5.15685 5.15685
5.15685 5.15685
5.15685 5.24456
5.15685 5.24456
5.15685 5.24456
5.15685 5.15685
5.15685 5.15685
5.15685 5.24456
5.15685 5.24456
5.15685 5.41608
5.15685 5.24456
5.15685 5.24456
5.15685 5.24456
5.24456 6.5
5.24456 5.24456
5.24456 5.66441
5.24456 5.24456
5.24456 5.41608
5.24456 5.33095
5.24456 5.41608
5.24456 5.24456
5.24456 5.33095
5.24456 5.24456
5.24456 5.24456
5.24456 5.24456
5.24456 5.24456
5.24456 5.24456
5.24456 5.24456
5.24456 5.41608
5.24456 5.24456
5.33095 5.33095
5.33095 5.41608
5.33095 5.41608
5.33095 5.41608
5.33095 5.33095
5.33095 5.33095
5.33095 5.33095
5.33095 5.66441
5.33095 5.41608
5.33095 5.41608
5.33095 5.33095
5.33095 5.33095
5.33095 5.33095
5.33095 5.33095
5.33095 5.33095
5.33095 5.33095
5.33095 5.66441
5.33095 5.90312
5.33095 5.33095
5.33095 5.33095
5.33095 5.90312
5.33095 5.41608
5.33095 5.41608
5.41608 5.66441
5.41608 5.58276
5.41608 5.41608
5.41608 5.41608
5.41608 5.66441
5.41608 6.2082
5.41608 5.41608
5.41608 5.66441
5.41608 5.5
5.41608 5.66441
5.5 5.66441
5.5 5.66441
5.5 5.5
5.5 5.5
5.5 5.66441
5.5 5.66441
5.5 5.5
5.5 5.58276
5.5 5.66441
5.5 5.66441
5.5 5.66441
5.5 5.66441
5.5 5.5
5.5 5.5
5.5 5.66441
5.5 5.5
5.5 5.5
5.5 5.5
5.5 5.5
5.5 5.58276
5.5 5.5
5.58276 5.66441
5.58276 5.66441
5.58276 6.2082
5.58276 5.82456
5.58276 5.58276
5.58276 5.58276
5.58276 5.82456
5.58276 5.66441
5.58276 5.58276
5.58276 5.66441
5.58276 5.58276
5.66441 5.82456
5.66441 6.05744
5.66441 5.90312
5.66441 5.66441
5.66441 5.90312
5.66441 5.66441
5.66441 5.66441
5.66441 5.66441
5.66441 5.82456
5.66441 5.66441
5.66441 5.66441
5.66441 5.90312
5.66441 5.90312
5.66441 5.66441
5.66441 5.66441
5.66441 5.66441
5.66441 5.66441
5.66441 5.66441
5.66441 5.82456
5.66441 5.66441
5.66441 5.82456
5.82456 5.90312
5.82456 5.90312
5.82456 5.90312
5.82456 5.90312
5.82456 5.90312
5.82456 5.90312
5.82456 5.82456
5.82456 5.82456
5.82456 5.82456
5.82456 6.5
5.90312 5.90312
5.90312 5.98074
5.90312 5.90312
5.90312 5.90312
5.90312 5.90312
5.90312 5.90312
5.90312 5.90312
5.90312 5.90312
5.90312 5.90312
5.90312 5.90312
5.90312 5.90312
5.90312 6.05744
5.90312 6.05744
5.90312 5.98074
5.90312 5.90312
5.90312 5.98074
5.90312 5.90312
5.90312 5.98074
5.90312 6.13325
5.90312 6.13325
5.90312 5.90312
5.90312 5.90312
5.90312 5.90312
5.90312 5.90312
5.90312 6.57107
5.90312 5.90312
5.90312 5.90312
5.90312 6.05744
5.90312 5.98074
5.90312 5.98074
5.90312 5.98074
5.90312 5.90312
5.90312 5.90312
5.90312 5.90312
5.90312 5.90312
5.90312 6.05744
5.90312 5.90312
5.90312 5.98074
5.90312 5.90312
5.90312 5.90312
5.90312 5.98074
5.90312 5.90312
5.90312 6.2082
5.90312 5.90312
5.90312 5.90312
5.90312 5.90312
5.90312 5.90312
5.90312 5.90312
5.98074 6.05744
5.98074 5.98074
5.98074 5.98074
5.98074 5.98074
5.98074 5.98074
5.98074 6.13325
5.98074 6.05744
5.98074 5.98074
5.98074 6.2082
5.98074 5.98074
6.05744 6.5
6.05744 6.13325
6.05744 6.2082
6.05744 6.2082
6.05744 6.5
6.05744 6.13325
6.13325 6.4282
6.2082 6.5
6.2082 6.2082
6.2082 6.2082
6.2082 6.2082
6.2082 6.2082
6.2082 6.28233
6.2082 6.5
6.2082 6.2082
6.2082 6.28233
6.2082 6.28233
6.2082 6.2082
6.2082 6.28233
6.2082 6.2082
6.2082 6.2082
6.2082 6.2082
6.28233 6.5
6.28233 6.5
6.28233 6.5
6.28233 6.5
6.28233 6.5
6.28233 6.5
6.28233 6.5
6.28233 6.4282
6.4282 6.5
6.4282 6.4282
6.4282 6.5
6.4282 6.4282
6.5 6.7111
6.5 6.5
6.5 6.57107
6.5 6.57107
6.5 6.57107
6.5 6.57107
6.5 6.57107
6.5 6.64143
6.5 6.5
6.5 6.5
6.5 6.57107
6.5 6.5
6.5 6.57107
6.57107 6.7111
6.57107 6.57107
6.57107 6.57107
6.57107 6.57107
6.57107 6.57107
6.57107 6.57107
6.57107 6.57107
6.57107 6.57107
6.57107 6.84847
6.57107 6.57107
6.57107 6.57107
6.57107 6.64143
6.57107 6.57107
6.57107 6.57107
6.57107 6.84847
6.57107 6.78011
6.57107 6.84847
6.57107 6.57107
6.57107 6.57107
6.57107 6.64143
6.57107 6.57107
6.57107 6.57107
6.57107 6.57107
6.57107 6.64143
6.57107 6.64143
6.57107 6.64143
6.57107 6.64143
6.57107 6.57107
6.57107 6.57107
6.57107 6.78011
6.57107 6.57107
6.57107 6.57107
6.57107 6.57107
6.57107 6.57107
6.57107 6.57107
6.57107 6.57107
6.64143 6.64143
6.64143 6.7111
6.7111 6.7111
6.7111 6.78011
6.7111 6.7111
6.7111 7.56226
6.78011 6.98331
6.78011 7.11577
6.84847 7.56226
6.84847 6.98331
6.84847 6.84847
6.84847 6.98331
6.84847 6.98331
6.84847 6.98331
6.98331 6.98331
7.04983 7.04983
7.04983 7.18115
7.04983 7.18115
7.04983 7.04983
7.11577 7.31025
7.11577 7.18115
7.11577 7.5
7.11577 7.18115
7.11577 7.31025
7.18115 7.18115
7.18115 7.31025
7.31025 7.31025
7.31025 7.37401
7.31025 7.37401
7.31025 7.31025
7.31025 7.37401
7.31025 7.74621
7.31025 7.31025
7.31025 7.31025
7.37401 7.37401
7.37401 7.56226
7.37401 7.37401
7.37401 7.37401
7.5 7.5
7.5 7.5
7.56226 7.56226
7.56226 8.10233
7.56226 7.56226
7.56226 7.74621
7.56226 7.62404
7.56226 7.56226
7.56226 7.56226
7.56226 7.68535
7.56226 7.56226
7.62404 7.74621
7.62404 7.74621
7.62404 7.62404
7.62404 7.74621
7.62404 7.68535
7.62404 7.68535
7.62404 7.68535
7.74621 7.80662
7.74621 7.74621
7.8666 7.8666
7.8666 7.8666
7.98528 8.044
7.98528 7.98528
8.10233 8.5
8.16025 8.27496
8.16025 8.16025
8.27496 8.27496
8.27496 8.27496
8.27496 8.33176
8.27496 8.27496
8.27496 8.33176
8.27496 8.27496
8.27496 8.33176
8.27496 8.33176
8.27496 8.27496
8.27496 8.27496
8.33176 8.44427
8.33176 8.5
8.33176 8.5
8.5 8.5
8.5 8.66515
8.5 8.71954
8.5 8.5
8.55539 8.55539
8.71954 8.77362
8.77362 8.77362
9.74695 9.79563
10.5 10.5
