1.502686023712158203e+00
1.502519249916076660e+00
5.008875727653503418e-01
5.010241270065306507e-01
1.502542614936828613e+00
9.158287048339843750e-01
5.009558200836180530e-01
5.010241270065306507e-01
1.503085374832153098e+00
5.012289285659790039e-01
5.013654828071594238e-01
1.502792358398437500e+00
3.510127544403076172e+00
3.509963512420654297e+00
3.510135173797607422e+00
3.511639595031738281e+00
3.510199069976806197e+00
3.510401248931884766e+00
4.514365196228027344e+00
4.095059871673583984e+00
4.515032291412353516e+00
4.513044357299804688e+00
3.754371166229248047e+00
3.754182338714600053e+00
4.513864040374755859e+00
4.095071792602539062e+00
3.510011911392211914e+00
5.432737827301024502e+00
3.754199028015136719e+00
4.900827884674072266e+00
5.261104583740233487e+00
3.753453731536864790e+00
4.900564670562744141e+00
5.172683238983153409e+00
5.433251380920409268e+00
5.517440795898437500e+00
5.261107444763183594e+00
5.347508430480957031e+00
4.513582706451416016e+00
5.517979145050048828e+00
5.517645835876464844e+00
5.260780334472656250e+00
5.347731590270996094e+00
5.173074722290039062e+00
4.711057662963867188e+00
5.921930313110351562e+00
4.613128662109375000e+00
5.000682473182678223e-01
6.521574497222900391e+00
4.899996280670166016e+00
5.682826995849608487e+00
6.801730155944824219e+00
3.113535404205322266e+00
2.669404268264770508e+00
7.524602890014648438e+00
5.002048015594482422e-01
7.525188922882080078e+00
1.954222202301025169e+00
4.900734424591063565e+00
3.113908529281616211e+00
8.528836250305174005e+00
6.802045822143554688e+00
8.129265785217285156e+00
6.593049526214599609e+00
5.432903766632080078e+00
5.843933105468750000e+00
9.430717468261718750e+00
4.613147258758544922e+00
6.802885532379150391e+00
4.513835906982421875e+00
5.516991615295409268e+00
5.517798900604248047e+00
6.663008213043212891e+00
6.663398265838623047e+00
5.842910289764404297e+00
4.993020057678223544e+00
6.871243000030517578e+00
7.587505817413329190e+00
4.900866985321044922e+00
4.900746345520020419e+00
3.633776187896728960e+00
3.633441925048828125e+00
7.139353275299072266e+00
4.513104915618895596e+00
5.682303428649902344e+00
4.993246555328369141e+00
6.521487712860107422e+00
4.514443874359129971e+00
1.502588987350463867e+00
2.824128150939941406e+00
5.843724727630615234e+00
4.613738059997559482e+00
7.524550914764403409e+00
7.650008678436278409e+00
4.900225162506104404e+00
6.871613979339599609e+00
2.669976234436035156e+00
4.203503131866455078e+00
8.528324127197265625e+00
5.432754993438720703e+00
7.772210121154785156e+00
4.095046997070312500e+00
5.347896099090576172e+00
4.613303184509276456e+00
6.228054046630859375e+00
3.753828287124633789e+00
5.517605304718017578e+00
5.683605670928955078e+00
4.901107788085937500e+00
3.633882284164428711e+00
5.260900497436523438e+00
5.517873764038085938e+00
7.334743499755859375e+00
5.923025608062744141e+00
8.011292457580566406e+00
4.512952804565429688e+00
6.000333309173583984e+00
8.528728485107420099e+00
4.900284767150878906e+00
6.228463649749755859e+00
4.514170646667479581e+00
4.095224857330321377e+00
3.633764505386352983e+00
6.871111392974853516e+00
4.513381481170654297e+00
8.694274902343750000e+00
5.432843208312988281e+00
7.205053806304931641e+00
4.203106880187988281e+00
3.509826421737670898e+00
3.754057884216308594e+00
5.005462169647215687e-01
4.710412979125976562e+00
7.649370670318603516e+00
8.302875518798828125e+00
8.749123573303222656e+00
6.870753288269042081e+00
4.900094032287597656e+00
6.302919864654541016e+00
7.073345661163329190e+00
9.329397201538084161e+00
5.004779100418089710e-01
5.172858715057373047e+00
5.347256183624267578e+00
4.613618850708007812e+00
3.510410785675048828e+00
3.633871316909790483e+00
3.633130311965942383e+00
6.801864147186279297e+00
5.682651519775391513e+00
6.228490352630615234e+00
4.900007247924804688e+00
3.114346265792846236e+00
4.513372421264648438e+00
3.633306503295897549e+00
5.173397541046143466e+00
6.520670413970947266e+00
6.153416633605957031e+00
6.592233657836913174e+00
8.472392082214355469e+00
5.172499656677246094e+00
5.347554683685303623e+00
6.077191829681396484e+00
9.017597198486328125e+00
6.227925777435303623e+00
5.843121051788329190e+00
6.732952594757080078e+00
2.824782609939575195e+00
9.532283782958984375e+00
4.900352478027343750e+00
1.954247713088988814e+00
6.870584487915039062e+00
9.380190849304199219e+00
6.592768669128417969e+00
3.983789682388305664e+00
4.412084579467772549e+00
4.613715648651123047e+00
9.828857421875000000e+00
5.261095523834228516e+00
4.900773048400878906e+00
5.260606288909912109e+00
6.228662490844727451e+00
6.228258609771728516e+00
5.261148929595947266e+00
7.139663219451904297e+00
3.509894609451293501e+00
7.006235599517822266e+00
5.433297634124755859e+00
4.899977207183837891e+00
4.900622844696044922e+00
6.000608444213867188e+00
3.633035898208617720e+00
5.261285781860351562e+00
1.740325927734375000e+00
7.586996078491210938e+00
5.518033981323241299e+00
9.877664566040040839e+00
2.824289560317992720e+00
6.802793025970458096e+00
6.302766799926757812e+00
5.517854213714599609e+00
4.513912677764892578e+00
7.139138698577880859e+00
4.993587017059326172e+00
6.448493480682373047e+00
7.587284564971922940e+00
5.922907352447509766e+00
5.433623790740966797e+00
3.870606899261474609e+00
4.095068454742431641e+00
8.130112648010253906e+00
6.076927661895751953e+00
6.228516101837158203e+00
7.587548255920409268e+00
5.922343730926513672e+00
5.261360168457031250e+00
5.517539024353027344e+00
1.739689469337463157e+00
4.613502025604248047e+00
4.513728618621825284e+00
7.398941993713378906e+00
5.683288574218750000e+00
1.954257011413574441e+00
5.008192658424377441e-01
6.076788902282714844e+00
4.513896465301513672e+00
7.649668693542479581e+00
7.649122238159178799e+00
5.433580875396728516e+00
6.521164894104003906e+00
6.871440410614013672e+00
4.900245189666748047e+00
3.870377063751220703e+00
7.587196826934814453e+00
8.012176513671875000e+00
7.398850440979004794e+00
4.095252990722656250e+00
5.682171821594238281e+00
5.347740173339843750e+00
4.710691928863524502e+00
5.922310829162597656e+00
3.114354372024536133e+00
7.333876132965087891e+00
4.513775825500488281e+00
3.633699417114257812e+00
4.901122570037841797e+00
5.922139644622802734e+00
6.302856445312500000e+00
4.710936069488524502e+00
5.347965717315673828e+00
3.869905948638916016e+00
5.922260761260985440e+00
4.993041515350341797e+00
5.922565937042236328e+00
3.251020669937133789e+00
4.710981845855712891e+00
1.954687476158142090e+00
3.114629268646239790e+00
3.510208129882812500e+00
5.922017574310303623e+00
4.203407764434814453e+00
4.710699081420897549e+00
5.922150611877441406e+00
8.529008865356445312e+00
1.030527019500732422e+01
3.870383262634276900e+00
6.593102931976318359e+00
2.507065534591674805e+00
4.900201320648192471e+00
7.525207996368408203e+00
5.682687282562255859e+00
5.518352985382080078e+00
8.528551101684570312e+00
6.303413867950440341e+00
5.682882785797119141e+00
5.843536853790283203e+00
6.521214485168457031e+00
4.513725757598876953e+00
4.900625705718993252e+00
7.005966663360595703e+00
5.842587471008300781e+00
5.682858467102050781e+00
2.670378446578979492e+00
4.412470817565917969e+00
1.030573177337646484e+01
5.001365542411804199e-01
8.749805450439453125e+00
4.513539314270020419e+00
5.999936580657958984e+00
4.202702522277832031e+00
1.062662410736083984e+01
3.633896350860596147e+00
6.448744297027587891e+00
5.348012447357177734e+00
3.870887756347655806e+00
3.753960132598876953e+00
4.514347076416015625e+00
5.260938644409179688e+00
7.832811832427977627e+00
6.227961063385009766e+00
8.472495079040525567e+00
6.592188358306884766e+00
4.513351440429688388e+00
8.639005661010742188e+00
4.514201164245604581e+00
2.506313800811767578e+00
4.613420009613037109e+00
4.203633785247802734e+00
6.153058052062988281e+00
5.433289051055908203e+00
7.334414482116699219e+00
7.139028549194335938e+00
4.095045089721679688e+00
3.634339809417724609e+00
6.228213787078857422e+00
7.139356136322020596e+00
5.922088623046875000e+00
9.017705917358398438e+00
6.152958869934082031e+00
7.524719715118408203e+00
4.513709545135497159e+00
8.528273582458496094e+00
6.732931137084960938e+00
4.992664813995360440e+00
4.094941616058349609e+00
6.227623462677001953e+00
2.824449062347412109e+00
1.119986915588378729e+01
7.205176353454589844e+00
7.204547405242919922e+00
8.303036689758300781e+00
4.992972373962401456e+00
5.433748722076416016e+00
4.094461917877196377e+00
6.802468776702880859e+00
4.900383949279785156e+00
5.173295974731444424e+00
6.228574275970458096e+00
6.302864551544188565e+00
4.514015674591063565e+00
4.900910377502441406e+00
4.900570392608642578e+00
9.070199966430664062e+00
9.481781005859376776e+00
5.922235488891601562e+00
5.601056575775145596e+00
4.203195095062255859e+00
8.245118141174316406e+00
7.205247879028320312e+00
6.520859718322753906e+00
3.984721660614013672e+00
4.202812194824218750e+00
5.348651409149169922e+00
4.710901260375976562e+00
9.829026222229005683e+00
5.517715454101562500e+00
6.521252632141112393e+00
6.302669525146484375e+00
6.302722454071044922e+00
6.802332878112792969e+00
6.076504230499267578e+00
6.521345615386962002e+00
6.521126747131347656e+00
4.710528373718261719e+00
5.348109722137451172e+00
8.012156486511230469e+00
6.000017166137695312e+00
6.228143215179443359e+00
8.964434623718259942e+00
9.017154693603517401e+00
3.633306264877319336e+00
3.754123449325561523e+00
5.843470573425292969e+00
2.334408044815063477e+00
5.843618869781494141e+00
2.823884963989257812e+00
4.993316650390625000e+00
6.870934009552001953e+00
4.613832950592041016e+00
4.411962032318115234e+00
6.592351913452148438e+00
8.639603614807128906e+00
4.612855911254882812e+00
4.412639617919921875e+00
5.173316955566406250e+00
5.261127471923828125e+00
8.749252319335937500e+00
4.710762023925780362e+00
7.205463409423828125e+00
4.613672733306884766e+00
5.922756671905517578e+00
5.261273860931396484e+00
2.507154464721680132e+00
7.334856510162353516e+00
5.260668277740479404e+00
5.432977199554443359e+00
4.412154674530028409e+00
5.348064422607421875e+00
4.710991382598876953e+00
3.753921985626220703e+00
5.922309398651123047e+00
7.399032592773436612e+00
9.163045883178709827e-01
4.514077663421630859e+00
7.649185657501218927e+00
6.733170986175537109e+00
7.587114334106444424e+00
2.507018804550170898e+00
4.412458896636962002e+00
4.094907283782958984e+00
4.900446891784667969e+00
6.732944965362548828e+00
5.517569065093993252e+00
8.070989608764648438e+00
4.613391876220703125e+00
4.095245361328125000e+00
9.431577682495117188e+00
7.833123207092285156e+00
7.710764884948729581e+00
5.260886669158936435e+00
7.205492019653320312e+00
6.228588104248046875e+00
6.521005153656005859e+00
6.802797317504882812e+00
6.802016735076904297e+00
5.600291728973388672e+00
5.922561645507812500e+00
5.010241270065306507e-01
3.114112615585327148e+00
4.513820171356201172e+00
5.517842292785644531e+00
4.613961696624755859e+00
8.187698364257810724e+00
5.347637653350830078e+00
2.333548784255981001e+00
5.261183738708496094e+00
5.517297744750976562e+00
8.129556655883789062e+00
4.900663375854492188e+00
6.228134155273437500e+00
5.009558200836180530e-01
8.359390258789062500e+00
4.513695716857910156e+00
6.592666149139404297e+00
6.302657604217528409e+00
4.095382690429688388e+00
5.517348766326904297e+00
6.592163085937500000e+00
5.922521114349365234e+00
8.303088188171384942e+00
8.910892486572265625e+00
5.921927928924560547e+00
4.613125324249267578e+00
4.613022327423095703e+00
5.682811737060545987e+00
7.772202014923094815e+00
4.613355159759521484e+00
5.001365542411804199e-01
7.204710483551024502e+00
8.964207649230957031e+00
7.334014892578125000e+00
8.963625907897949219e+00
4.899965763092041016e+00
1.234027266502380371e+00
5.600994586944580078e+00
4.992828369140625000e+00
5.260560989379882812e+00
5.347757339477539062e+00
7.771905422210692471e+00
7.334733009338378906e+00
5.007510185241699219e-01
6.732763767242431641e+00
6.733121871948241299e+00
4.411894798278808594e+00
5.347818374633789062e+00
7.587732791900633877e+00
9.161348938941955566e-01
4.412673473358153409e+00
4.993230342864990234e+00
7.711064815521240234e+00
5.682693004608153409e+00
5.681977272033691406e+00
5.261332988739013672e+00
7.139232158660888672e+00
3.634515285491943359e+00
7.007122039794921875e+00
6.228660583496093750e+00
6.228795528411865234e+00
7.006462097167968750e+00
3.633818626403808594e+00
3.870526552200316939e+00
4.900243282318115234e+00
6.302749156951904297e+00
7.587014198303222656e+00
6.520824432373046875e+00
5.682200431823729581e+00
7.649007797241210938e+00
5.843381881713867188e+00
6.802352905273437500e+00
7.334774971008300781e+00
4.993242263793944424e+00
6.228538036346436435e+00
6.228384494781494141e+00
6.228835582733153409e+00
5.348389625549316406e+00
4.900632858276367188e+00
6.228492259979248047e+00
6.228488445281982422e+00
4.203742980957031250e+00
5.347973823547363281e+00
8.129824638366699219e+00
7.398285865783691406e+00
2.971804857254028320e+00
5.260898113250732422e+00
7.138849735260009766e+00
6.520960807800292969e+00
4.900472640991210049e+00
4.710860729217528409e+00
6.228647232055664062e+00
6.592766761779785156e+00
5.843613624572753906e+00
4.613184928894042081e+00
5.600981712341308594e+00
6.000480175018311435e+00
6.870776653289794034e+00
5.261154651641845703e+00
5.843694686889648438e+00
5.260941505432128906e+00
6.076999664306640625e+00
7.006647586822509766e+00
4.993101119995117188e+00
3.250185489654541016e+00
5.433420658111572266e+00
5.172894477844238281e+00
5.842760562896728516e+00
8.802959442138671875e+00
4.900508403778076172e+00
5.842699050903320312e+00
5.347383975982666016e+00
6.593070507049560547e+00
6.521493434906005859e+00
7.649771213531494141e+00
6.592385292053223544e+00
5.600773334503173828e+00
5.517620563507080078e+00
6.733490467071533203e+00
5.010923743247984730e-01
3.633158445358275923e+00
5.348211765289306641e+00
3.509705066680908203e+00
5.433226108551024502e+00
3.753951549530028853e+00
7.586742401123045987e+00
1.740384459495544434e+00
6.592318534851073331e+00
4.412384033203125000e+00
5.682063102722167969e+00
4.900575637817382812e+00
5.921843528747559482e+00
5.843059062957763672e+00
6.521154403686523438e+00
5.433601379394531250e+00
5.173056602478027344e+00
5.600486755371093750e+00
4.900816917419433594e+00
7.649183273315428799e+00
4.202921390533447266e+00
7.204766273498535156e+00
6.521558284759521484e+00
3.870281219482421431e+00
9.017505645751951349e+00
1.502599239349365234e+00
4.203365802764892578e+00
4.513654708862304688e+00
5.347572326660156250e+00
6.521304607391356534e+00
2.334160089492797407e+00
6.152821063995360440e+00
6.153091907501220703e+00
4.613534450531005859e+00
6.592879772186279297e+00
5.172993659973144531e+00
4.992521286010742188e+00
5.000682473182678223e-01
3.510151147842407227e+00
7.525141239166258877e+00
6.077411651611328125e+00
4.900202274322509766e+00
2.824612140655517134e+00
6.520830154418944424e+00
5.432999610900878906e+00
3.753930568695067915e+00
4.513962745666503906e+00
5.920998096466063565e+00
4.613793373107910156e+00
6.521305561065673828e+00
3.509644508361816406e+00
7.398745536804198331e+00
9.531788825988767755e+00
7.398329734802246094e+00
6.520535469055175781e+00
4.613745212554931641e+00
4.612973690032958984e+00
4.513273715972900391e+00
4.900800704956055576e+00
6.802639007568359375e+00
6.000560283660888672e+00
5.920979022979736328e+00
6.228511333465576172e+00
8.245402336120605469e+00
4.094601631164550781e+00
5.004779100418089710e-01
7.334455490112303799e+00
6.870887279510497159e+00
5.260702133178710938e+00
9.533157348632812500e+00
4.412531852722167969e+00
4.412518024444580078e+00
4.203352928161621094e+00
5.517372131347656250e+00
5.921798706054688388e+00
4.992910861968993252e+00
5.999872684478759766e+00
6.077470779418944424e+00
5.004096627235411487e-01
8.187500000000000000e+00
5.683111190795897549e+00
5.682366371154785156e+00
6.663244724273681641e+00
3.510033607482910156e+00
7.006334781646728516e+00
5.002048015594482422e-01
5.682165622711181641e+00
4.411870002746582031e+00
3.754091978073120117e+00
6.871021747589111328e+00
5.682251930236816406e+00
5.517214775085449219e+00
4.513549804687500000e+00
3.633242130279541016e+00
5.173197746276856357e+00
1.053524780273437678e+01
5.004096627235411487e-01
3.632961511611937588e+00
7.587687015533446377e+00
8.011724472045898438e+00
7.587532520294188565e+00
3.633648395538329634e+00
8.964133262634277344e+00
5.005462169647215687e-01
6.228063583374024326e+00
3.984101533889770508e+00
7.649548053741454190e+00
7.006336212158203125e+00
3.509883165359496626e+00
3.870332002639770508e+00
4.612865447998046875e+00
8.803668975830078125e+00
1.158089828491210760e+01
7.398457527160643643e+00
8.302837371826173651e+00
4.412358283996582031e+00
3.754234552383423296e+00
6.663359642028808594e+00
7.334280490875245029e+00
4.901004314422608310e+00
6.521019458770751953e+00
6.000568389892577237e+00
5.261168003082275391e+00
5.682540416717528409e+00
7.892923831939697266e+00
5.922595500946044922e+00
5.260950088500976562e+00
3.754436492919921431e+00
8.748641967773437500e+00
8.529130935668945312e+00
3.509778976440429688e+00
8.472668647766113281e+00
1.120051288604736328e+01
4.613253593444824219e+00
3.634303569793700728e+00
3.870212554931640625e+00
6.520643234252929688e+00
5.517608642578125000e+00
4.513455867767333984e+00
6.228327274322509766e+00
3.509329795837402344e+00
6.802848339080810547e+00
5.347754955291748047e+00
5.682748317718505859e+00
8.302762031555174005e+00
7.711551189422606534e+00
1.071679306030273438e+01
3.870211124420166460e+00
3.633384466171264648e+00
4.900530338287353516e+00
7.398465156555174005e+00
6.592216014862060547e+00
5.347887992858887607e+00
5.347686290740966797e+00
6.076742172241210049e+00
7.398076534271240234e+00
5.004096627235411487e-01
9.431738853454588067e+00
5.922193527221679688e+00
5.922452449798583984e+00
8.302622795104978692e+00
7.398519515991210938e+00
4.513310432434082031e+00
9.581860542297363281e+00
7.334493160247801846e+00
3.634341716766356978e+00
3.753730058670043945e+00
6.228776931762695312e+00
4.095237255096436435e+00
3.113952159881591797e+00
5.682235717773437500e+00
5.518227577209472656e+00
5.348106384277343750e+00
9.877544403076173651e+00
5.682826995849608487e+00
7.832374572753905362e+00
3.754071235656737393e+00
6.520917415618895596e+00
1.739910364151000755e+00
5.347605705261230469e+00
8.129545211791992188e+00
4.513607501983642578e+00
3.983902215957641602e+00
5.010923743247984730e-01
4.513858795166015625e+00
5.348295211791992188e+00
4.899888992309569424e+00
4.412604808807373047e+00
6.870795726776123047e+00
6.448477745056152344e+00
4.094721317291259766e+00
5.006144642829895020e-01
7.398670196533203125e+00
3.634035110473632812e+00
6.228635787963867188e+00
4.993061065673828125e+00
7.073240280151367188e+00
7.524394989013670099e+00
7.073318481445312500e+00
6.593543052673339844e+00
5.843208312988280362e+00
6.591922283172608310e+00
5.261050224304199219e+00
4.514255046844481534e+00
7.587281227111816406e+00
3.983876943588256836e+00
6.592473030090332031e+00
5.261647701263427734e+00
8.528365135192871094e+00
4.094889640808105469e+00
5.347888469696044922e+00
4.513678550720214844e+00
7.006525039672851562e+00
4.513909339904785156e+00
5.922512054443359375e+00
6.000385284423828125e+00
6.592525959014892578e+00
6.077248096466063565e+00
8.529023170471189630e+00
7.524943351745604581e+00
5.682699203491210049e+00
7.204817295074462891e+00
7.648952484130859375e+00
6.077245712280273438e+00
1.145540809631347656e+01
6.592720508575440341e+00
3.114269018173217773e+00
4.095127582550048828e+00
9.226278305053712714e+00
4.513644695281982422e+00
6.076908111572265625e+00
7.398896217346190518e+00
6.663609981536865234e+00
5.682394981384276456e+00
3.113919496536254883e+00
4.900555610656737393e+00
4.412758350372313565e+00
7.139709472656250000e+00
4.710795402526856357e+00
5.261305809020996094e+00
8.804005622863769531e+00
7.204913616180419922e+00
1.502588987350463867e+00
5.173277854919433594e+00
4.711451053619384766e+00
3.509514331817626953e+00
4.900599002838134766e+00
4.613846778869628906e+00
4.993128299713134766e+00
5.843149662017822266e+00
5.683545112609863281e+00
5.682154655456542969e+00
6.520553588867188388e+00
5.682391166687011719e+00
5.433260440826416016e+00
5.261218547821044922e+00
3.633632421493529385e+00
7.892568111419676846e+00
3.633797645568848100e+00
8.528594970703125000e+00
5.003413558006285511e-01
7.893465518951416016e+00
5.172937870025634766e+00
5.347887516021728516e+00
5.433639526367188388e+00
7.893017292022705966e+00
7.334092140197754794e+00
6.592770099639892578e+00
7.650217056274414062e+00
5.172689914703369141e+00
5.921494960784912109e+00
7.649195671081543857e+00
6.592540264129639560e+00
4.993269920349121094e+00
6.520978450775145596e+00
7.832859516143798828e+00
6.662713050842285156e+00
1.153932666778564453e+01
6.076658725738524502e+00
5.008875727653503418e-01
5.922146320343017578e+00
3.983674764633178267e+00
7.524791240692137784e+00
5.260656833648681641e+00
6.521313667297363281e+00
4.613327503204345703e+00
7.398577690124510831e+00
4.514198780059814453e+00
5.682427883148192471e+00
6.302737236022949219e+00
4.203682422637939453e+00
8.302537918090818536e+00
4.613909244537353516e+00
3.633621454238892046e+00
2.971981048583984375e+00
5.921543121337890625e+00
8.129376411437986505e+00
4.899924755096436435e+00
4.900941371917724609e+00
9.532731056213378906e+00
9.152142405509947620e-01
5.173210144042968750e+00
6.152965545654296875e+00
2.506599187850952148e+00
6.870996952056884766e+00
9.329084396362304688e+00
4.613037586212158203e+00
7.006155967712401456e+00
6.521153450012207031e+00
4.095205783843993252e+00
5.347587108612060547e+00
8.748609542846677911e+00
6.228481769561767578e+00
6.228619098663329190e+00
7.524843215942383701e+00
3.753644704818725586e+00
6.228481292724608487e+00
4.203174591064453125e+00
6.663533687591552734e+00
9.158852696418762207e-01
5.000682473182678223e-01
5.922758102416992188e+00
5.921689987182617188e+00
9.158169627189636230e-01
4.613408565521240234e+00
6.592281341552734375e+00
7.832908153533934659e+00
5.600320816040039062e+00
7.587181091308593750e+00
5.260883808135985440e+00
3.753976583480834517e+00
4.094617366790771484e+00
5.843133449554443359e+00
1.503655076026916504e+00
5.433693408966063565e+00
3.634277105331420898e+00
7.073371887207031250e+00
4.613262176513671875e+00
5.347931385040283203e+00
6.870716094970703125e+00
5.518136978149414062e+00
3.754019498825072798e+00
4.900902748107910156e+00
5.347890377044677734e+00
5.008192658424377441e-01
4.202970027923583984e+00
3.984353542327880859e+00
1.502462625503540039e+00
3.633608341217041016e+00
4.900475025177001953e+00
7.204863548278808594e+00
5.922450542449951172e+00
5.003413558006285511e-01
8.011735916137693536e+00
6.000146389007568359e+00
3.113800525665283203e+00
5.517394065856933594e+00
5.922799110412597656e+00
4.993103981018065518e+00
6.592614650726318359e+00
6.802143573760985440e+00
7.398293972015379083e+00
7.398506164550780362e+00
1.111427497863769531e+01
6.302889823913574219e+00
4.900034427642822266e+00
3.251063108444213423e+00
7.710855960845947266e+00
8.694363594055174005e+00
5.682565212249755859e+00
3.984846115112304688e+00
8.910477638244628906e+00
6.302706718444824219e+00
2.506392717361450195e+00
5.682015419006347656e+00
5.843380451202392578e+00
5.682883262634276456e+00
3.984117984771728960e+00
5.517530441284179688e+00
5.348095893859863281e+00
5.682515621185303623e+00
6.521237850189208984e+00
5.922553539276123047e+00
5.682513236999511719e+00
3.509890079498291016e+00
8.803124427795410156e+00
6.592780113220214844e+00
7.139116764068604404e+00
6.803184509277343750e+00
6.870827198028564453e+00
6.802086353302001953e+00
4.412104606628417969e+00
7.204777717590332031e+00
4.899624824523925781e+00
6.228233814239501953e+00
1.039810848236083984e+01
6.732723236083984375e+00
8.187564849853515625e+00
4.900625705718993252e+00
5.682692050933837891e+00
3.633087158203125000e+00
2.507402658462524414e+00
5.682456016540527344e+00
6.592642784118652344e+00
7.006405830383300781e+00
6.521140098571776456e+00
4.900611877441406250e+00
5.517693519592285156e+00
4.900318145751953125e+00
8.749107360839843750e+00
4.710596561431884766e+00
9.877540588378906250e+00
6.520822525024414062e+00
8.803723335266113281e+00
7.649537086486816406e+00
3.113695621490478516e+00
6.592424869537353516e+00
5.348190784454345703e+00
6.871026039123535156e+00
6.521128177642822266e+00
7.587121009826659268e+00
6.076985836029052734e+00
4.202704429626464844e+00
5.172946929931640625e+00
6.000462055206298828e+00
7.649766921997070312e+00
7.832562446594238281e+00
6.592134475708007812e+00
4.412146568298339844e+00
4.900091171264648438e+00
2.334105253219604492e+00
6.000190734863280362e+00
5.922720909118652344e+00
3.754169940948486328e+00
6.521534919738769531e+00
4.513556957244873047e+00
5.682732105255126953e+00
5.172635078430175781e+00
4.203849792480468750e+00
5.172991275787353516e+00
5.004096627235411487e-01
5.517506599426269531e+00
5.922228813171386719e+00
5.007510185241699219e-01
3.633509635925292969e+00
4.900121688842772549e+00
4.901196956634521484e+00
9.226985931396482599e+00
5.843558788299560547e+00
7.334877014160157138e+00
3.984226465225220171e+00
5.842986106872559482e+00
4.900829315185545987e+00
5.003413558006285511e-01
4.900586605072020596e+00
4.612941741943359375e+00
5.600027084350585938e+00
6.521840095520020419e+00
5.261199474334716797e+00
8.963884353637693536e+00
5.172751903533936435e+00
6.152969360351562500e+00
7.524805068969726562e+00
7.649460315704345703e+00
6.802362918853759766e+00
7.524504661560057706e+00
6.801881313323975498e+00
5.921998500823975498e+00
7.586892604827881748e+00
7.649567604064940518e+00
6.520772933959960938e+00
5.002048015594482422e-01
5.002731084823608398e-01
6.663272857666015625e+00
7.073027133941649502e+00
5.842998027801513672e+00
3.984067916870116743e+00
3.114233732223510742e+00
4.412313461303710938e+00
7.398536682128905362e+00
5.002731084823608398e-01
5.517817497253417969e+00
4.513438701629639560e+00
4.900222778320312500e+00
7.072839736938476562e+00
4.993069648742675781e+00
7.335254192352295810e+00
4.613605976104736328e+00
5.683207988739013672e+00
8.302917480468750000e+00
7.587306499481201172e+00
4.412368297576904297e+00
4.900613307952880859e+00
5.682363033294677734e+00
7.398914813995361328e+00
7.204617977142333984e+00
6.520592212677001953e+00
6.228188991546630859e+00
6.592421531677246094e+00
4.613291740417479581e+00
5.000682473182678223e-01
3.509644746780395508e+00
6.802175998687744141e+00
9.828785896301267755e+00
6.871162891387939453e+00
5.001365542411804199e-01
7.334325790405273438e+00
4.514018058776856357e+00
6.592849254608153409e+00
8.528842926025390625e+00
2.334134101867675781e+00
7.334896564483641690e+00
4.513331890106201172e+00
7.832903385162353516e+00
2.506041049957275391e+00
7.073512077331542969e+00
9.017969131469726562e+00
8.129819869995117188e+00
5.002048015594482422e-01
4.412034988403320312e+00
3.870419502258300781e+00
5.261044979095458096e+00
5.922796249389648438e+00
6.153383731842041016e+00
5.003413558006285511e-01
4.514217376708984375e+00
7.892775535583496094e+00
6.076985359191895419e+00
1.953483700752258301e+00
4.513564586639404297e+00
5.433329105377196377e+00
7.524606704711913174e+00
8.472389221191406250e+00
5.261196136474608487e+00
8.748952865600587714e+00
5.517803192138671875e+00
6.153426647186279297e+00
5.000682473182678223e-01
5.008192658424377441e-01
6.870872020721436435e+00
7.397704601287841797e+00
5.172882080078125000e+00
5.260847568511962002e+00
8.528569221496582031e+00
4.900503158569335938e+00
7.398571491241454190e+00
4.411833763122559482e+00
3.509825468063354492e+00
4.514345169067382812e+00
1.954205632209777610e+00
4.901116847991943359e+00
5.002731084823608398e-01
7.334253311157225674e+00
6.663516521453857422e+00
7.892861843109129971e+00
7.524792671203612393e+00
7.398137569427489346e+00
3.510439157485961470e+00
7.524280071258545810e+00
4.900263786315917969e+00
6.153078556060791016e+00
8.964050292968750000e+00
5.347782135009765625e+00
4.900461196899414062e+00
4.900492668151856357e+00
5.682489395141601562e+00
3.634467601776123047e+00
3.633606195449828657e+00
3.633988380432128906e+00
7.335051059722899502e+00
5.843306541442871094e+00
5.999783039093017578e+00
4.514111995697020596e+00
5.682292461395263672e+00
7.587351322174072266e+00
7.771530151367187500e+00
5.600298404693604404e+00
3.870654106140136719e+00
2.669268131256103516e+00
7.524656295776366299e+00
8.070422172546384942e+00
5.348020553588867188e+00
5.260893821716308594e+00
4.900377273559569424e+00
5.348132610321044922e+00
4.613741874694824219e+00
3.509917020797729048e+00
7.587799072265625000e+00
5.682098388671875000e+00
5.173631668090820312e+00
5.433040142059326172e+00
1.954042315483092818e+00
5.517873764038085938e+00
6.302759170532226562e+00
5.433457374572753906e+00
5.682199478149414062e+00
5.682508468627929688e+00
5.261159420013427734e+00
2.506042003631591797e+00
5.600760459899902344e+00
5.348149299621582031e+00
4.612978935241699219e+00
8.245521545410156250e+00
9.481907844543455255e+00
6.228393554687500000e+00
5.517443180084228516e+00
7.524499893188476562e+00
3.633054733276367188e+00
6.228688240051269531e+00
5.347885131835937500e+00
3.984331607818603960e+00
6.733303070068359375e+00
4.993103027343750000e+00
7.334788799285887784e+00
5.922696113586425781e+00
4.900751113891601562e+00
7.204629898071289062e+00
6.592242717742919922e+00
6.520780086517333984e+00
5.261583328247070312e+00
3.753970146179199219e+00
3.983902215957641602e+00
5.842801570892333984e+00
3.509976387023925781e+00
6.076964378356933594e+00
4.992692470550537109e+00
4.203462600708007812e+00
5.000682473182678223e-01
5.008192658424377441e-01
4.900611877441406250e+00
6.801895618438720703e+00
5.433482170104980469e+00
6.303525924682617188e+00
7.649955749511718750e+00
8.129043579101560724e+00
4.613801479339599609e+00
8.129063606262207031e+00
5.600539207458496094e+00
6.076881408691406250e+00
3.509449481964111772e+00
3.633403539657592773e+00
6.228680610656737393e+00
3.984551191329956055e+00
5.517370700836181641e+00
4.900382041931152344e+00
6.228897571563720703e+00
5.923006057739257812e+00
7.073069572448729581e+00
7.334473133087158203e+00
6.521302223205566406e+00
3.113961458206176758e+00
4.992810249328612393e+00
7.138789653778076172e+00
6.520930767059326172e+00
4.613603115081787109e+00
6.227953910827636719e+00
5.683174610137939453e+00
5.347445487976073331e+00
3.509916782379150391e+00
5.600542545318604404e+00
7.006738185882568359e+00
5.172874927520751953e+00
6.076990604400634766e+00
3.509574651718140093e+00
3.634003639221191850e+00
9.631863594055175781e+00
5.433825016021728516e+00
8.639436721801756036e+00
7.139214992523192471e+00
4.412589550018311435e+00
8.011785507202146661e+00
6.228600025177001953e+00
4.613286972045897549e+00
5.260456085205078125e+00
7.587942123413086826e+00
3.984319925308227983e+00
5.682659626007080078e+00
3.753589391708374468e+00
8.528575897216796875e+00
4.203819751739501953e+00
7.334740161895751953e+00
7.586930274963378906e+00
5.922828197479248047e+00
6.733068466186523438e+00
3.984488487243651900e+00
5.922205448150634766e+00
9.154990315437315784e-01
7.334492206573486328e+00
5.000682473182678223e-01
4.993439674377441406e+00
6.520927906036376953e+00
4.412042140960692471e+00
6.521064281463623047e+00
4.710160732269287109e+00
7.398480892181395596e+00
8.129011154174802911e+00
7.587562561035155362e+00
1.503281950950622337e+00
7.772086620330809659e+00
5.922079563140869141e+00
5.173144817352294922e+00
5.433396339416503906e+00
8.303088188171384942e+00
5.516810894012451172e+00
4.992911338806152344e+00
6.801851749420166016e+00
8.244925498962402344e+00
5.261193752288817471e+00
7.005850791931152344e+00
5.433033943176269531e+00
5.682988166809082031e+00
7.006164550781250000e+00
8.011783599853515625e+00
4.711220741271972656e+00
6.802120208740233487e+00
8.303284645080566406e+00
5.260732650756835938e+00
6.871268749237060547e+00
7.524601459503174716e+00
4.710785865783691406e+00
2.506096839904784712e+00
4.095385074615479404e+00
8.012117385864259589e+00
5.600368499755859375e+00
3.114454746246337447e+00
4.992869853973388672e+00
3.510326862335204634e+00
7.525227546691894531e+00
7.204841613769531250e+00
7.334574699401854581e+00
5.516997814178466797e+00
7.138934612274169922e+00
5.922091484069824219e+00
1.062699413299560369e+01
5.261049747467041016e+00
4.899959087371825284e+00
7.832123756408691406e+00
5.517881870269775391e+00
6.802619934082031250e+00
5.261365890502929688e+00
4.900563240051269531e+00
5.002048015594482422e-01
7.649414062500000000e+00
6.228554725646972656e+00
5.843085289001464844e+00
5.172732353210449219e+00
7.892725944519042969e+00
8.583358764648437500e+00
4.613660335540771484e+00
3.870436906814575195e+00
4.412147998809814453e+00
7.334076404571533203e+00
4.613056659698486328e+00
6.592586040496825284e+00
4.412406444549560547e+00
1.098295593261718750e+01
3.870872020721435991e+00
3.633827686309814453e+00
8.302824974060056817e+00
7.006062984466552734e+00
4.711066246032714844e+00
5.004096627235411487e-01
4.513822078704833984e+00
4.900676727294921875e+00
5.922472000122070312e+00
4.203134059906005859e+00
1.502442717552185059e+00
5.173233032226562500e+00
6.521387100219727451e+00
6.521007061004639560e+00
8.528036117553712714e+00
8.360006332397460938e+00
6.228862762451171875e+00
5.517570018768311435e+00
4.900061130523681641e+00
6.592767238616943359e+00
8.472478866577148438e+00
5.261101245880126953e+00
7.833212375640869141e+00
3.633892536163329634e+00
5.682135581970214844e+00
6.592816352844238281e+00
7.524584293365478516e+00
5.922124385833740234e+00
5.006827712059019886e-01
6.000734806060791016e+00
4.412263870239257812e+00
6.663774967193604404e+00
5.348346233367919922e+00
6.521882057189940518e+00
5.682713985443115234e+00
6.663306713104248047e+00
5.261005401611328125e+00
6.302934169769287109e+00
6.520909309387207031e+00
5.517838954925537109e+00
7.073267459869384766e+00
5.922677993774414062e+00
4.710671424865722656e+00
7.333907604217529297e+00
5.517613410949707031e+00
8.584606170654296875e+00
1.503325223922729492e+00
3.870749950408935991e+00
7.138833999633789062e+00
5.683162212371825284e+00
6.448993682861328125e+00
5.432973861694335938e+00
4.514352798461913174e+00
6.000073909759521484e+00
6.871123313903808594e+00
9.017468452453613281e+00
5.348123073577880859e+00
5.173269748687744141e+00
7.649592399597167969e+00
4.992767333984375000e+00
5.921369552612304688e+00
7.334865093231201172e+00
8.528097152709960938e+00
5.518289089202880859e+00
3.633785963058472124e+00
8.359501838684082031e+00
3.632905721664428711e+00
5.682824134826660156e+00
6.229035377502441406e+00
5.843636989593505859e+00
6.152982234954833984e+00
3.983705520629882368e+00
6.076858043670654297e+00
5.260690212249755859e+00
4.614364624023437500e+00
4.412150382995604581e+00
5.433424472808837891e+00
5.922533512115479404e+00
1.035171604156493963e+01
7.587265014648436612e+00
7.711456775665283203e+00
5.260659694671630859e+00
7.204758644104003906e+00
7.526317596435545987e+00
5.260841846466063565e+00
7.587029933929443359e+00
8.128791809082031250e+00
5.921693801879882812e+00
7.139312744140625000e+00
4.900487899780273438e+00
8.528468132019042969e+00
5.923124790191649502e+00
5.347733020782471591e+00
6.871214866638183594e+00
9.226743698120115411e+00
7.398222446441649502e+00
4.613697528839111328e+00
4.613874912261962002e+00
3.510033607482910156e+00
5.433821678161621094e+00
4.993058681488037109e+00
5.006144642829895020e-01
6.871691226959228516e+00
4.094992637634276456e+00
5.261667251586913174e+00
5.002731084823608398e-01
6.871384620666503906e+00
2.333972454071044922e+00
3.633364915847777432e+00
7.333804607391356534e+00
3.870636940002441406e+00
7.398845195770262784e+00
4.711540222167968750e+00
5.922877788543701172e+00
5.682356834411621094e+00
4.900379180908203125e+00
4.412157058715820312e+00
7.138795852661132812e+00
6.302673339843750000e+00
6.592760086059569424e+00
6.153030395507812500e+00
5.433094024658203125e+00
5.517626285552978516e+00
4.513728141784667969e+00
4.900612354278564453e+00
7.588320255279541016e+00
4.411666393280028409e+00
6.520987033843993252e+00
6.448778629302978516e+00
6.521314620971679688e+00
6.520458221435545987e+00
1.195124530792236328e+01
5.348214626312255859e+00
5.922087669372559482e+00
4.203171253204345703e+00
4.900733947753905362e+00
7.772234439849852627e+00
8.187716484069824219e+00
5.843718528747559482e+00
8.749081611633299005e+00
5.348353862762451172e+00
6.662805557250976562e+00
2.507240056991576704e+00
5.922299861907958984e+00
6.732728481292724609e+00
5.433209896087646484e+00
5.433742523193359375e+00
5.599925994873046875e+00
5.004779100418089710e-01
5.682560443878173828e+00
4.900619983673095703e+00
5.682536125183105469e+00
5.923046112060545987e+00
5.261219024658203125e+00
1.234003901481628418e+00
7.398346424102782315e+00
8.359895706176757812e+00
5.517478942871093750e+00
5.172654628753662109e+00
3.509931087493896484e+00
5.173313140869140625e+00
4.095112800598144531e+00
4.203030586242675781e+00
6.303009033203125000e+00
5.682687282562255859e+00
6.663617610931396484e+00
4.514039993286132812e+00
5.922405242919921875e+00
6.870918273925780362e+00
5.433276653289794034e+00
7.072933197021484375e+00
5.682799339294433594e+00
5.682723045349121094e+00
5.173307418823241299e+00
7.334219932556152344e+00
4.513689517974853516e+00
3.984388351440429688e+00
1.739749431610107422e+00
6.803099632263183594e+00
6.802511215209960938e+00
4.203128337860107422e+00
5.172479152679443359e+00
6.521144866943359375e+00
5.682438850402832031e+00
7.334080696105957031e+00
6.870762825012207031e+00
5.842717647552489346e+00
5.682140827178955078e+00
7.204614639282226562e+00
3.633591651916503906e+00
5.433135032653808594e+00
5.921888351440429688e+00
3.510437726974487749e+00
6.000422477722167969e+00
5.261424064636230469e+00
4.711162567138671875e+00
5.842664241790771484e+00
7.399164676666258877e+00
6.592636108398437500e+00
6.802164554595947266e+00
6.520855903625488281e+00
5.347931385040283203e+00
6.077382087707520419e+00
7.204795837402343750e+00
6.228635311126708984e+00
4.513426780700683594e+00
5.921267509460449219e+00
5.682147502899169922e+00
5.682956218719481534e+00
7.204795837402343750e+00
7.334179878234862393e+00
5.682137966156005859e+00
6.593009471893311435e+00
4.900483131408691406e+00
6.871530055999755859e+00
7.524903774261473721e+00
6.521424293518065518e+00
5.601264476776123047e+00
5.921987533569335938e+00
5.922095298767089844e+00
6.871153354644775391e+00
5.433717727661132812e+00
6.228328227996825284e+00
6.521086215972900391e+00
6.077099800109863281e+00
6.521535873413085938e+00
5.683012485504150391e+00
6.521693229675292969e+00
3.634221076965332031e+00
6.521138668060303623e+00
5.922007560729980469e+00
5.260550498962401456e+00
5.517532825469970703e+00
4.711287498474121094e+00
5.433008670806884766e+00
4.900547027587890625e+00
5.517614841461181641e+00
5.260179996490479404e+00
3.984022617340087891e+00
4.613309383392333984e+00
5.517773628234863281e+00
5.000682473182678223e-01
3.634606122970580611e+00
3.870179653167724609e+00
3.250554800033569336e+00
3.634658098220824751e+00
4.514092922210692471e+00
3.984834909439087358e+00
3.509930849075317383e+00
3.510833263397216797e+00
2.507188320159912109e+00
2.825074911117553711e+00
3.510500192642211914e+00
3.510212421417236328e+00
2.670248031616210938e+00
2.508045434951782227e+00
3.510053157806396484e+00
3.251035928726195845e+00
1.954384207725524902e+00
1.740607857704162376e+00
2.506623983383178711e+00
2.505823135375976562e+00
2.506974220275878906e+00
5.008192658424377441e-01
1.503201961517333984e+00
1.503121972084045410e+00
1.502809405326843262e+00
9.162148833274840198e-01
5.010241270065306507e-01
5.012289285659790039e-01
5.006144642829895020e-01
