1.502579331398010254e+00
9.161365628242491566e-01
5.011242628097534180e-01
5.012741684913635254e-01
1.502805829048156738e+00
5.008994340896606445e-01
5.010493397712707520e-01
9.160616397857666016e-01
5.011992454528807484e-01
2.507130384445190430e+00
1.954945921897887962e+00
1.503745317459106445e+00
3.511096000671386719e+00
3.510732412338256836e+00
2.670594692230224609e+00
3.510492563247680664e+00
3.510231018066406250e+00
4.096086978912353516e+00
4.515591621398925781e+00
4.096072196960449219e+00
3.985921382904052734e+00
4.514348983764648438e+00
3.755437612533568892e+00
3.872042417526244673e+00
4.615180969238280362e+00
4.615586280822753906e+00
4.614766597747802734e+00
5.518789768218993252e+00
4.902013301849365234e+00
4.515148162841796875e+00
4.712827682495117188e+00
4.095916748046875000e+00
5.518743515014648438e+00
5.684943199157714844e+00
5.684929847717285156e+00
6.304782867431640625e+00
5.602870464324951172e+00
6.873671054840087891e+00
4.902134895324707031e+00
6.002552032470703125e+00
3.634007215499877486e+00
6.522991657257080078e+00
6.873751163482666016e+00
5.262921333312988281e+00
7.651884078979491299e+00
4.413480758666992188e+00
7.589416027069090909e+00
4.712170124053955078e+00
3.635490655899047852e+00
6.665067672729492188e+00
5.519797801971436435e+00
7.713850021362303799e+00
2.825039148330688477e+00
6.805011749267577237e+00
4.204598903656005859e+00
6.002415657043457031e+00
9.585462570190429688e+00
7.401409626007080078e+00
7.141424179077148438e+00
5.684445858001708984e+00
4.515378475189208984e+00
5.518637657165527344e+00
5.435339927673339844e+00
4.096290588378905362e+00
5.519710540771484375e+00
5.684895038604736328e+00
7.527207374572754794e+00
6.230502605438232422e+00
7.590021610260009766e+00
5.924223899841308594e+00
5.263003349304199219e+00
5.519254684448241299e+00
5.685134887695312500e+00
1.954723238945007546e+00
4.515255928039550781e+00
7.651575565338134766e+00
5.435292243957520419e+00
6.523235321044921875e+00
4.712435722351073331e+00
7.401280403137206143e+00
4.096492767333984375e+00
5.683908462524414062e+00
5.349381923675537109e+00
4.712113857269287109e+00
5.924187660217285156e+00
4.901638507843017578e+00
7.336186885833741123e+00
4.515123367309569424e+00
3.634735584259032759e+00
4.902683258056640625e+00
6.304864406585692471e+00
4.712382316589355469e+00
3.870982408523560014e+00
4.994588375091552734e+00
6.523381233215332031e+00
4.712431907653808594e+00
4.994759082794188565e+00
1.955195784568786399e+00
4.994819164276123047e+00
5.923865318298339844e+00
4.204678535461425781e+00
4.712121963500976562e+00
8.531846046447755683e+00
5.001499056816101074e-01
5.519787788391112393e+00
6.595258235931396484e+00
7.527170658111571377e+00
4.901671886444091797e+00
7.527673244476318359e+00
5.684474468231201172e+00
6.305476188659667969e+00
5.684689044952392578e+00
5.845393657684326172e+00
4.515068054199218750e+00
4.902138233184814453e+00
4.413790702819824219e+00
1.030919456481933594e+01
5.001499056816101074e-01
8.752764701843259942e+00
4.514863491058349609e+00
6.001814365386962002e+00
3.510698080062866211e+00
1.063015365600585938e+01
6.450753211975097656e+00
5.349680900573729581e+00
3.872060298919677734e+00
5.005246400833128773e-01
3.755067348480224609e+00
4.614871025085449219e+00
7.835373401641844815e+00
6.594254016876220703e+00
8.641799926757810724e+00
2.506931304931640625e+00
4.204926967620849609e+00
7.336778163909912109e+00
7.141303539276123047e+00
3.635438680648804155e+00
6.230170726776123047e+00
4.096531391143798828e+00
5.923943519592285156e+00
9.020726203918455255e+00
6.154886722564696377e+00
7.527137279510497159e+00
4.515050411224365234e+00
6.735065937042236328e+00
4.994174957275391513e+00
4.096151351928710938e+00
6.229523181915283203e+00
2.671075105667114258e+00
1.120358276367187678e+01
8.305782318115234375e+00
4.994512557983398438e+00
6.804655551910400391e+00
4.901872634887695312e+00
6.304872989654541016e+00
4.515386581420897549e+00
4.902450084686279297e+00
4.902077198028564453e+00
5.924104690551757812e+00
5.602845668792724609e+00
7.207605361938476562e+00
6.522900104522705078e+00
4.095694541931152344e+00
4.204024791717528409e+00
7.141161918640136719e+00
5.519448280334472656e+00
6.523331165313720703e+00
6.304658889770507812e+00
6.804506301879882812e+00
6.523433208465576172e+00
5.349788188934326172e+00
8.014784812927246094e+00
6.230093479156494141e+00
3.252199411392211914e+00
8.967412948608398438e+00
3.635829448699951172e+00
3.634304046630859375e+00
3.755246639251708984e+00
2.334993124008178711e+00
2.824595212936401367e+00
4.994890213012695312e+00
6.873131275177001953e+00
3.115095853805541548e+00
4.413975715637207031e+00
5.174927234649657315e+00
5.262747287750244141e+00
8.752158164978027344e+00
4.712191104888916016e+00
7.207841873168945312e+00
5.435160160064696377e+00
4.615106105804443359e+00
5.434629917144775391e+00
4.413443565368652344e+00
5.349738121032714844e+00
3.755025386810303178e+00
5.924185752868652344e+00
7.401480197906494141e+00
4.515454769134521484e+00
7.651645183563232422e+00
6.735329151153564453e+00
7.589545249938963067e+00
4.413777351379394531e+00
4.096113204956055576e+00
4.095609188079833984e+00
6.735081195831298828e+00
5.000749230384825550e-01
4.614797592163085938e+00
4.096484184265136719e+00
9.434716224670410156e+00
7.835715293884276456e+00
7.713250160217285156e+00
6.079251766204833984e+00
4.901782035827636719e+00
5.349603652954101562e+00
6.523059368133544922e+00
6.805016517639160156e+00
6.804159641265869141e+00
5.602005958557128906e+00
4.712725639343261719e+00
3.114949941635131836e+00
5.519587516784667969e+00
8.190382957458496094e+00
2.334049701690673384e+00
5.262809276580810547e+00
6.230083465576171875e+00
5.010493397712707520e-01
8.362092971801756036e+00
4.515035152435303623e+00
4.096635341644287109e+00
3.510503053665160689e+00
6.594226360321044922e+00
8.305838584899902344e+00
8.913832664489746094e+00
4.614504814147949219e+00
5.684611320495604581e+00
7.774744510650633877e+00
5.001499056816101074e-01
7.207015514373779297e+00
8.967163085937500000e+00
8.966525077819824219e+00
5.518723011016845703e+00
4.994354248046875000e+00
5.262125492095947266e+00
5.349400997161865234e+00
7.774418830871582031e+00
5.008244514465332031e-01
6.734882354736328125e+00
6.735275268554688388e+00
4.096595287322998047e+00
7.590224266052246094e+00
4.414012908935545987e+00
4.994795322418212891e+00
7.713579654693603516e+00
5.683694839477539062e+00
7.141526699066161221e+00
7.009450435638427734e+00
6.230661392211913174e+00
6.230809211730957031e+00
6.523921966552734375e+00
3.871663808822631836e+00
3.114774465560912642e+00
5.683939933776856357e+00
7.651450157165526456e+00
5.845223426818847656e+00
6.804528713226318359e+00
6.230526924133300781e+00
3.634678602218627930e+00
6.230853557586669922e+00
5.350095272064208984e+00
4.902145862579345703e+00
4.205046653747559482e+00
2.972533941268920898e+00
5.924209594726562500e+00
5.004497170448303223e-01
5.262495994567871094e+00
7.141106605529785156e+00
4.096087932586669922e+00
6.079061508178710938e+00
4.901969909667968750e+00
4.712299346923828125e+00
6.230646610260009766e+00
6.594889163970947266e+00
5.845477581024169922e+00
4.614570617675780362e+00
5.006745457649229847e-01
6.002410888671875000e+00
6.872958660125732422e+00
5.262777328491210049e+00
5.262543678283691406e+00
6.078913211822509766e+00
7.008929729461669922e+00
3.251019716262817383e+00
5.844541072845458096e+00
8.805829048156738281e+00
4.902009010314940518e+00
5.844473361968993252e+00
6.523595809936523438e+00
7.652287960052489346e+00
6.594470500946044922e+00
5.602535247802734375e+00
5.349900245666503906e+00
5.434903144836425781e+00
3.755057811737060991e+00
1.740806579589843528e+00
4.413695335388183594e+00
6.524222850799560547e+00
5.683789253234863281e+00
4.902082920074462891e+00
5.923674106597900391e+00
6.523223876953125000e+00
5.174641132354736328e+00
5.602220535278320312e+00
4.902348041534423828e+00
4.204144954681396484e+00
7.207076549530028409e+00
7.337349414825438565e+00
5.174348831176757812e+00
5.349197864532471591e+00
6.523388385772705078e+00
2.334720849990844727e+00
6.154735088348388672e+00
6.155032634735107422e+00
4.096122264862060547e+00
6.595013141632080078e+00
4.994017601013183594e+00
5.000749230384825550e-01
5.015739798545837402e-01
4.901672840118408203e+00
2.506613969802856445e+00
6.522867679595947266e+00
3.755034923553466353e+00
5.922746181488037109e+00
4.615238666534423828e+00
7.527297019958496094e+00
6.523389339447020596e+00
3.510587930679320845e+00
7.401165008544921875e+00
3.252183437347412109e+00
6.230263710021972656e+00
6.522543907165527344e+00
4.615185737609863281e+00
4.614338397979736328e+00
4.902329921722412109e+00
7.589593887329100674e+00
5.922725200653076172e+00
6.230497360229492188e+00
8.248102188110349786e+00
5.005246400833128773e-01
7.336822986602782315e+00
6.873079776763916016e+00
5.262280464172363281e+00
5.519071102142333984e+00
5.923625469207763672e+00
4.902609825134276456e+00
6.001743793487548828e+00
6.079430103302001953e+00
5.004497170448303223e-01
6.155205726623535156e+00
4.615020275115966797e+00
5.684940338134765625e+00
6.665378570556640625e+00
3.511014938354492188e+00
5.683901786804199219e+00
5.683996677398681641e+00
5.518898487091063565e+00
3.634233474731444868e+00
3.755128145217895952e+00
3.633925676345824751e+00
7.590174198150633877e+00
8.014310836791992188e+00
7.590004444122313565e+00
3.634679555892943892e+00
5.349194049835205078e+00
4.514996528625488281e+00
8.967082977294921875e+00
6.230006217956542969e+00
3.985271692276000977e+00
7.652043342590332919e+00
7.008587837219238281e+00
3.510849952697753462e+00
3.871450185775756836e+00
4.614219665527343750e+00
4.515760421752929688e+00
8.305562973022462714e+00
4.514790534973144531e+00
3.755368471145629439e+00
1.503932118415832297e+00
5.684313297271728516e+00
3.755590200424193448e+00
8.531979560852049005e+00
3.510735511779784712e+00
8.475445747375488281e+00
1.120428943634033203e+01
4.614645957946776456e+00
3.114931344985961470e+00
3.871319055557250532e+00
6.522662162780761719e+00
5.519330978393554688e+00
4.514771938323975498e+00
6.230295181274414062e+00
5.001499056816101074e-01
6.805072307586669922e+00
5.684541702270507812e+00
8.305480957031250000e+00
7.714113712310790127e+00
1.072035884857177557e+01
4.515112400054931641e+00
4.712384700775145596e+00
4.902032852172851562e+00
5.349544525146484375e+00
5.349322795867919922e+00
6.078629970550537109e+00
7.400430679321289951e+00
9.434892654418943536e+00
3.510727167129516602e+00
5.924058437347412109e+00
5.924343109130859375e+00
2.334807872772216797e+00
8.305327415466306817e+00
2.670690298080444336e+00
4.514612197875976562e+00
9.584988594055175781e+00
6.594963550567626065e+00
3.754814624786376953e+00
6.230789184570312500e+00
4.096475601196289062e+00
3.114773988723754883e+00
5.683979034423828125e+00
5.349784374237060547e+00
7.834892749786377841e+00
3.755189180374145508e+00
6.522963047027587891e+00
4.615296840667724609e+00
4.204624176025391513e+00
4.514938354492188388e+00
3.985053062438964844e+00
4.902085781097412109e+00
5.349991798400878906e+00
4.901329040527343750e+00
6.523609638214111328e+00
5.174304962158203125e+00
4.615813255310058594e+00
4.095909118652343750e+00
7.401082515716551846e+00
3.635104179382324219e+00
6.230633735656737393e+00
4.514894962310791016e+00
7.008604049682617188e+00
5.845517635345458096e+00
4.514739990234375000e+00
5.845032691955566406e+00
6.593962192535400391e+00
4.515649318695068359e+00
7.589728832244873935e+00
3.985025405883788618e+00
6.594566822052001953e+00
5.263319015502929688e+00
8.531139373779296875e+00
4.901467800140380859e+00
5.349545478820800781e+00
4.515016555786132812e+00
7.008794784545897549e+00
5.924408435821533203e+00
2.973505735397338867e+00
6.002306461334228516e+00
6.594624519348144531e+00
6.079185485839843750e+00
8.531861305236816406e+00
7.527382850646972656e+00
7.651389122009276456e+00
6.079183101654052734e+00
6.594838142395020419e+00
1.503613591194152832e+00
4.204321861267089844e+00
4.096354961395263672e+00
4.514979362487792969e+00
6.078812122344970703e+00
6.665779113769531250e+00
4.515154838562011719e+00
7.142050266265869141e+00
3.634918928146361417e+00
5.262943267822265625e+00
8.806977272033691406e+00
7.207238197326659268e+00
5.174884319305419922e+00
4.712947845458984375e+00
4.994740962982177734e+00
4.096540927886962002e+00
4.615297317504882812e+00
4.514757156372070312e+00
5.683889865875244141e+00
6.522563934326171875e+00
5.684149265289306641e+00
5.434940814971923828e+00
5.924180984497070312e+00
8.531391143798828125e+00
5.003747344017027698e-01
7.896092891693115234e+00
5.174511432647705078e+00
8.531416893005371094e+00
9.977311134338378906e+00
6.523083209991455078e+00
5.349544048309326172e+00
5.435357093811035156e+00
7.895600795745849609e+00
7.336424350738524502e+00
4.994839191436767578e+00
6.523030281066895419e+00
7.835425853729248047e+00
6.664794921875000000e+00
1.154317378997802734e+01
6.078538894653320312e+00
5.009743571281433105e-01
5.924006462097167969e+00
5.262230873107910156e+00
7.527308940887451172e+00
5.519245147705078125e+00
5.684189796447753906e+00
6.304732799530028409e+00
8.305088996887207031e+00
4.615365505218505859e+00
3.634649991989136186e+00
2.972751855850220171e+00
5.923344612121582031e+00
8.132022857666013849e+00
4.902484893798828125e+00
9.535932540893552911e+00
9.153121113777159534e-01
6.154893875122070312e+00
4.614408969879150391e+00
7.008389949798583984e+00
6.523222446441649502e+00
4.096441268920897549e+00
8.751452445983886719e+00
6.230464935302734375e+00
6.230615615844727451e+00
7.527272701263426846e+00
3.754721164703368697e+00
6.230464458465576172e+00
6.665695667266845703e+00
9.160487651824952282e-01
5.000749230384825550e-01
5.923506259918212891e+00
9.159737825393675648e-01
3.510892152786254883e+00
4.614816188812255859e+00
7.835478782653807706e+00
7.589618682861328125e+00
5.262480258941649502e+00
3.755085468292235884e+00
4.095795154571533203e+00
5.844950199127196377e+00
5.435415744781494141e+00
7.075674057006835938e+00
4.614655494689940518e+00
5.349592208862304688e+00
6.872891902923583984e+00
5.519910812377929688e+00
3.755132675170897549e+00
3.985629081726073775e+00
5.349547386169433594e+00
5.008994340896606445e-01
3.634635686874389648e+00
4.901972293853759766e+00
5.519593238830566406e+00
6.002044200897216797e+00
3.114607334136962891e+00
5.924723625183105469e+00
4.994657039642333984e+00
6.804298877716063565e+00
7.400669097900390625e+00
7.400902271270751953e+00
1.111803436279296875e+01
6.304900646209716797e+00
5.519143104553223544e+00
4.901488780975341797e+00
7.713350296020508701e+00
8.475053787231445312e+00
8.531711578369138849e+00
6.304699897766112393e+00
5.519167900085449219e+00
1.502593755722045898e+00
5.684689521789550781e+00
3.634652376174927202e+00
3.985289812088012695e+00
5.519245147705078125e+00
5.684286117553710938e+00
5.924454212188720703e+00
5.684283256530761719e+00
7.141399860382080078e+00
6.805441379547119141e+00
6.873013973236083984e+00
4.614713668823241299e+00
7.207088947296142578e+00
4.901039123535156250e+00
6.734838008880615234e+00
8.190236091613769531e+00
4.902137756347656250e+00
5.684480190277099609e+00
3.634063482284545454e+00
6.594753265380859375e+00
5.519423961639404297e+00
4.901800155639648438e+00
8.751998901367187500e+00
4.712009429931640625e+00
6.522859096527099609e+00
8.806667327880859375e+00
7.652030944824217862e+00
3.114492177963256836e+00
6.594513893127441406e+00
5.349876880645751953e+00
6.078897953033447266e+00
5.174520492553710938e+00
7.652283191680909091e+00
7.835099220275879794e+00
4.413434505462646484e+00
4.901551246643065518e+00
6.002093315124511719e+00
5.924637317657471591e+00
6.523641586303710938e+00
4.711982250213623047e+00
5.684524059295654297e+00
5.174178600311279297e+00
5.004497170448303223e-01
5.924097537994384766e+00
5.008244514465332031e-01
3.634527206420897549e+00
4.901584625244140625e+00
4.902765274047851562e+00
9.230078697204588067e+00
5.845417499542236328e+00
3.985409021377563032e+00
5.844788551330566406e+00
4.514931201934814453e+00
5.003747344017027698e-01
3.635236978530883789e+00
4.902094841003417969e+00
5.518754005432128906e+00
6.523976325988769531e+00
8.966808319091795099e+00
5.174306869506835938e+00
6.154898166656494141e+00
7.651946544647215909e+00
6.804539203643798828e+00
4.614878654479980469e+00
6.804010391235351562e+00
5.923844337463378018e+00
7.589302062988281250e+00
4.901881217956542969e+00
5.002998113632202148e-01
6.665409564971923828e+00
3.985234975814819336e+00
3.115082740783691406e+00
4.413617610931396484e+00
7.400935649871825284e+00
5.002998113632202148e-01
5.519560337066649502e+00
4.514752864837646484e+00
4.901695728302001953e+00
7.075089931488037109e+00
4.994619369506835938e+00
6.523252487182617188e+00
4.615032672882080078e+00
5.685046195983887607e+00
4.901710033416748047e+00
4.413677692413329190e+00
5.684118747711181641e+00
7.401350975036621094e+00
3.510821104049682617e+00
6.522606372833251953e+00
6.230143547058105469e+00
4.614687442779541016e+00
5.518733024597167969e+00
9.832028388977049005e+00
4.413599967956542969e+00
8.531663894653320312e+00
4.514636039733887607e+00
6.155399322509765625e+00
9.021014213562013495e+00
8.132508277893066406e+00
5.002248287200926624e-01
3.635681152343750000e+00
5.262657165527343750e+00
5.924720287322998047e+00
5.003747344017027698e-01
7.895335674285887784e+00
6.078896999359129971e+00
1.953874349594115989e+00
4.514891147613524502e+00
5.435016155242919922e+00
7.527013301849365234e+00
5.262696266174316406e+00
8.751829147338867188e+00
5.519544601440429688e+00
6.155400276184082031e+00
5.008994340896606445e-01
1.502608299255371094e+00
5.174449443817138672e+00
5.262440681457520419e+00
4.902003288269042081e+00
7.400974273681639737e+00
4.413090705871582031e+00
4.902677059173583984e+00
7.336601257324217862e+00
7.527217388153075284e+00
7.400497913360594815e+00
4.413655757904052734e+00
7.526654720306396484e+00
6.155018329620360440e+00
8.966990470886230469e+00
5.349428176879882812e+00
4.901991844177246094e+00
5.684257030487060547e+00
3.634633064270019975e+00
1.740050077438354492e+00
3.635052680969238281e+00
5.845140457153320312e+00
7.337293148040771484e+00
3.510446786880492720e+00
4.515491962432860440e+00
5.684041023254394531e+00
7.589805603027341974e+00
5.602013587951660156e+00
3.871803998947143999e+00
8.073006629943845880e+00
5.349690437316895419e+00
5.262491226196289062e+00
4.901865482330321377e+00
5.349812984466552734e+00
4.615181446075440341e+00
3.510886907577514204e+00
7.590297222137451172e+00
5.683827877044677734e+00
5.175272941589355469e+00
5.434699058532714844e+00
6.304757118225097656e+00
5.435156822204589844e+00
5.684278011322020596e+00
5.262782573699951172e+00
2.506633043289184570e+00
5.602520942687988281e+00
3.634883642196655273e+00
5.349831104278564453e+00
8.248232841491699219e+00
9.485040664672851562e+00
6.230368137359619141e+00
5.519149303436279297e+00
7.526895999908446377e+00
3.634027719497680664e+00
6.230691432952880859e+00
3.985286712646483931e+00
6.735474109649657315e+00
4.994655609130859375e+00
7.337189197540283203e+00
7.206926822662353516e+00
6.594313621520996094e+00
4.514976024627685547e+00
5.263247966766356534e+00
5.435269355773925781e+00
3.755078315734863281e+00
3.985053062438964844e+00
6.078874111175537109e+00
4.994205474853515625e+00
4.204738616943359375e+00
4.902122974395751953e+00
6.804026603698729581e+00
6.305599212646484375e+00
7.652490615844726562e+00
8.131656646728515625e+00
6.078783512115479404e+00
3.634410858154296875e+00
6.230683326721192294e+00
3.985765457153319868e+00
5.519069671630859375e+00
4.901870727539063388e+00
6.230921745300292969e+00
3.114784002304076704e+00
4.994334697723388672e+00
7.141040802001953125e+00
6.522595405578612393e+00
3.511405467987060547e+00
6.229886054992675781e+00
5.349058628082275391e+00
6.078902721405028409e+00
3.510511159896850586e+00
5.435560703277587891e+00
8.642273902893066406e+00
7.141507625579833984e+00
4.413920879364013672e+00
8.014377593994140625e+00
6.230595111846923828e+00
1.503029108047485130e+00
8.751881599426269531e+00
4.614682197570800781e+00
5.262010574340820312e+00
3.754660367965697798e+00
8.531370162963867188e+00
5.924755573272705078e+00
3.871953010559081587e+00
3.985696792602539062e+00
5.924071788787841797e+00
9.156247377395627662e-01
7.336863040924072266e+00
4.995025634765625000e+00
2.507273435592651811e+00
6.522974967956542969e+00
4.711531162261962002e+00
7.774617671966551846e+00
5.923933506011962002e+00
5.174737930297851562e+00
5.435090065002441406e+00
8.305838584899902344e+00
4.515894412994384766e+00
4.994445323944091797e+00
6.803977966308593750e+00
8.247578620910642755e+00
5.005996227264404297e-01
4.096166133880615234e+00
5.434692382812500000e+00
5.684804916381835938e+00
5.924502849578857422e+00
6.735808372497559482e+00
7.008399486541748047e+00
5.262314319610595703e+00
6.873498916625976562e+00
7.528405189514160156e+00
4.712217330932617188e+00
2.506693124771118164e+00
5.004497170448303223e-01
4.994400024414063388e+00
7.207159042358398438e+00
5.005996227264404297e-01
5.518660068511962002e+00
5.518899917602539062e+00
7.141200065612792969e+00
5.003747344017027698e-01
3.252038717269897017e+00
1.063055992126464844e+01
5.262662410736083984e+00
4.901406288146972656e+00
7.834617614746092862e+00
5.263009548187255859e+00
4.902069091796875000e+00
7.651895523071289951e+00
5.844897747039794034e+00
5.174285411834716797e+00
7.895280838012694424e+00
7.527805328369138849e+00
4.615092277526856357e+00
3.871565580368041548e+00
4.413435935974121094e+00
7.336407184600830078e+00
6.594690799713134766e+00
4.516206264495849609e+00
4.413719654083251953e+00
8.305550575256347656e+00
4.712524890899657315e+00
5.004497170448303223e-01
4.902194023132324219e+00
5.924364566802978516e+00
5.174835205078125000e+00
8.530777931213378906e+00
8.362769126892089844e+00
6.230883598327636719e+00
4.901517868041992188e+00
6.594889640808105469e+00
7.835813045501710761e+00
4.615378379821776456e+00
5.923982620239257812e+00
5.007495284080505371e-01
6.002690315246582031e+00
4.413563251495360440e+00
6.665960788726807529e+00
5.350047588348388672e+00
5.684503555297851562e+00
6.304949283599853516e+00
7.075559139251708984e+00
5.924590110778808594e+00
4.712091445922851562e+00
7.336221694946289951e+00
5.519336223602294922e+00
1.503650546073913574e+00
3.871909141540527344e+00
7.141089439392089844e+00
5.685051441192626065e+00
4.515756607055664062e+00
6.001965045928955078e+00
5.519163131713867188e+00
9.020464897155759942e+00
6.450757026672363281e+00
4.413577556610107422e+00
5.518968582153320312e+00
5.349802494049072266e+00
7.652091503143310547e+00
4.994287490844727451e+00
5.923154354095458096e+00
7.336533069610594815e+00
8.530845642089843750e+00
4.413044929504394531e+00
3.634830474853516069e+00
8.362215995788574219e+00
3.633864164352416992e+00
6.231072902679443359e+00
5.845503330230712891e+00
8.014836311340332031e+00
6.154912471771240234e+00
8.531034469604492188e+00
3.984837055206298384e+00
6.078757762908936435e+00
7.207354068756102627e+00
4.615865707397460938e+00
4.413574218750000000e+00
4.413438320159912109e+00
7.527484893798829013e+00
7.527246952056882989e+00
5.435120582580566406e+00
6.594893932342528409e+00
6.595462799072265625e+00
5.924431800842285156e+00
5.924594402313232422e+00
3.984999656677246538e+00
5.262233734130859375e+00
5.684509754180908203e+00
6.230379581451416016e+00
4.204536914825440341e+00
3.115455627441406250e+00
5.519158840179443359e+00
5.520036697387695312e+00
5.348884105682373047e+00
5.519771575927734375e+00
5.519358158111572266e+00
4.901722908020020419e+00
4.901928901672363281e+00
3.635571241378784180e+00
4.515146255493164062e+00
4.096479892730712891e+00
4.514948844909667969e+00
4.096547603607177734e+00
4.515771865844727451e+00
3.634194612503052202e+00
3.634880542755127397e+00
4.514282226562500000e+00
3.755338668823241743e+00
3.115568637847900391e+00
3.511478185653686523e+00
2.825545310974120650e+00
3.511630535125732422e+00
3.511548995971680132e+00
3.510720968246459961e+00
3.510745048522948775e+00
2.506851196289062500e+00
1.740649580955505149e+00
2.507246017456054243e+00
1.741033673286437988e+00
9.161986708641052246e-01
9.156997203826904297e-01
5.008244514465332031e-01
5.011242628097534180e-01
