5.007089972496031605e-01
1.503368139266967551e+00
2.973875999450683594e+00
4.515422344207763672e+00
5.175548553466796875e+00
4.903744220733642578e+00
4.516084194183349609e+00
4.516127586364745206e+00
5.603417396545409268e+00
2.507483005523681641e+00
6.524581432342528409e+00
6.156146049499511719e+00
6.231634616851807529e+00
6.002815246582031250e+00
6.080436706542968750e+00
6.666600227355957031e+00
3.635269880294799805e+00
6.596850872039794034e+00
3.872090339660644975e+00
3.635854005813599077e+00
3.756250858306884766e+00
1.120645141601562322e+01
5.520317077636719638e+00
6.079710960388183594e+00
7.401778697967529297e+00
2.507787704467772993e+00
4.515700340270996094e+00
3.635514974594116211e+00
4.516472339630126953e+00
7.528750896453857422e+00
3.511152744293212891e+00
7.591129779815673828e+00
8.533487319946289062e+00
7.143390655517577237e+00
7.337939739227295810e+00
1.740902543067931907e+00
4.616127490997313565e+00
5.684883594512939453e+00
8.532992362976074219e+00
5.519603729248046875e+00
4.713782310485839844e+00
5.350370883941649502e+00
4.902747154235839844e+00
6.305875778198241299e+00
3.635238885879516602e+00
7.528664112091063565e+00
3.755337238311768022e+00
3.755720138549804688e+00
4.096469402313232422e+00
7.076992034912108487e+00
6.736864089965820312e+00
4.902829647064208984e+00
7.402029037475586826e+00
3.755910873413085493e+00
4.515604972839355469e+00
5.925541877746582031e+00
2.973344087600708008e+00
4.516880989074707031e+00
6.874266147613524502e+00
1.504459142684936301e+00
4.096720218658447266e+00
4.902387142181396484e+00
4.902881622314453125e+00
7.528444290161132812e+00
8.645181655883789062e+00
4.414137840270996094e+00
3.985960960388184038e+00
5.845741271972656250e+00
6.155862808227539062e+00
6.525052070617675781e+00
4.515571594238280362e+00
3.636111497879027876e+00
3.115832805633544922e+00
2.334758996963500977e+00
2.507883310317992720e+00
