2.506656169891357422e+00
2.972523689270019531e+00
3.114799737930297407e+00
4.514380931854248047e+00
3.633691787719727007e+00
4.095349311828612393e+00
4.900983333587646484e+00
4.514194488525391513e+00
5.517533779144287109e+00
5.260996818542479581e+00
3.114454984664916992e+00
5.003413558006285511e-01
4.202998161315917969e+00
6.228245735168457031e+00
3.633580684661864790e+00
7.524861335754393643e+00
6.592971324920654297e+00
7.650217056274414062e+00
7.649195671081543857e+00
6.592540264129639560e+00
7.832653999328612393e+00
4.514198780059814453e+00
5.682427883148192471e+00
2.971937894821166992e+00
2.506599187850952148e+00
4.613037586212158203e+00
6.521153450012207031e+00
4.095205783843993252e+00
6.228481769561767578e+00
6.228619098663329190e+00
7.524843215942383701e+00
9.158852696418762207e-01
5.922758102416992188e+00
4.094785213470458096e+00
4.613408565521240234e+00
7.587181091308593750e+00
3.870377540588378462e+00
5.433693408966063565e+00
3.510318994522094727e+00
6.870716094970703125e+00
5.518136978149414062e+00
6.228535175323486328e+00
5.003413558006285511e-01
5.517394065856933594e+00
5.922799110412597656e+00
6.592614650726318359e+00
8.910477638244628906e+00
2.506392717361450195e+00
5.682015419006347656e+00
5.843380451202392578e+00
5.682515621185303623e+00
6.521237850189208984e+00
6.592780113220214844e+00
6.803184509277343750e+00
6.732723236083984375e+00
8.187540054321289062e+00
6.521140098571776456e+00
6.521128177642822266e+00
6.076985836029052734e+00
7.649766921997070312e+00
6.592134475708007812e+00
4.412146568298339844e+00
5.004096627235411487e-01
5.517506599426269531e+00
5.004779100418089710e-01
5.007510185241699219e-01
4.900121688842772549e+00
5.003413558006285511e-01
5.600027084350585938e+00
6.152969360351562500e+00
7.524504661560057706e+00
5.006144642829895020e-01
5.002048015594482422e-01
4.412313461303710938e+00
7.398536682128905362e+00
5.517817497253417969e+00
7.335254192352295810e+00
4.094848632812500000e+00
8.302917480468750000e+00
7.587306499481201172e+00
4.412368297576904297e+00
7.073378562927246094e+00
6.520592212677001953e+00
4.613291740417479581e+00
6.802175998687744141e+00
6.592486381530761719e+00
5.004096627235411487e-01
7.334896564483641690e+00
7.073512077331542969e+00
9.017969131469726562e+00
4.514217376708984375e+00
5.261196136474608487e+00
8.748952865600587714e+00
5.517803192138671875e+00
8.528569221496582031e+00
1.954205632209777610e+00
7.334253311157225674e+00
6.663516521453857422e+00
7.892861843109129971e+00
7.524792671203612393e+00
7.524280071258545810e+00
5.001365542411804199e-01
2.825159549713134766e+00
3.633606195449828657e+00
7.335051059722899502e+00
4.514111995697020596e+00
3.510455131530761719e+00
5.348020553588867188e+00
1.954042315483092818e+00
6.228688240051269531e+00
6.733303070068359375e+00
5.922696113586425781e+00
5.261583328247070312e+00
3.509976387023925781e+00
6.076964378356933594e+00
4.203462600708007812e+00
4.095125198364257812e+00
6.076881408691406250e+00
3.633403539657592773e+00
7.334473133087158203e+00
5.172874927520751953e+00
3.754113197326660156e+00
6.076990604400634766e+00
5.433825016021728516e+00
8.639436721801756036e+00
7.139214992523192471e+00
7.586930274963378906e+00
6.733068466186523438e+00
9.154990315437315784e-01
7.587562561035155362e+00
1.503281950950622337e+00
5.006144642829895020e-01
5.261193752288817471e+00
8.303284645080566406e+00
2.506096839904784712e+00
1.062699413299560369e+01
7.649414062500000000e+00
5.003413558006285511e-01
4.412147998809814453e+00
4.412406444549560547e+00
1.098295593261718750e+01
4.711066246032714844e+00
5.682573795318604404e+00
6.521007061004639560e+00
7.833212375640869141e+00
5.261005401611328125e+00
5.517838954925537109e+00
7.073267459869384766e+00
5.922677993774414062e+00
8.584606170654296875e+00
4.992767333984375000e+00
5.518289089202880859e+00
3.509832382202148438e+00
3.633785963058472124e+00
4.412150382995604581e+00
1.035171604156493963e+01
7.587265014648436612e+00
5.260659694671630859e+00
8.528468132019042969e+00
6.228961944580078125e+00
5.006144642829895020e-01
6.871691226959228516e+00
3.633364915847777432e+00
3.634193420410155806e+00
7.398845195770262784e+00
6.000119209289550781e+00
8.584298133850097656e+00
5.261126995086669922e+00
5.517626285552978516e+00
4.513728141784667969e+00
6.520987033843993252e+00
6.448778629302978516e+00
1.195124530792236328e+01
4.095280170440673828e+00
6.662805557250976562e+00
5.682560443878173828e+00
7.398346424102782315e+00
5.173313140869140625e+00
4.095112800598144531e+00
5.173307418823241299e+00
3.984388351440429688e+00
6.803099632263183594e+00
6.000422477722167969e+00
5.922646999359129971e+00
4.412270545959472656e+00
6.592636108398437500e+00
6.802155017852783203e+00
5.682137966156005859e+00
6.593009471893311435e+00
7.524903774261473721e+00
6.228328227996825284e+00
6.077099800109863281e+00
6.521535873413085938e+00
5.683012485504150391e+00
5.517532825469970703e+00
5.433008670806884766e+00
5.000682473182678223e-01
3.634606122970580611e+00
4.514092922210692471e+00
3.509930849075317383e+00
2.507188320159912109e+00
1.740607857704162376e+00
2.506488800048828125e+00
1.503005385398864746e+00
5.008192658424377441e-01
5.008875727653503418e-01
1.503121972084045410e+00
1.502809405326843262e+00
