5.022839307785034180e-01
4.217475891113280362e+00
6.324969291687011719e+00
7.551101684570311612e+00
8.558621406555174005e+00
5.001427531242369495e-01
3.260479688644408736e+00
5.366139411926269531e+00
5.702204704284667969e+00
5.621245384216308594e+00
7.799146652221678799e+00
5.012847185134886585e-01
6.250415325164794034e+00
5.017129182815550648e-01
5.702131748199462891e+00
5.862703800201416016e+00
5.365506172180175781e+00
8.158185958862304688e+00
5.944691658020020419e+00
6.543760776519775391e+00
4.629510402679443359e+00
3.520733356475830078e+00
6.544845581054688388e+00
6.250847339630126953e+00
7.615957260131836826e+00
5.452284336090087891e+00
4.528782367706298828e+00
8.040691375732421875e+00
5.619572162628173828e+00
3.124166488647460938e+00
7.361107349395751953e+00
7.859938144683837002e+00
5.279150962829589844e+00
8.333214759826658380e+00
5.864244937896728516e+00
4.217006683349608487e+00
4.916308879852294922e+00
3.645658254623412642e+00
5.701465129852294922e+00
5.367319107055664062e+00
7.163987636566161221e+00
5.703611373901367188e+00
6.471671104431152344e+00
4.426279544830321377e+00
7.230514526367187500e+00
7.555023670196533203e+00
7.164988517761230469e+00
5.010328769683837891e+00
5.864621162414550781e+00
5.453008651733398438e+00
5.618646621704101562e+00
5.702302455902099609e+00
4.216790199279785156e+00
6.687820434570312500e+00
2.512326955795288086e+00
4.216994762420654297e+00
5.701476573944091797e+00
3.522144556045531782e+00
5.862416744232177734e+00
7.426604747772215909e+00
5.010112762451171875e+00
5.941057682037353516e+00
5.701490402221679688e+00
5.703181266784667969e+00
5.942787647247313565e+00
5.942604064941406250e+00
5.277215003967285156e+00
3.998686075210571289e+00
5.018556714057922363e-01
