1.503801703453063965e+00
5.018870830535887562e-01
5.017822384834289551e-01
1.504031658172607422e+00
3.515055656433105025e+00
3.514382362365722212e+00
3.516103029251098189e+00
4.520851135253905362e+00
1.503868341445922852e+00
5.527621746063232422e+00
5.181551933288574219e+00
6.163256645202636719e+00
5.181170463562011719e+00
5.931333065032958984e+00
5.001862049102783203e+00
6.532213211059569424e+00
7.786266803741454190e+00
7.846909999847411221e+00
5.693530559539794034e+00
7.538067817687987393e+00
3.118156909942626953e+00
4.620990276336669922e+00
5.933715820312500000e+00
6.313665866851807529e+00
4.621883392333984375e+00
3.639253139495849609e+00
4.909390926361083984e+00
3.515089273452758789e+00
6.883060932159423828e+00
9.345753669738767755e+00
7.018388748168944424e+00
5.356495857238769531e+00
6.675372123718261719e+00
9.166756868362425648e-01
5.356962203979492188e+00
5.012580752372740589e-01
4.209692955017089844e+00
1.503781557083129883e+00
4.908674240112304688e+00
5.001607418060303623e+00
6.813943386077880859e+00
3.256100177764892578e+00
7.724514007568358487e+00
5.692285537719727451e+00
3.991652965545654297e+00
6.313619136810303623e+00
3.990534782409667969e+00
7.151618003845214844e+00
3.515290498733520508e+00
4.419133663177489346e+00
7.217433452606201172e+00
4.621405124664306641e+00
4.908884048461913174e+00
6.531973361968993252e+00
8.819845199584960938e+00
3.876738071441649502e+00
6.603862762451171875e+00
7.600435733795166016e+00
4.209285259246825284e+00
6.011023521423339844e+00
7.846453666687010831e+00
4.908084869384765625e+00
5.181633472442626065e+00
3.639081239700316939e+00
4.908845901489257812e+00
4.620398044586181641e+00
6.813540458679199219e+00
5.932106018066406250e+00
4.101614952087401456e+00
5.004193782806396484e-01
3.990457773208617720e+00
3.118883371353149414e+00
5.004193782806396484e-01
4.520635604858398438e+00
4.908287048339843750e+00
4.908886909484863281e+00
5.691975593566895419e+00
7.217188358306882989e+00
6.238892078399657315e+00
6.603857040405273438e+00
9.846541404724119317e+00
6.883316516876220703e+00
5.002096891403198242e-01
6.604514122009276456e+00
2.337190628051757812e+00
5.269871711730957031e+00
7.906793594360350674e+00
6.087453365325927734e+00
1.955622553825378418e+00
5.181465625762939453e+00
6.883212089538574219e+00
4.909659862518311435e+00
5.004193782806396484e-01
4.908349514007568359e+00
3.640552520751952681e+00
3.639816522598266602e+00
5.853348731994628906e+00
6.009981155395507812e+00
5.609689235687255859e+00
3.877081155776977539e+00
4.908483028411865234e+00
3.515228033065795898e+00
7.601477146148681641e+00
5.527445793151856357e+00
5.015725493431091309e-01
3.120438337326049805e+00
5.270047664642333984e+00
2.509277820587158203e+00
5.610399246215820312e+00
3.761006832122802290e+00
4.620455265045166016e+00
3.638382911682128906e+00
5.001605987548828125e+00
4.621028423309326172e+00
5.000976085662841797e+00
5.001048445701599121e-01
5.012580752372740589e-01
4.908885002136230469e+00
5.610058784484863281e+00
3.514510154724120650e+00
6.239646911621093750e+00
7.085513114929199219e+00
6.532710075378417969e+00
3.118465423583984375e+00
5.001156806945800781e+00
6.238531112670897549e+00
5.610064029693604404e+00
3.514702320098876953e+00
9.649193763732910156e+00
4.419878482818604404e+00
4.620927810668944424e+00
5.268967628479003906e+00
3.759453058242797407e+00
8.543878555297851562e+00
3.991103887557983398e+00
5.002122879028320312e+00
4.717662811279296875e+00
5.527163028717041016e+00
7.017920017242431641e+00
5.442113876342772549e+00
5.269392490386962002e+00
3.515543699264526367e+00
7.537776470184326172e+00
4.718623161315917969e+00
5.001247882843017578e+00
7.151338100433349609e+00
5.932249069213867188e+00
6.814674854278564453e+00
4.908809185028076172e+00
5.003145337104797363e-01
6.239453792572020596e+00
5.853009223937988281e+00
5.181235790252685547e+00
7.906717300415038174e+00
8.598340988159179688e+00
4.621500968933105469e+00
3.876616001129150391e+00
7.018245697021484375e+00
1.503750920295715110e+00
5.182004451751708984e+00
6.532840728759765625e+00
8.543049812316894531e+00
6.604463577270507812e+00
7.537750720977782315e+00
5.932300090789794034e+00
5.010483860969543457e-01
5.526490211486816406e+00
1.505106091499328613e+00
3.877096652984619141e+00
5.442021369934082031e+00
6.883255481719970703e+00
5.357319355010985440e+00
5.182061195373535156e+00
5.931140899658203125e+00
8.374359130859375000e+00
5.853856563568115234e+00
6.163549900054931641e+00
5.527380466461181641e+00
5.269326686859129971e+00
4.622582912445068359e+00
5.692151069641112393e+00
7.725436210632323331e+00
5.269560337066649502e+00
7.600296020507811612e+00
4.909492492675780362e+00
5.356719970703125000e+00
6.883396148681640625e+00
2.828629493713378906e+00
4.621558189392089844e+00
4.621830463409423828e+00
3.515406847000122070e+00
5.004193782806396484e-01
3.876923322677611861e+00
4.419214248657226562e+00
7.151125431060791016e+00
6.313567638397216797e+00
6.604377269744873047e+00
6.532729625701904297e+00
6.531414508819580078e+00
2.511117696762084961e+00
4.419036388397216797e+00
5.007338523864746094e-01
1.235049843788146751e+00
8.374963760375976562e+00
4.521558761596679688e+00
5.932730674743652344e+00
5.269879341125488281e+00
5.692528724670409268e+00
1.741721034049987571e+00
2.675075054168700728e+00
5.180846691131591797e+00
6.532468795776367188e+00
5.692091464996337891e+00
7.346842765808105469e+00
7.217183113098143643e+00
3.639207601547240767e+00
3.516027450561523438e+00
6.532024860382080078e+00
5.357025146484375000e+00
6.088062286376953125e+00
7.217461109161377841e+00
7.346995353698729581e+00
4.908687114715576172e+00
6.883880138397216797e+00
5.443162918090820312e+00
6.532379150390625000e+00
5.269112586975097656e+00
4.719393253326416016e+00
4.908784866333007812e+00
3.876220941543579102e+00
3.255320072174071822e+00
3.640844821929932085e+00
3.516634702682495117e+00
2.829600334167480469e+00
3.516123533248901367e+00
3.118794441223144531e+00
1.957005262374877708e+00
1.504916787147521973e+00
9.172867536544799805e-01
