5.023962259292602539e-01
2.515391111373901367e+00
5.005529522895811878e-01
4.536640167236328125e+00
1.506594777107238770e+00
6.629784107208251953e+00
7.566372871398924893e+00
3.525782823562622070e+00
5.461333274841308594e+00
5.376257419586181641e+00
5.011059641838072620e-01
5.007373094558714710e-01
5.012902617454527698e-01
1.237323641777038352e+00
4.115436553955078125e+00
4.005834102630615234e+00
6.557086467742919922e+00
7.244506835937500000e+00
2.684246778488159180e+00
1.237723946571350098e+00
5.033178925514221191e-01
