1.000000000000000222e+00
8.556432761372865237e-01
7.318170777617386547e-01
6.292673114955648073e-01
5.434145870110492771e-01
4.705128653667901006e-01
4.085475896479741631e-01
3.558571042815334984e-01
3.110540862425378861e-01
2.729252478255258518e-01
2.403315265610081741e-01
2.123311764928475509e-01
1.880993420662059323e-01
1.671779954566194881e-01
1.489373989945199928e-01
1.329270217655503517e-01
1.190039544503353058e-01
1.067505296926627573e-01
9.594901112681759880e-02
8.644037404613690023e-02
7.802981812195813882e-02
7.069719130340784696e-02
6.453598229964035982e-02
5.960749845315818640e-02
5.568182866684404791e-02
5.263852701290745728e-02
5.003335332631857896e-02
4.765643904866384561e-02
4.550108184909401610e-02
4.347068317524958175e-02
4.147994165013491052e-02
3.947370850078894822e-02
3.724594513145074171e-02
3.505715398196286581e-02
3.308690403276690756e-02
3.127808469828637777e-02
2.953050102013667771e-02
2.807864557349537896e-02
2.679296286007056688e-02
2.558141336884984726e-02
2.461061101152127450e-02
2.376679367555316683e-02
2.311515925776971500e-02
2.252820555759287025e-02
2.196641752611521239e-02
2.165665030039211000e-02
2.156238739832175635e-02
2.153713256603142709e-02
2.149730271354159672e-02
2.139017688592214153e-02
2.123835377883752026e-02
2.107822383255602075e-02
2.088122274263824393e-02
2.071346180011925803e-02
2.042804574558982483e-02
1.998713935048147816e-02
1.920953826261399128e-02
1.825200466360204013e-02
1.698104508667413678e-02
1.545750553588381808e-02
1.383767608157744460e-02
1.242969542562568676e-02
1.100715117786782611e-02
9.595332937181792060e-03
8.132980518476334506e-03
6.553838587382352157e-03
4.980649352456824330e-03
3.434617108077793728e-03
1.935710327250639989e-03
4.708700949750641322e-04
-8.677888119583497106e-04
-2.236796569448542236e-03
-3.557521385202580457e-03
-4.766721916815286689e-03
-5.944292191180409503e-03
-6.893313580067128750e-03
-7.809343225108168925e-03
-8.673194300020239944e-03
-9.384585561557938146e-03
-9.709452724636529961e-03
-9.551754025148531668e-03
-8.972737919034683152e-03
-8.088460740707032609e-03
-7.159651217927859301e-03
-6.329313836437853481e-03
-5.609622850998204936e-03
-5.144056446672203714e-03
-4.828049619297020839e-03
-4.594057327486490531e-03
-4.570903289081201110e-03
-4.571412661908112046e-03
-4.539929305061465512e-03
-4.319253521328698421e-03
-3.722674343476076175e-03
-2.972413453462852476e-03
-1.935280977824765979e-03
-6.589628269452113335e-04
6.971892185086437646e-04
2.162869126810221167e-03
3.593226203994703653e-03
5.130304376273078261e-03
6.529271996095120136e-03
7.731744398125387288e-03
8.666835876027727259e-03
9.289225659242500779e-03
9.675553263813670493e-03
9.987344878871684192e-03
1.003286551048199367e-02
9.858265722107246998e-03
9.703720841862795501e-03
9.324632531824422407e-03
8.771003440223579251e-03
8.084019044616671049e-03
7.220810978696944049e-03
6.316861095716278657e-03
5.655175164616866278e-03
5.155402690175726367e-03
4.787714692034849770e-03
4.605832756799196903e-03
4.440414831249939707e-03
4.407321722294171157e-03
4.435607182763728028e-03
4.247138072335914297e-03
4.087500012103971458e-03
4.092285435321009468e-03
4.019635478444326393e-03
3.983516759876215216e-03
3.739741024209508082e-03
3.180464176608475274e-03
2.397921566679863097e-03
1.373967738125011443e-03
2.296254559989420680e-04
-9.935784497896854844e-04
-2.192498956968335494e-03
-3.269339037160905008e-03
-4.165024044220990394e-03
-4.806012362085135443e-03
-5.173940454045404709e-03
-5.248271326919725331e-03
-5.108339469152620334e-03
-4.730970555658671126e-03
-4.097664727425398556e-03
-3.188278053895811544e-03
-2.163776018610370257e-03
-1.281537962179751583e-03
-4.700118337751734657e-04
2.314277066969535387e-04
7.574866664329480293e-04
1.054596227475235572e-03
1.185870062294289411e-03
