1.000000000000000222e+00
8.520187062181601156e-01
7.253056801676880383e-01
6.208560236280593614e-01
5.336255842650535763e-01
4.597319490894326011e-01
3.969559874707602742e-01
3.436340953707349710e-01
2.981953458945000857e-01
2.593826788312062481e-01
2.260933666450950230e-01
1.975886602501225331e-01
1.732124320902642678e-01
1.523398637785717546e-01
1.345121201691454604e-01
1.192492607560391299e-01
1.059259165050095014e-01
9.419538657276743665e-02
8.414872371854896504e-02
7.550112989857250823e-02
6.820191434202496628e-02
6.201389566070672488e-02
5.655648866823320686e-02
5.173298820814599408e-02
4.732077196383135953e-02
4.312403944725313326e-02
3.927938809287866151e-02
3.567330865623672548e-02
3.231253017762551749e-02
2.903079844824812267e-02
2.593976207178273763e-02
2.315203928219290372e-02
2.075974842224942440e-02
1.866262295134311217e-02
1.681580493442214747e-02
1.517516132698470445e-02
1.355199376945050160e-02
1.201784058431413366e-02
1.058010222168652946e-02
9.351629914291849019e-03
8.304830261016171375e-03
7.247795507699935497e-03
6.152326056856722951e-03
4.788840390029282246e-03
3.444453735911528862e-03
1.972965151653891837e-03
5.608313627739337478e-04
-5.746416803669641320e-04
-1.531519650826732417e-03
-2.563000752734607892e-03
-3.753573964260747704e-03
-4.966019666729819260e-03
-6.164648149696644840e-03
-7.207148390053960511e-03
-8.079911750884842536e-03
-9.061022063134168206e-03
-1.015942473472860458e-02
-1.128865487784871599e-02
-1.235390985937279834e-02
-1.326343838508136155e-02
-1.401335883398521429e-02
-1.448741131979120605e-02
-1.457908981534307598e-02
-1.442464062556218958e-02
-1.394300864033662032e-02
-1.333119537462633571e-02
-1.251290874538884580e-02
-1.147672032928336548e-02
-1.036954451403573202e-02
-9.129744354926401170e-03
-7.765281997104187157e-03
-6.386469349676737739e-03
-5.016338076542015308e-03
-3.693874203480271030e-03
-2.477247964823768318e-03
-1.559826525948101962e-03
-7.693902103030029896e-04
-1.009831632957150223e-04
4.232446034903194869e-04
9.143912909744963090e-04
8.999966926069661579e-04
6.051283610638325027e-04
7.918455574636648077e-05
-4.584550954443786653e-04
-9.043208769785590151e-04
-1.439008010259283524e-03
-2.019490826071814338e-03
-2.598011072653188050e-03
-3.145624904007289242e-03
-3.675539053347804709e-03
-4.177770179751486186e-03
-4.562594274600187752e-03
-4.869400361127544825e-03
-5.122185223288048227e-03
-5.626311819855924629e-03
-6.305262701497640204e-03
-7.024107126985939913e-03
-7.772911087206119465e-03
-8.442224564237961817e-03
-9.153317414092957197e-03
-9.911924833733020898e-03
-1.089005794619545692e-02
-1.183960493561539255e-02
-1.272429785604091423e-02
-1.335832795000329969e-02
-1.373831518393642953e-02
-1.407434252647094333e-02
-1.428920734973674819e-02
-1.436021480623663957e-02
-1.429094087035598717e-02
-1.419551741637350463e-02
-1.404748311595121167e-02
-1.396210085179547776e-02
-1.400196589622618171e-02
-1.385699509430108299e-02
-1.342026375480178529e-02
-1.280513650240979601e-02
-1.188180092599575542e-02
-1.086513333643046066e-02
-9.659678540564820004e-03
-8.437217727312096294e-03
-7.226005021350483636e-03
-6.123808209075363475e-03
-5.160287122027095406e-03
-4.154152636037842551e-03
-3.360497619606544507e-03
-2.687968360998184685e-03
-2.155845780219776790e-03
-1.824900045321426042e-03
-1.480306554390039978e-03
-1.170450888938460781e-03
-8.299980276495581843e-04
-5.142413261523459331e-04
-2.297423997359770227e-04
1.096609590906110789e-04
3.726806218977864855e-04
6.100238255099658426e-04
8.069723016609830699e-04
1.258624159965007023e-03
1.680695308598829278e-03
2.020385021385595527e-03
2.482932671442498584e-03
3.228805436337031133e-03
4.017901231596746926e-03
4.593839759827694422e-03
5.156835651289201627e-03
5.753077743689522829e-03
6.381396708929598302e-03
6.897603153998966771e-03
7.243494472581187352e-03
