1.000000000000000000e+00
9.428890411381191106e-01
8.394031503230651170e-01
7.266447622997299627e-01
6.313200571562482821e-01
5.645178122226889306e-01
5.230268530399370119e-01
4.989178783430824882e-01
4.848139130684843146e-01
4.760120007221382843e-01
4.700231188622802647e-01
4.656660094109225101e-01
4.624236736535434211e-01
4.601060638667329172e-01
4.585736127401346396e-01
4.576753637424362253e-01
4.572170198332336510e-01
4.570572698863845651e-01
4.570458492141866724e-01
4.570528588192765973e-01
4.570034675352969145e-01
4.568761825593179449e-01
4.567153201453170164e-01
4.565600145477179406e-01
4.564239709599086647e-01
4.562776953268771196e-01
4.561277773870869856e-01
4.560398175846974156e-01
4.560257108629210965e-01
4.560204629565953183e-01
4.558712080243006448e-01
4.554973995415753096e-01
4.549582975157348552e-01
4.543583108417995065e-01
4.538957777967939644e-01
4.536268874877984469e-01
4.535577019038782853e-01
4.535967158178401126e-01
4.536627191253231328e-01
4.537333932021047067e-01
4.538247092659734583e-01
4.539907760230601497e-01
4.542525101761498707e-01
4.545510163926921865e-01
4.547689044265135760e-01
4.547914119358386076e-01
4.546187880526990632e-01
4.542942124211605259e-01
4.539288099422585931e-01
4.536255949168211954e-01
4.534133597274978000e-01
4.533216809442273121e-01
4.533668559430610867e-01
4.535734273205680456e-01
4.539536733025139048e-01
4.544433180620329193e-01
4.549577214259575286e-01
4.554194269280132379e-01
4.557612845822165415e-01
4.560028418611562495e-01
4.561617755009481634e-01
4.562055927226937313e-01
4.561078872806983986e-01
4.559325677062444626e-01
4.557876104719984500e-01
4.557923418931855708e-01
4.559777962473382518e-01
4.562294582520171615e-01
4.564395765743977651e-01
4.565107179838313045e-01
4.564031856720375813e-01
4.561845725209721092e-01
4.560081466569014252e-01
4.559230302389324918e-01
4.558625563462441743e-01
4.557137714366608638e-01
4.554551461537864054e-01
4.550951456055204458e-01
4.547707054722345266e-01
4.545825673536347256e-01
4.545775294252109577e-01
4.546733662844684165e-01
4.547555029652539660e-01
4.547428174161152747e-01
4.546306388570040546e-01
4.544111972120636889e-01
4.540079605888125980e-01
4.534776351103234071e-01
4.529797820885620996e-01
4.526587905583180360e-01
4.526196033311056799e-01
4.528564071971166172e-01
4.532501019101454753e-01
4.536766754083272901e-01
4.539799037220464406e-01
4.541133608895664975e-01
4.541715739490694848e-01
4.542630195086346800e-01
4.544766938894844732e-01
4.547974084763257152e-01
4.550763579086675725e-01
4.551270110959718673e-01
4.548456089758859955e-01
4.542417903933939627e-01
4.534698494362336962e-01
4.527288521018080769e-01
4.522227519143467989e-01
4.519795915799245667e-01
4.518970950216968929e-01
4.518283215298479205e-01
4.516825890509296726e-01
4.515416764217972112e-01
4.515329035343947917e-01
4.516943520407591395e-01
4.519869394045130107e-01
4.523338625426998605e-01
4.526214940530597919e-01
4.529082693227629575e-01
4.533017461458944131e-01
4.539060947616424535e-01
4.546409030037528165e-01
4.552526205116615432e-01
4.555781832293104849e-01
4.556101021654231364e-01
4.555467079815954112e-01
4.555664634091266540e-01
4.557584677815256780e-01
4.561698809021271228e-01
4.566901678303499912e-01
4.571444531315863591e-01
4.574182036056117506e-01
4.574537961051806656e-01
4.573401297611390803e-01
4.572519732443131590e-01
4.573023331127686886e-01
4.574840577885848081e-01
4.577316424862771238e-01
4.579143390957968740e-01
4.579271623855885598e-01
4.577856653495511186e-01
4.575207621088945853e-01
4.573755135290888396e-01
4.574912929092743163e-01
4.578293234059556682e-01
4.582814899638772976e-01
4.587835083986325779e-01
4.592978574331710306e-01
4.597054534537874937e-01
4.598854081030067653e-01
4.597744417337753520e-01
